-0.16457179081059436,-0.03960470884564271,0.39918598578164577,1
-0.21254652188103096,-0.07100005413553223,0.39753033468338517,1
-0.22170746254917173,-0.11170184008808592,0.3870711127356108,1
0.21610412218301267,-0.4608042391736906,0.2523423394509021,1
0.22025735367438237,-0.41096803996387243,0.25907299179914745,1
0.26193144974044813,-0.4028914860342099,0.2664983236671694,1
0.30399037733737266,-0.47840478477236026,0.20982960417204,1
0.030192836053769323,0.15561359491697702,0.4333207594296211,1
-0.0283142052773373,0.14739603182462813,0.43776763253425965,1
-0.05736192526506079,0.09717487802524882,0.42330359571874254,1
0.03646499096171629,0.0778370782083857,0.29763386544802195,1
0.4472513806321412,-0.20077705129925216,0.3012706063458167,1
0.4094574439756794,-0.2065243753077026,0.29793754825498703,1
0.3892179295722564,-0.26188109902953904,0.2928151896440452,1
0.48789904774475223,-0.27203587813742436,0.24809493922036663,1
-0.1438227232561733,-0.13550367005483643,0.3419518997381006,1
-0.12130294447538992,-0.10728098707796896,0.25593377773707404,1
0.045476958637004294,0.07477810655103667,0.37475106858520624,1
0.29599711488654723,-0.464088492168071,0.12971240187668298,1
0.479437748838313,-0.25631722861282036,0.16271819302324556,1
0.38108386607805134,-0.19896459252439858,-0.006600306892731694,1
0.25012796668782644,-0.3609716559287748,-0.04552454527491426,1
0.27077575416002686,-0.16195313861906913,-0.37108684866213193,1
0.18025103783442442,-0.09988855869878788,-0.2720756786263402,1
-0.39877407938797615,0.4617552866322372,-0.3007618178183682,1
-0.4542030804795676,0.40609471508978245,-0.31087905032764196,1
-0.3788764662953672,0.32203595829191833,-0.43773217633564965,1
-0.27935840344756047,0.4284713598985954,-0.41241028110261935,1
-0.39693642534119356,0.3486481611449612,-0.3771678631755335,1
-0.39979532796373674,0.3073143713608193,-0.32609856388842506,1
-0.3258854550504112,0.42905681128778544,-0.36593869485174296,1
-0.3010726850508392,0.4374956315475067,-0.29978462127332584,1
-0.47338533274861017,0.4680039501987904,-0.25364876038474427,1
-0.40959057395690346,0.46351012028234617,-0.17814256495237998,1
-0.47328396333728406,0.39283718198965456,-0.19253280659347338,1
-0.42597688543257783,0.3312900476209748,-0.2386928920457867,1
-0.40766421903078776,0.29139690603628754,-0.23757674371768012,1
-0.32298077942738335,0.4436783307321661,-0.24524400739977192,1
-0.29192661310827117,0.42161979999764904,-0.21517170491286897,1
-0.21041100609645857,0.23614061798020503,-0.2715865947550764,1
0.0401599927433447,0.033154363413341326,-0.2731230376639857,1
0.09101376714028914,-0.24282282029630764,-0.14088382610726113,1
-0.19073876877179077,-0.04218317117707393,-0.04987703208923011,1
0.002654126237922244,-0.08040723118198634,-0.21307472230958135,1
0.11462772157568116,0.05587045719269357,-0.16854092175437252,1
0.026167905210120357,0.20728902278831107,-0.019378591332855022,1
-0.06283531818889515,0.2865388420364483,-0.09275069664164837,1
-0.09350840273100336,0.2750939553413887,-0.02830065344402266,1
-0.26405149257745375,0.0568617832520002,-0.13372786319351326,1
-0.2675621362668421,0.054029103973538106,-0.04449374524368743,1
-0.12014517315367446,0.08802149312949481,-0.22966943379063676,1
-0.025424464587514573,0.1582746205701564,-0.21148071309862826,1
-0.0032790396958146673,0.23623774939664788,-0.11141508952556212,1
-0.19527558305475035,0.010683663021135104,-0.16700777949732304,1
-0.29546207525684043,0.25643512474212615,-0.08471106874822687,1
-0.27188969646445926,0.21049897611458013,0.023507664340648438,1
-0.1967598596069572,0.1635799074936475,0.04903043806459237,1
0.022726150456819694,-0.0034136371121357145,-0.050751054318979305,1
0.11094227492554443,-0.08571094502506682,-0.09182216293388112,1
-0.12909209036604968,-0.043597797196313626,-0.01923898716560818,1
0.006536482524069118,0.08599437353558757,0.03846367979389108,1
0.28100412817038123,-0.024808645321511502,-0.08733913961885342,1
0.004180452231326459,0.1290930983998697,0.14279208205056015,1
-0.14264265918632346,-0.03623716583922132,0.11644726923663473,1
0.25243570609985577,-0.0817810546036788,-0.19262398094429334,1
0.1703209257043805,-0.19407605656998816,-0.1997630020004728,1