-0.27550018251270236,0.04059469935897653,0.48615965996447397,1
0.2061565307430202,0.06850085917582227,0.49375862682701666,1
-0.4364364894432651,0.02098112672678898,-0.12143325876570676,1
0.42841570613959645,0.0153874132693953,-0.15368182007845188,1
-0.11459699057542183,0.07971833576074694,0.17096154344784087,1
0.07954814948340494,0.0857980559481113,0.16735394747062984,1
-0.19884809525847424,0.08663748556387774,-0.08008923612622365,1
0.17313961232182262,0.0868060632588501,-0.07984585568867454,1
-0.042331916403927916,0.11647731095248973,0.03190694168844781,1
-0.009393707146520214,0.15707446310685746,-0.28935251252693783,1
-0.07899844678459633,0.09519478810999238,-0.35367923306170773,1
0.09228699627490267,0.08841619306933834,-0.3449982396215422,1
0.08352143237194731,0.031148879183219513,-0.4374361141387469,1
-0.11008693393580415,0.022672630602294852,-0.4373853759942438,1
-0.141044423419741,-0.005193581619586496,-0.48589180477355665,1
0.1308040161702313,-0.007896362122084,-0.487711525962704,1
-0.016102648506913675,0.08888954724546222,-0.14843675979141407,1
0.08981408591945651,0.06327556999700534,-0.16867055504134154,1
-0.10288372914502394,0.061971104032532476,-0.15439403406754754,1
-0.11408738410163462,-0.08141481946828709,-0.4273979260267345,1
0.09364549988458745,-0.08409957011850999,-0.4310374168300535,1
-0.11727178469141522,-0.09418126914939107,-0.17626936040729735,1
-0.013521146147949373,-0.11638963781326414,-0.15153435098785695,1
0.10035454482739177,-0.09632834947644767,-0.17684194915942875,1
0.1941518732284635,0.0033199271501760386,0.01329792224830717,1
-0.20896846829063387,0.002274086706529399,0.0163318280489273,1
0.018230730122903882,-0.014206705959348032,0.2567314199785265,1
-0.06179848413554678,-0.0032109971726774766,0.29064947905968785,1
-0.1316098193273083,-0.10192492270105014,0.22188463013635396,1
0.09555082409471005,-0.1062506641155645,0.2198729329625615,1
0.18824135664945446,-0.007304004887727644,0.1868050583633155,1
-0.1888019370924251,-0.02354517306205839,0.12837807476943897,1