-0.4905182800844754,-0.09069494222581387,-0.002082611944608903,1
0.10938102096081614,-0.03663771405596461,-0.4263616070963594,1
0.26148296107986546,-0.04080675334255679,-0.42738663451302705,1
0.11560814529913443,-0.04166297756247239,0.42678398008184715,1
0.2594534623708,-0.04023320350747461,0.42712879557164474,1
0.15936589801373802,-0.04674951385842463,-0.05614114208419563,1
0.4204457042077383,-0.03816084959356125,-0.17733487244556745,1
0.4755890767400994,-0.04107399633370301,-0.17769457054224058,1
0.4755622699406503,-0.04277677014443171,0.16819322498377254,1
0.4213408540073251,-0.042018144377109934,0.17538634462884328,1
0.4587692902408682,-0.050791536289765515,-0.04266912008915791,1
0.4889651614627464,-0.06952081055698334,-0.004661963767712218,1
0.49377414784947193,0.09291703265921747,0.0021330512859591977,1
0.34009200401731443,-0.03508390359687663,0.06335831994644492,1
0.46241336655290355,-0.02938226724159243,0.06074638224976159,1
0.1544285224915245,-0.04099067417344204,0.06710028357095044,1
0.40023483853525166,0.08102822501856755,-0.0030839956152893915,1
0.3126701703224928,-0.03516581912119676,-0.04435463653953797,1
0.34100617756519735,0.0022838098153310504,-0.0012082604623628868,1
-0.22004702998877912,-0.01770179157836793,0.045654964574833645,1
-0.20096480420478757,-0.028028343280524975,-0.05629177793341078,1
-0.2972353205259865,0.003606667845620526,0.005426077337503665,1
0.3688155362261957,-0.08443572505418939,0.005837272480536115,1
-0.3109412179739395,-0.09570039826880705,-0.0003696690557748461,1