-0.00008152187101884145,-0.22796695736676814,-0.4881773686253754,1
-0.22591779968275133,0.007740168065348663,-0.5000001632178915,1
0.0074443731591546936,0.23483124317736737,-0.49512521425130185,1
0.2255532459696017,0.0025047140031908555,-0.4979324849837017,1
0.23368087201326038,-0.009980315459069439,-0.22550996285283753,1
-0.010150335399501165,-0.23466459589912825,-0.22142643819645802,1
-0.23339183307791844,0.0058997281693224934,-0.23410839826983199,1
0.005474366713884127,0.24192642898896644,-0.2156909639229636,1
0.004302734064659169,0.30416060496208575,-0.16937630891024547,1
-0.3156439433881397,0.016059188398967028,-0.16667297221682587,1
0.30413578832480526,-0.0034007701815066405,-0.16876860625141513,1
-0.011167956565874215,-0.3132657413813581,-0.16706734348822624,1
-0.015844197881025535,-0.4705413864664192,-0.16598109952734885,1
-0.45989448158584306,0.004426431765192973,-0.1623932649063191,1
-0.014978713607437744,-0.46785526226982777,0.5000003519016807,1
-0.463807359258678,0.008622721326218219,0.49051446446226743,1
0.012431490333022488,0.463759123840668,0.49999025726700785,1
0.016910943424616243,0.4680226044006385,-0.16667320227799606,1
0.46487675476959467,-0.02226234944705696,-0.1600635164197165,1
0.4685156399011734,-0.0188696838140886,0.4896869035721201,1
0.2318970649104964,-0.00429806247657212,0.3239282255038826,1
0.31016393598496433,0.061341402915522925,0.3287767754948727,1
0.3858039368791386,0.07502527127723779,0.38089467301025604,1
0.38354657686364063,0.0730812008271211,-0.03146268404035801,1
0.09956127756768574,0.3745869091490571,-0.03815021816053177,1
0.10033109979265675,0.37939435977035596,0.3765685071124265,1
0.09781989640385036,0.3249045787010758,0.3369373652225578,1
0.09371655960193759,0.308925177141649,-0.000005116551452050144,1
0.31543380552170164,0.06625589051598535,0.0007319607404036033,1
0.2355091149025762,-0.008171342165144813,0.005531967314099079,1
0.022403162546260624,0.2451883502972596,0.33332099773467294,1
0.01774511066433737,0.244437655733881,0.012556337437449328,1