0.30053580691474835,-0.19408381996243218,0.43220110563897496,1
-0.35785553444993745,-0.19784183977578618,0.44133006804699626,1
-0.43908614082405434,0.06670860393876765,-0.19683946514440098,1
-0.00955932001415255,0.03331659128114589,0.15573419397352386,1
0.0038637413408467713,-0.08921701086261258,0.13832520997804323,1
0.30913232582646044,0.18139777903302967,-0.06148732191277495,1
0.390836202877324,0.17775572981521215,-0.08847599837892916,1
0.3897753036768833,0.20206712117257752,-0.13109075325860608,1
0.3901984665585361,0.19843179322195592,-0.2243860219893712,1
0.40867526619579553,0.1873207728685662,-0.16204005050892345,1
0.32024230748839466,0.20033378057571216,-0.22481215264366483,1
0.26344644111282567,0.1885912916238459,-0.17018417878427927,1
0.05067459507496097,-0.07189329286079204,-0.12354727203651711,1
-0.05208487732602207,-0.07710376544087283,-0.12913698377542965,1
0.05525415713695997,-0.12526989230451374,-0.01876673997237209,1
-0.043124534545152304,-0.14542873410394286,-0.043308886094966414,1
-0.048946605579296865,-0.10777129544874497,0.010546318371294161,1
-0.0683940308674632,-0.051851076060626666,-0.053163960334194904,1
0.06430836333165739,-0.07598539175469282,0.006515522825223108,1
0.06298830959974433,-0.026668670572854047,-0.0585981217929632,1
-0.024851497255916177,-0.042810596595012296,-0.5500654534833189,1
0.025852846287619913,-0.03869390028827152,-0.4900827674463118,1
0.00324583120070953,-0.042150457826968225,-0.47431419297899885,1
-0.05724611115385675,0.06497170861948645,-0.23399356065096335,1
0.03721298318702715,0.06656981691104591,-0.23927327210865357,1
-0.0013834587248511276,0.0850553231738912,-0.2748207340714931,1
-0.3972869035151181,0.13060662217061214,-0.20212923901118795,1
-0.3152509931083003,0.14140520039444215,-0.17857274129780665,1
-0.3296982728280642,0.10881828236132307,-0.12363479407179367,1
-0.3896984240850305,0.0896021327785097,-0.146028700026116,1
-0.0009495368376815083,0.10462075874380455,-0.22234725574773595,1
-0.04791487129705585,0.137293112785432,-0.1314513878679182,1
0.0691669291596625,0.13552656721881617,-0.1577748555672278,1
0.10098115595822632,0.07119530683616726,-0.033393654388138794,1
0.10504726858747382,0.02783882289998285,-0.015726257347638606,1
0.11397943337924822,0.06637874781900765,0.008374042940303187,1
0.05469225613445039,0.09088800459920917,0.028968947371169173,1
-0.0476002733506089,0.1288429210575101,-0.07625448692669434,1
-0.013566565224530702,0.08189955840665593,-0.005490766174417461,1
-0.09774969248160692,0.044489721335806254,0.012198939907922756,1
-0.09135026272119306,0.10601836300332684,-0.035659795184706855,1
-0.1246683687779235,-0.09854811935987828,0.08523688499900028,1
0.139476948372463,0.059153349606847705,0.08809932978710744,1
0.07056497882227347,0.07431472575276549,0.1487594815600075,1
-0.09216898014082048,0.06015635067116473,0.16302616190026398,1
-0.14064000453260228,0.005560661395943356,0.10882107039109368,1
-0.11684984066124371,0.02693328025922992,0.06484008873412428,1
0.11236238706746965,-0.07081526434121188,0.10158766488292684,1
0.10867870508710356,-0.08878099833281416,0.14375575164879006,1
0.140317228417824,-0.013317857537651134,0.12511374273970155,1
0.05123148788099821,-0.041964839758539804,-0.3913252989281963,1
0.049036886188687845,-0.11749067946029834,-0.3987036814643099,1
0.03917463535418533,-0.06216962207216581,-0.2581618351354556,1
0.023179577085009645,0.04458595729374748,-0.3104680790768705,1
0.0578517971375192,0.11459508197118462,-0.06881571724272028,1
-0.1302537771223209,0.011653242824126275,-0.030062463720172072,1
-0.19478726749690578,-0.00042341831291353715,-0.10217580539300774,1
-0.2737259489704278,0.04999681773788017,-0.17619520526485655,1
0.21201716342151988,-0.0005257971061569111,-0.11564213016651475,1
0.3073393041344404,0.07248254931354458,-0.14635433248704355,1
0.19999943327612307,0.073898319300298,-0.09491379004369227,1
-0.20580898240058867,0.0870877493603619,-0.12486412148199988,1
0.01712893116494124,0.14380049421093816,-0.15629915762236357,1
-0.30787124224740564,-0.1600967082986764,0.28354416859525133,1
-0.2929320271810577,-0.12493250359761898,0.24512211049636123,1
0.30373762930607134,-0.17370555500448237,0.27335208839887226,1
0.2512248014827487,-0.12084878825327594,0.21458976592041923,1
0.2855316256147391,-0.07030990140636528,0.2612370557542012,1
0.23094407914055814,-0.09751738798119413,0.2947393854863989,1
0.21740942138285124,-0.12374975960725898,0.2539050549205214,1
-0.3072783639225998,-0.0505072208168742,0.2861659155214742,1
-0.2657117949464243,-0.10854141318394372,0.3042216015901009,1
-0.1567193856925848,-0.03949085683492548,0.21678594035240273,1
-0.17456173019380738,-0.046147377306032356,0.17326002185592792,1
0.09444452211208265,-0.08997823631087165,-0.40268618292186175,1
-0.22413944959459187,0.035409592674642276,-0.06985165927677439,1
-0.24011631733411431,0.011572047170794408,0.23817218802120932,1
0.15390410811302435,0.023405006312708587,0.2452576949622809,1
-0.005759264041114815,0.06624998090349325,0.12873370275481394,1
-0.0700596455614493,0.05904290039795944,0.1155654020856729,1
0.08742867751383504,0.08188270356744903,0.08359535788594274,1
-0.018871134887863235,0.06966131006706871,0.07318113548676014,1
0.29155298433121324,-0.13970175016273778,0.3461205707865112,1
-0.002779292248162646,-0.03369799305028742,0.16256267228583232,1
-0.011619248195550768,-0.12499488446620513,0.10108056231640874,1
-0.06944209837533233,-0.045191366007981015,-0.22626178858575674,1
-0.020827043079734153,-0.08811929421716258,-0.1914088812894681,1
-0.0826998314501477,0.007364776998288969,-0.20682782196834615,1
0.086295484086238,0.05041823323234995,-0.15640665993131186,1
-0.08428737658415353,0.03179194380222983,-0.14882754495907013,1
-0.09800817848937604,0.00027963324772561915,-0.11319314008002479,1