-0.04370035595139532,0.4207782726422138,0.011960239244155568,1
-0.15004422562367087,0.3846618549469993,0.029930909860226784,1
0.09036190143637596,0.39698102250312267,0.044038647301306966,1
0.1934415691584684,0.36660035449450534,0.04799986558993252,1
0.2370417576032235,0.3132916149126561,-0.011057928219664559,1
0.10439122634461817,0.4480276183014189,-0.031154653825288064,1
0.05919905200334828,0.46859017985152523,0.02402938219928827,1
0.0886517246306231,0.4316952163206495,0.17409517735457036,1
0.023577457419268373,0.47229670708490823,0.18318987463550737,1
0.015457412528829192,0.4956892990474101,0.14119498600325755,1
-0.04579183952930477,0.4231282412123525,0.18239488771360956,1
-0.041864006091735906,0.42285085055118376,0.10018081998039958,1
-0.06157555581726776,0.4549405804855535,-0.06578586476853443,1
0.004909122929199039,0.4728064115755517,0.041331486813900975,1
-0.15283566440794255,0.40101320298947834,-0.03553153423734581,1
-0.05685998757709504,0.40028554431427976,0.2633166179425117,1
0.09858129191166834,0.4026372867864896,0.26731955455679157,1
0.03698179846052932,0.4468163714113047,0.2425628254497318,1
0.005655725419595359,0.4479696521708909,0.23718371795347087,1
-0.013218628407641611,0.43349235939212593,0.27477823595339656,1
0.03493312962168138,0.4363725649653565,0.28717522613437146,1
0.22081525550263081,0.10621459347217099,0.232795028365555,1
0.23874311168720508,0.16152809897944253,0.14485986025079411,1
0.2822387796051521,0.08116065701038444,0.1331854073957579,1
0.13708165978526432,0.42173423270741494,-0.15947809930268275,1
-0.04702541654661124,0.4420253438110029,-0.16596854903537128,1
-0.22582331603433592,0.26098072280648954,0.027797345587169952,1
-0.22890940704989904,0.20089418469832076,0.1328263350486093,1
-0.1770963422220474,0.14733773276499684,0.2981396792675151,1
0.06681956265329691,0.39255807446924623,0.3822470650692777,1
-0.05672310914271195,0.39345881729844856,0.36506985921242424,1
-0.07419658845651888,0.3593547870727205,0.3191042370337701,1
-0.14563940921498164,0.2857283312759593,0.3433709837193344,1
-0.14467895670996644,0.16201230540932343,0.3676975317493554,1
-0.04813780875242657,0.23031916378702322,0.41937129677946405,1
0.08284918599763435,0.25418052876257935,0.4138897553321119,1
0.14033118457904223,0.2583712824992389,0.3769500314487291,1
0.20530309688836556,0.2996152866565848,0.2211543670723708,1
0.17336909643258957,0.36527701294791753,0.17929438331184122,1
0.19800360814025497,0.11719325664817071,0.28377828718855724,1
0.17232936324963355,0.1748502920506207,0.3480731625654058,1
0.006444484524351424,0.2752613121745342,0.4202251480996755,1
-0.1835900752179695,0.3574410734525163,-0.07718924686501136,1
-0.19879091601125076,0.09632466535430861,0.24559446180654065,1
-0.22938046108662474,0.0753970707052094,0.1797101298408681,1
-0.261606484216353,0.09815564671382776,0.1363921301270835,1
0.24296513045711954,0.024953707134273806,0.16848002247187888,1
0.2553088239908057,-0.05666832767755592,0.11203881745364219,1
0.29482715536052584,-0.03603080479539025,0.05424864553113756,1
0.33046761340907804,0.09143158551712016,-0.02992032495048247,1
0.31503312554189566,0.2232129176205646,-0.1374180283888351,1
0.28914599913444666,0.29052901016204813,-0.19712551738682032,1
-0.08910985452834186,0.42469303073204623,-0.2703424364255569,1
-0.19842443236605967,0.3443093914740982,-0.2470134683000499,1
-0.24384925653673295,0.3098520311302603,-0.18326833350580246,1
-0.3053478921633549,0.20688266615396333,-0.14759893145436975,1
-0.31383698940316823,0.06653591421012184,-0.04231848104149927,1
-0.32502207144908807,0.16698257899472746,-0.05848785190286243,1
-0.334954638425055,0.1453299472086329,-0.023305810076337696,1
-0.29747996147565653,0.03351016898883277,0.08531862351980633,1
-0.2385459843320213,-0.056041907750167486,0.12288549522825986,1
-0.20367626704764222,-0.027898471022842042,0.18941201360117898,1
-0.10811654931700532,-0.4068382830511534,-0.12289885046308302,1
-0.17173604937197673,-0.34243661089804433,0.007736310815836145,1
-0.13465295525805088,-0.3347784272787559,0.1304468356373512,1
-0.011971282509892371,-0.42735096579944637,0.17327055434617544,1
0.08254006191897273,-0.3650983727662848,0.1458445115536544,1
0.14158964188866285,-0.4057038057658934,-0.012637750383503121,1
0.008997270164080112,-0.41725431188545536,-0.17440355660185824,1
0.1201096485805575,-0.386723090371718,-0.13234047314367347,1
-0.014039912414182342,-0.49310010206156124,-0.00977502967807825,1
-0.10017368503041213,-0.4642013751320373,0.03923135614986906,1
-0.0348773592324505,-0.463987037025304,0.11173760736590471,1
0.04038464758782556,-0.48905236728927914,0.05259554266926203,1
0.10327757649814084,-0.4420963117460016,0.050937764933176144,1
0.0999789034044507,-0.4555924713711742,-0.04926429603027893,1
-0.012700532322479335,-0.47789043049028634,-0.06286499197027101,1
-0.07029502670846033,-0.45218767762860484,-0.0966154310706091,1
0.20069215392325157,0.12699470316907646,-0.44095156324024276,1
-0.012211123352777086,0.13607000473592917,-0.4885623184147141,1
-0.14427308954669873,0.13450419560262394,-0.4540673408594065,1
-0.18815560664497421,0.1134034313811012,-0.4245167877958784,1
-0.21361895083661844,-0.19236991329544506,-0.2945692719779429,1
0.022014963912476128,-0.16699782438648061,-0.4211492915881328,1
0.20235490118289323,-0.18143973337525226,-0.3574302297757276,1
0.09721390126517637,-0.36170143561804546,-0.25933751196966703,1
-0.1284499836809316,-0.3459070727154496,-0.2468820988977094,1
0.26442026376224503,0.09518580136470689,-0.36882124201195676,1
0.31847246055981815,0.04415200066141334,-0.23856094157232333,1
0.3283230693635066,0.019731686992115582,-0.1264724277851983,1
0.27230468135452923,0.17984625103217697,0.07020414439312175,1
0.28609399280939884,0.2304976051459544,0.01153238454259009,1
0.2898245223557927,0.26770032888212736,-0.05734480300151468,1
0.25604488384136736,0.34280519229911754,-0.1420318457856906,1
0.2199921742964066,0.3760089510236382,-0.21733641213222388,1
0.15477503202363385,0.41512873650549653,-0.2615975866262552,1
0.10791703203799807,0.43571758515550574,-0.25194011362720037,1
-0.01874346414964201,0.44694868117702446,-0.2672027215952699,1
0.031566621214180746,0.4393697430282011,-0.2627722745774532,1
-0.1687295196274663,0.3883688801864136,-0.17418439878632075,1
-0.16332878053725985,0.3981287424735007,-0.22133909496404946,1
-0.14798005895660116,0.39878067957141505,-0.24162289809507342,1
-0.0418055989334527,0.21318801799391107,-0.4781019391751098,1
-0.10148221293796666,0.21010605045083652,-0.4605450341061683,1
-0.15319280382050104,0.20389566399737197,-0.43262030207691726,1
-0.18788205819907588,0.18222552921237522,-0.41859198096381256,1
-0.302964600676377,0.05010218814949202,-0.04833118832482635,1
-0.2920248001208001,-0.00749271092858661,-0.026597692923384652,1
-0.29872392591192165,0.034104297957383345,-0.21625449615313696,1
0.0007382622684060092,-0.18330194920302967,0.25185674988271805,1
0.1289011037875878,-0.13736105492262585,0.23159246565744695,1
-0.1286625536034971,-0.15460785578321623,0.22429761571797313,1
-0.095957802790406,-0.1235106910902024,0.394391240882897,1
0.05951418988278223,-0.13526971141648603,0.34482929355002256,1
0.17478469060850887,-0.06722485464042016,0.3837548904163153,1
0.17664500304344788,0.18457528722892968,0.47720093540282704,1
0.02191554780725602,0.24324041087711856,0.47698237852684,1
-0.17269158102206783,0.3601829278506897,0.14938238367175571,1
-0.0996610333463046,0.20040783260247963,0.47581406365150336,1
-0.14242502716803962,0.12862439846847895,0.4421555875802863,1
0.19212058574796686,0.38340290082527,-0.09867488834629379,1
0.012009626864471156,0.4252747650447537,0.3191113265569132,1
0.004450362655424034,0.38067864757427405,0.39907671436456865,1
0.11216514924004839,0.3284085133007748,0.3845081565169344,1
0.1648092359232104,0.4086035014258915,-0.0043348542880656815,1
-0.09838373714807724,0.43256796031557753,-0.01556677480289248,1