0.4028630933060948,-0.08047854041815139,-0.30281874124646124,1
0.4039696701041974,0.07981918415435474,-0.30155584157549275,1
-0.4920227799507038,-0.0011422905755126972,0.13439585617775251,1
0.31634602969867276,-0.137470145465882,-0.2613658948708206,1
0.3198648163850204,0.13684377325224206,-0.26657146534932496,1
0.32242714494451485,0.10543197406968962,-0.2256334614151918,1
0.3423924026568983,0.08930722545624192,-0.262382445401403,1
0.3383823910741426,-0.09677422737923136,-0.26951783696769027,1
0.3222676819197101,-0.11470313682270117,-0.2263034631165859,1
-0.39764701229788246,0.00022447053642488113,-0.2339094437230756,1
0.14716078759522777,-0.0960855935752678,0.29833604777915384,1
0.13886940969611627,0.0955496601495125,0.300466024747289,1
-0.3299399312003084,0.10236030565854559,0.30230379448122546,1
-0.3279517219458432,-0.10577339064268365,0.30096609687346404,1
0.09515330899136121,0.08225858662304741,0.26080266720309586,1
-0.38646427103714775,0.09736509817211636,0.26711045465480976,1
-0.3867903559825825,-0.09337312490246807,0.2671121211213987,1
0.09662726821210932,-0.08792555714964556,0.26035236909868664,1
-0.32275066085129805,0.04940378915450083,0.16475368423188105,1
-0.31789025982435737,-0.048155230416311534,0.1607050773223051,1
-0.2788936563533717,-0.04432306032621791,0.1614879004947245,1
-0.4553346025093009,-0.00471239009399449,0.12595444056689942,1
-0.21465587339163233,-0.06451186914674117,0.11476377736164665,1
-0.21659844993513516,0.07180883470285953,0.10877694662402837,1
-0.1733478763680804,0.07171705964087754,0.12504663527944795,1
-0.18727643290439344,-0.05402491546846111,0.1247668067396368,1
-0.12319961637203344,-0.08172246030349273,0.12159682818293182,1
-0.09835174855792006,0.0825826291344201,0.11692532595729954,1
0.04041719215151833,0.04315182076100496,0.10428136248368097,1
0.02729788154210936,-0.05466549238110133,0.0972059114517963,1
0.057802930789266904,-0.10545460378399839,0.030606492840426103,1
0.14116951473595998,-0.09073038615690582,0.04329916951944019,1
0.12738047147166537,0.07340798857653352,0.09449888431951984,1
0.14371426731308334,0.0930236772330495,0.03977971465693714,1
0.04907363048845641,0.10465494843341127,0.025098827986378524,1
0.05408220001955821,0.09283126625694327,0.06792465191588315,1
-0.2690129036278859,0.09331606664640191,0.05726497549094933,1
-0.27269022913280594,-0.0988074631693312,0.04458189710329208,1
-0.3249250869853171,-0.09119383306175255,0.0980386029086282,1
-0.3231581727252608,0.08475897491158113,0.10743262550015176,1
-0.39754935177604156,-0.07287186800111589,0.03615743838491725,1
-0.4069362733141987,0.06900940188298787,0.03165738754448866,1
-0.4162217041956584,-0.007957004291036407,-0.07100205219001254,1
-0.40106483937564935,0.06580005703342717,0.1148074991033328,1
-0.38786862311818915,-0.05931564985749316,0.11621155517869308,1
-0.39072997678380416,-0.08897104466900818,0.09884860880259882,1
-0.2649081326962749,-0.126636942879204,-0.06140752281721461,1
0.18967233138468842,-0.07622097968479036,-0.04810861264293795,1
-0.23248863685154897,-0.10182060151600919,-0.17513038040566364,1
-0.2364266206104224,0.09811885310438328,-0.18564163156879898,1
-0.13841145157372558,0.06603613528098728,-0.18140384284607114,1
-0.28381207980110973,0.12255511338208673,-0.08181476537833215,1
0.178518232621164,0.09716969431860423,-0.04147865658988614,1
0.17193727730121733,0.06829066349536117,-0.12602283895236987,1
0.023085194034609374,0.0023250420517134523,-0.20944018129024122,1
0.3044054793308698,-0.001892305798831373,-0.27843922845610025,1
0.4007514212502335,-0.05480678441565279,-0.2314742292783163,1
0.4011277867329869,0.05699816408180791,-0.22445334109010462,1
0.49289454323260884,-0.01879586387390031,-0.16886680296745293,1
0.4879986669225731,0.02064780694414492,-0.1608850043737453,1
0.48064129989368975,-0.00101201784032795,-0.12751943458863035,1
0.3441775372185809,0.003916579789979335,-0.10904189120494756,1
0.20191301638187964,0.004926348928747437,0.0846915363005194,1
0.1360203548948018,0.0005603241748100007,0.1113622675374466,1
0.4276765109284036,-0.025440274636412407,-0.2010299092106308,1
0.4247372324183854,0.028380361487905237,-0.20241417088083846,1
0.42208013988931903,0.036194905764410645,-0.1356851638936436,1
0.3550125487231297,-0.052631277887151384,-0.1396831146396399,1
0.35520007861802605,0.05508128802347634,-0.14127492458506463,1
-0.25375641097964063,0.1308086210655528,-0.003352642937127115,1
-0.4446612778526517,0.0034769880916289963,-0.07902684791573255,1
-0.1582854515271288,-0.007459191594581971,-0.20876108606809718,1
0.2337479846241841,-0.017413601018551716,0.009470793463055793,1
0.2843216126913317,-0.017211581885767657,-0.06266771519991376,1
0.24757517244437704,0.023671716437206003,-0.01624923043030657,1
0.29908038623987343,0.022420110621952815,-0.08380671756755264,1
0.19426900287789017,0.041254728822636366,0.07972488832121988,1
0.18987323508858816,-0.04142113913531348,0.08639568530162611,1
0.15760281442172497,-0.07157118051226518,-0.13771713190473056,1
-0.4199708301126203,0.028510005256156212,-0.11309293620158511,1
-0.4220253418167867,-0.028143295344410957,-0.12036108912380977,1
-0.03920891666276245,-0.0659229508512532,0.10687720536170389,1
-0.026508400821041777,0.06595750389764143,0.10249433899336135,1
-0.2688123147346111,0.043950932520316316,0.1625291493001149,1
-0.41040583036870526,0.05308497630929451,-0.03620173730517796,1
-0.4122873455732181,-0.04846758981746602,-0.048880008208723846,1
0.0778731378027265,0.06853980898568862,0.1328978193613536,1
0.07726246750842924,-0.06546545012605498,0.12330320147121987,1
0.11635601327403155,-0.0649690057189598,0.11179400054822774,1
-0.35121736973312933,-0.07471927168847304,0.13912408337458437,1
-0.3555496880346749,0.0711117147212359,0.13827330531512727,1
-0.11358800757024044,-0.0646861219724606,-0.17333199613572533,1
0.3695647656411225,0.0009762929244899743,-0.2716998130871928,1
0.3264718678165592,0.004926075303009703,-0.29133605810874746,1
0.3477612227082517,0.07570265006792287,-0.30197902510037716,1
0.34603421072827744,-0.0779687108242636,-0.30240649841635725,1
0.39729587086686846,0.00249382772558443,-0.11924613591721772,1
0.41402383585337166,-0.04301095153354417,-0.15122654121983992,1