0.47454055105765214,-0.22776347106588268,-0.08487040009367197,1
0.3217526014200458,-0.13572192458357968,0.4363037510787351,1
-0.0526932379809788,0.013389194044160946,0.4820377068315466,1
-0.3370816402368364,0.32046266251108957,0.12785881616442385,1
-0.2728033180599,-0.1542501231114734,-0.410760315192467,1
0.18780594846464815,-0.13280283383040903,-0.49269398006989007,1
0.14706632737909997,0.1189831807353896,-0.38598443994629644,1
-0.45370415965402255,-0.05210848143915525,0.03395437239769167,1
0.017901606683942806,-0.07448529302446438,-0.1781772515372726,1
0.06345869973755769,-0.1364015352437722,-0.14760170465945732,1
0.0896091049672052,-0.1967030420218292,-0.07967853580366369,1
0.06448965406159712,-0.1877381929600359,0.01520329107978613,1
0.014748241434165144,-0.15691030657907223,0.05941168093860805,1
-0.042330384662603526,-0.05219659364359863,0.06880985863744882,1
-0.07561516510827326,-0.09811128556693083,-0.028546577795440786,1
-0.04868180423783475,-0.16084070835891306,-0.09276825002866063,1
-0.1629598849552063,-0.03768081174972249,0.3607056562280393,1
-0.1384808105646056,0.07195432767153087,0.16670413797337136,1
0.1923895713784357,-0.26168697505787364,0.07211135455203266,1
0.33542541246999225,-0.27261617577083674,0.0423218597463455,1
0.2206764923120561,-0.1575948000813605,-0.360806365003684,1
0.15513309691253863,-0.21733489504774295,-0.15535857857801338,1
0.11287392895831216,-0.06173694205913627,-0.2418203008051506,1
0.1286455987624141,0.022829081145895325,-0.32354038751826886,1
-0.2927696831300515,0.06745118008413598,0.07780230608571381,1
-0.2055825743538875,-0.0008987687755164231,-0.025713440795714027,1
0.03651225870636132,-0.2511489838637999,0.2380808420910654,1
0.14717451274771598,-0.26459065878799715,0.39486944641416644,1
-0.05315239664920357,-0.023575565207631488,-0.3137739708837701,1
-0.18518611197981372,-0.10464220968933047,-0.38925778353318385,1
0.05263401295984971,-0.02372366414015327,0.10223010408391932,1
0.07168829500149626,-0.019177717308656805,-0.1551264681334611,1
0.1134638004478985,0.007593038304101074,-0.04391458575630003,1
0.03891014979435681,0.03315850604711479,-0.04667295154742368,1
-0.014663943978550045,-0.12793048218412828,-0.1347634231698616,1
0.0956243376610002,-0.11123252374578196,0.05314996497371621,1