0.17720502812472283,0.06069063654757656,0.4994024800197545,1
-0.21090926352607475,0.05423571445902908,0.48531021984357814,1
-0.19522869550652855,-0.2508238437268009,0.40698704904082916,1
0.1756033538757822,-0.21430329589114372,0.4268867708726187,1
-0.19008356113709224,0.0953585430440147,0.1660743215556595,1
0.1835238411627348,0.10130265518762682,0.15633537870080394,1
-0.1675424832551189,-0.12689220323192524,-0.027736375751239273,1
-0.10447911187866499,-0.11919176051707395,-0.02587309464411057,1
-0.06232579510111718,-0.13233150582166908,-0.029296226471846515,1
-0.019344537446562636,-0.12293217119406694,-0.04068041591487728,1
0.011748802166400063,-0.11386435100885148,-0.025243834628334044,1
0.050308999998412554,-0.15414519649369382,-0.008047606485370142,1
0.10855260268576791,-0.11951069922242419,-0.014639928593537133,1
0.16184030308392822,-0.10924510146564394,-0.018560790991966766,1
0.11866730609139672,-0.04932842336511338,-0.2948968162824805,1
0.1648873794563454,-0.04446257949215568,-0.29888245036968514,1
0.03190827606928247,-0.04635503768574131,-0.30174988024381555,1
0.06033140781192716,-0.053530912884993974,-0.3010152865234034,1
-0.009696910871716091,-0.0541837657291586,-0.3018390075707613,1
-0.048387043098303405,-0.05797297745177154,-0.3028666268317204,1
-0.1067893769233508,-0.07315793987560353,-0.2991984391200853,1
-0.1502881178923845,-0.06495778569540417,-0.31255156218843677,1
-0.21819732393683733,0.20141038051971824,0.09037405280790384,1
-0.14947432366992297,0.25225520382738087,0.10447911528421708,1
0.12109270979566428,0.261685923447222,0.10590862327473693,1
0.2175345151587231,0.20020136240861097,0.09546208492638994,1
-0.22833416611963647,-0.050879747134239026,-0.4475270696131511,1
-0.15456835092297222,-0.0417186658373401,-0.4919536398384719,1
0.1626176002042767,-0.026745357848133616,-0.47571022678078445,1
0.2198761042028495,-0.018232599081932005,-0.42505178504577523,1
0.2125861391526579,-0.032236188303816055,-0.31937732698368876,1
-0.20341567409431505,-0.058580210351820663,-0.32675135675239847,1
0.22392527670376816,-0.17240156452942296,0.011660982903683836,1
-0.21052488283763393,-0.18634578187074946,-0.0036166889923479606,1
-0.162475600315784,-0.16272828957822297,0.07812376002927668,1
0.19716603664123156,-0.12570575406344808,0.09732089370783792,1