0.5105621450140281,-0.11581662076334814,0.2372870556777973,1
0.4575032855338348,-0.2944281350511367,0.20453809446581061,1
-0.36173235540042803,0.3417405338714483,-0.4315463962255724,1
-0.3264691981740405,0.36912152990376,-0.41599392893767894,1
-0.14869822698756696,0.17481808956692246,-0.44974251967298695,1
-0.2604763478927157,0.09485401622468181,-0.46013144965495645,1
-0.27803164059115737,0.2611254917072383,-0.4722610709489313,1
-0.35072307795299107,0.11791260658660896,0.25692766815440393,1
-0.3246464239030755,-0.06801675695335218,0.23654419277877636,1
-0.16857231441801923,-0.1956914334181503,0.23059923237576008,1
0.09807102267499008,-0.23455033836569555,0.2358684708835111,1
0.28691947668220674,-0.261929445487042,0.21249150303553144,1
0.37973979058158147,-0.2863031500892612,0.19858216222148428,1
0.49842081904327606,-0.24300694920598298,0.233342047857251,1
-0.19163641424551292,0.20953918502767266,0.27774642861965004,1
-0.02295604487109637,0.18358957640259588,0.29063891051987595,1
0.13801781181115702,0.09380110427264476,0.29131219575255307,1
0.41759058069976995,-0.05481666315860778,0.23236903967139444,1
0.24790773954658896,-0.019268205897838175,0.2757240660541882,1
-0.2906891726328533,0.11081988890014127,-0.37633967046569916,1
-0.18132477502347433,0.18273292947660577,-0.3465269122177985,1
-0.2454411983014495,0.27999993783295423,-0.39610990643634647,1
-0.3180772248368452,0.22867206756463088,-0.41149869310159537,1
-0.2282930844628789,0.2068998790716642,-0.052532494131082935,1
-0.17410402396618085,0.08372806694044102,-0.09026599348797685,1
-0.23990575819154627,0.0032054117620858302,-0.10295483166128322,1
-0.24442381664139168,0.22084387741406575,-0.489351138951843,1
-0.12943195063988377,0.10284511360159887,-0.4506725364472529,1
-0.18631823764997682,0.042463862823313214,-0.4598373857438895,1
-0.18384081026428545,0.004373268018097898,-0.381369907655146,1
-0.12750557057633693,0.027793742544115804,-0.3622825117177264,1
-0.17209272517148005,0.11694196882746985,-0.3058556240791435,1
-0.2596233293901955,0.08258964954623266,-0.3197814937889854,1
-0.395218668391057,0.16217171099112243,-0.10298988319867978,1
-0.3311967000654873,0.01969678622168569,-0.10823743628685238,1
-0.45077249063413704,0.18949116243020347,0.07010876264789356,1
-0.04354899283264829,0.15995589319030493,-0.06588455227739964,1
-0.0698378254861004,-0.060154745329641046,-0.1086959229025366,1
-0.13161464195786782,-0.1628168410863473,-0.049829688867644495,1
-0.1255280602500718,0.24448502307700615,0.0070835423027477695,1
0.06582456988632063,0.1960843896599086,0.03511373503022305,1
0.21979339408755083,0.11238956805181854,0.10871823104017233,1
0.3754326743004749,0.006745102610428377,0.16753949148229652,1
0.30174669626780004,0.05886973179435695,0.11386538146231068,1
0.46223282165535706,-0.08431880083392196,0.14072703992964675,1
0.4521678501283295,-0.21275245201377357,0.12263737140656094,1
0.38661705618624564,-0.26128478595902393,0.11571777012498341,1
0.27514600037720216,-0.2607263518146894,0.08109304872542022,1
0.15091495279206635,-0.24897761253174577,0.03700115254099301,1
-0.017708930306702175,-0.21354870061440012,-0.010482632584490891,1
0.4723774823816669,-0.1563449547151139,0.12449792815007043,1
0.26451917549084153,0.007996093722895753,-0.0022953370878591172,1
0.3465762268875274,-0.025752748231686717,0.054214172528565196,1
0.23882655398073693,-0.13763649006694678,-0.02416006576846441,1
0.3163499522267925,-0.1672214979627169,0.02369558217708967,1
0.04368158882614351,0.011018315740689011,-0.08886638337132911,1
-0.29311079474421564,-0.04371933125293204,-0.05681200999639002,1
-0.25972566804000096,0.28811310902032305,-0.4386972581433737,1
0.1246100328845745,-0.2634800783643835,0.09760895888820087,1
-0.27229695134165343,0.25942091128791444,0.03597432198454298,1
-0.4050340957216343,-0.019554093762106816,0.018900534727126564,1
-0.19275055223006376,-0.19073945062204572,0.051272542192420834,1
-0.06050430582018529,-0.25216177391587124,0.14676040495753623,1
-0.18213060531301817,0.0048450501617667285,-0.2157744991287731,1
0.21468462244605868,-0.14407593036240307,0.27205410862268975,1
-0.20687229173003807,0.1260877882673097,-0.5076561553380965,1