0.07188532994835015,0.2645664037549924,0.4893553762440034,1
-0.10983249838762232,0.3374097438906697,0.47077352005945916,1
-0.2711481370928901,0.29028618798558825,0.38309077372578326,1
-0.4111117888549967,0.18867580854404853,0.18042284551326548,1
0.41819996950119875,-0.05948928632611894,0.2364559584401681,1
0.07930318944908599,0.1640870660831567,0.3158182527201574,1
-0.04157824412846556,0.18304326796606019,0.26738381309096226,1
-0.16085946260615125,0.16101854079294345,0.2161293757568632,1
-0.2532477668341149,0.08771219508768041,0.08806726872938819,1
-0.15539436899011766,0.03369172161520895,-0.004248942959720947,1
-0.09586189500239033,0.07607874987939256,0.05917085639988556,1
-0.019144020432849962,0.09745193024599307,0.09564068675629167,1
0.07060643717674059,0.08180909497717392,0.13648943258570015,1
0.32964734646871563,-0.07559619870398071,0.1473708600567154,1
0.28920532724530734,-0.10665327889272413,0.024771764141468866,1
-0.017291368894547576,-0.05802167431088279,-0.3163251965060887,1
0.1301529967782236,-0.04260232228665273,-0.21093841217076204,1
0.12440894856076101,-0.19986921810987096,-0.12185015849211345,1
-0.0351976846391564,-0.19242965581861515,-0.17610694709307362,1
0.11688427119614264,-0.04960423832230143,0.15328079557400032,1
-0.1621261374267693,-0.05903554281462786,0.0733820669836327,1
-0.026183905542972674,-0.04021170386607675,0.13017038460403657,1
0.15407351115036716,-0.10383366149481132,0.11128605789264628,1
0.06527034248805451,-0.12038869022441817,0.03681568191573923,1
0.0027643857489452195,-0.14889780934150232,-0.06159389016628808,1