0.4856692959125894,0.14100184834579993,-0.14517077473143594,1
0.07426173201808649,0.05333249630799214,-0.15928161301172325,1
0.4747277888418252,0.1427024492860144,0.1289857345980986,1
0.1514992604214453,0.08738084018487437,0.1276903415171715,1
0.008834935791353082,-0.019180400594950964,0.15295538755539423,1
-0.013801054130761603,0.06432714170001907,0.15161707025162507,1
-0.07403437708074567,-0.13497743832273534,0.13118322915567474,1
-0.1447982856186374,0.11875756054591546,0.12708819562680176,1
-0.4994348161839235,-0.02804288468223337,0.0043255613900594625,1
-0.25696189616192006,-0.0329023603874302,-0.120370997398211,1
-0.053586632124380196,0.0034786935086068907,-0.1321518370446615,1
0.2837391958181109,0.1191164482861607,-0.060089650722911725,1
-0.10912280171573385,0.020255248391088165,0.1249812385926241,1
-0.0884803827645636,-0.03192175611914838,0.1269592673978801,1
-0.12564106219636284,-0.05268481815293735,0.12263911737720559,1
-0.15288190196521223,0.029323353242730055,0.12368824186679231,1
0.26383192757129326,0.11586875409292241,0.043461905107752274,1
0.45543759770744624,0.14170127581676673,-0.0025634208213732856,1
-0.3155875692606678,-0.033077891847109187,0.10731464227489429,1