0.018255905604458778,0.4867342628805422,-0.4078640069070264,1
0.07946753539528839,0.4971187177886973,-0.16240661973646153,1
0.08592957130072382,0.3158004245767156,-0.10809151536971892,1
0.10038718367132449,0.1911956433818659,-0.02712655683100057,1
-0.1562261297183265,0.34366082082768123,-0.22778575552820834,1
-0.19267894929847262,0.23759815667994388,-0.22150760173093254,1
-0.190726478226522,0.12045620523566569,-0.12898254134313714,1
-0.011642463701497796,0.3167350819733401,-0.38131363645428307,1
-0.029362820721640648,0.1607951206295466,-0.28795470142358237,1
0.056072303645281776,0.14978879079027685,-0.28663835175979574,1
0.1190943844527953,0.11494030869755201,-0.24115130169979115,1
0.19729696685471915,0.1124346356303394,-0.19212587719657614,1
0.10655683901156099,0.35368178497331104,-0.3217949309745751,1
0.17089651345986945,0.3091755657031394,-0.29101028348275726,1
0.1716970227510452,0.2722771208565584,-0.1208227472585679,1
0.06345163396397613,-0.15297848802704683,-0.025091769798308627,1
-0.07066280596581864,-0.08919335144033425,-0.03939164141554033,1
-0.11324639726525842,0.012619244226803383,-0.0031521638663996043,1
0.08985689809752662,-0.018996162195727195,0.058894628694802664,1
-0.041238815287408526,-0.0028838169881662545,0.05901983453164786,1
0.16282411190297263,0.14041489354923675,-0.10133787711993586,1
0.04371826368544962,0.20316375525474883,-0.183150468696331,1
-0.06373316684141805,0.15474449335164786,-0.08313874688541834,1
0.024281209119571046,0.09632000147355424,-0.024209361217633008,1