0.06806669122104911,0.1685397434166846,0.4544390444583081,1
0.041338286930075796,-0.03444718839688221,0.49707667549489765,1
-0.14629176119246665,0.030281741271107387,0.4845843986976473,1
-0.11550031405772221,0.17216006055336214,0.45957688590256446,1
0.10290648784100576,0.04956923480017528,0.48202803502281766,1
-0.08925932531913877,-0.033999653838544266,0.4950495395859539,1
-0.024547007659840858,0.2120687004281303,0.45193020996312594,1
-0.11076705994468561,-0.027475567611094043,-0.2708814918409067,1
0.01745082486822816,-0.07565412286841808,-0.49559636944814656,1
-0.2185867989872965,-0.01390640789547723,-0.24393269287418962,1
-0.2175330518173213,0.06907791566299704,0.08278071802703302,1
-0.2170245167054805,-0.025200045114218916,0.10815113246607311,1
-0.07361806149277994,-0.19817897009961394,0.13406453041001765,1
0.014767441037296658,-0.19370321079833647,0.14076861472296565,1
0.20368128706333288,-0.04314527763097953,0.1480522025410269,1
0.20770735300917753,0.057847969186545,0.12965873025240882,1
0.09591425452539423,0.22947748232067422,0.09488928937204213,1
-0.02447782412658217,0.2476802266719269,0.08801017266838151,1
0.0008730179466049925,0.24432275728544384,-0.007155586677342285,1
0.09982216053315351,-0.08139382392511751,-0.225363788401042,1
0.03939947842473002,-0.11980000592907114,-0.2045113367976299,1
-0.05429196904280381,-0.09837845039567816,-0.2084111197052978,1
-0.08710800882600234,-0.07822589413019787,-0.1976685857429814,1
-0.09904956182148109,0.014576295245742263,-0.24314715860621655,1
-0.03897873831856469,0.05643035111923389,-0.23537389728359592,1
0.06079691072194082,0.04585748980100757,-0.24645841612808211,1
0.12542045288386777,-0.0009935844597810384,-0.23915240767095386,1
0.2125848484404911,-0.07208285671808237,-0.17851833729145136,1
-0.033254325157523634,-0.21542330029243065,-0.180249632601292,1
-0.2044924206939667,0.0027228733013077155,-0.19286716965708575,1
0.036227209492546375,0.17060781470524233,-0.21053184523814839,1
0.04943598252409542,0.1990136123250399,-0.2512586427954768,1
-0.012752036922785856,-0.26411294268168195,-0.17085487426344592,1
0.09098063680655244,-0.05616980668623839,-0.3709086656239222,1
-0.12612422815079993,-0.04648421119428958,-0.38948299845711576,1
-0.08844567049922603,-0.052273659695474484,-0.39404624763632157,1
0.1311470872086753,-0.06258995655798971,-0.3670790567249465,1
0.15820432980716725,-0.1686732525850202,0.037300291892041704,1
-0.1698615157391716,-0.15511604278337165,0.008313673817174294,1
-0.1563624693427613,0.15919536530903272,-0.05527805015782383,1
-0.134740643955078,0.17431860920660203,0.02185647026403975,1
-0.15058910615631638,-0.10579021825077883,0.06329982594173766,1
0.12797713409724829,-0.14217078143241066,0.09556429918165321,1
0.15273650934480876,0.13059799571725872,0.06276030495520502,1
0.14666641542854175,-0.17357480067055286,0.07331018849361026,1
0.19374090834614754,0.1456305991891969,0.0017414796730768067,1
0.18495400172300158,0.13486190332661963,-0.032792387448467686,1
-0.17008786567713763,0.20358386230884795,-0.008498968762265885,1
-0.1769824908880906,-0.15376386869646663,0.03603311595812109,1
0.16729794941504877,0.17562879914682972,0.18658965611419515,1
0.09301217989009558,0.16002662406678025,0.3737518463760573,1
0.05971859390977996,0.004285765548517562,-0.09420796949786019,1