-0.48990607788277485,-0.016531120090781393,0.01885496605533854,1
0.042941122440525364,0.2870768192204507,0.46971423308716426,1
0.04008819646418926,-0.2798878757696681,-0.45760483945143027,1
0.4682191221182112,-0.12346839677628652,-0.03336175888318972,1
0.47382367083476895,-0.023491330799216614,0.1309237237230908,1
-0.240537600613693,0.12455215596038416,0.20803623933239976,1
-0.2495633535892366,-0.11672019931654357,-0.18866194815631862,1
-0.2335560019087474,0.007776152737374642,0.0754249485209138,1
-0.22225267209804034,-0.06112590603740342,-0.04032937656929181,1
0.024532064745760973,-0.06283314437755369,-0.03676407556976603,1
0.025984608193379832,0.011493582907506461,0.0737601720445269,1
-0.21541065936836912,0.020111743054033293,-0.007885473227314532,1
-0.3292394663614715,0.05375833182495948,-0.023619034997181543,1
-0.30368550036617903,-0.07803892362676979,0.04432108243751509,1
-0.02609512124285185,0.13392186381549087,0.1960691459894559,1
-0.02305159655522132,-0.11570978486338357,-0.21369016702411725,1