-0.18349193151001375,0.07729408376774598,-0.3040431207310955,1
-0.10493424293892062,0.04065811726604629,-0.4992680853540019,1
-0.006482550703380996,0.13319374734973843,-0.4782363431433987,1
0.0682700060409589,0.1798825293822306,-0.4286071115196348,1
0.183727320588976,0.15908089957340543,-0.3236328740187182,1
0.12544366227008685,0.01954035018667266,-0.21849747845694523,1
0.06146506298482213,-0.023758901729454607,-0.26996799613166355,1
-0.04129342677247694,-0.05520295725343072,-0.2882632648683563,1
-0.0984950442732638,0.01537455692574631,-0.09788695013245388,1
-0.15486458733331254,-0.04367719154177041,-0.07404360654718855,1
0.003774207424778797,0.029860394480357044,-0.4525235405955823,1
0.09025836080138333,0.07789049159998829,-0.39987743761502114,1
0.20300480453690084,0.07123101076493843,-0.2820933287777625,1
0.19531732499616297,0.0012206446451739072,-0.21826581917200904,1
0.11646249612215004,-0.031705087068197996,-0.3166183312631027,1
0.02755305810726301,-0.08782943843104524,-0.3520231937204106,1
-0.08185214710093605,-0.11930102326420921,-0.34470854939215156,1
-0.09879006932957926,-0.027499492922070545,-0.45702528870059966,1
-0.09973090226299266,-0.17658998410322812,-0.12167496236237773,1
0.037059048370185824,-0.15495272810947425,-0.1125829907703571,1
0.11229209181145644,-0.10806261225184865,-0.06983422286835594,1
0.17157750105929437,-0.06847751736237191,-0.020054391797062892,1
-0.04007725847380339,-0.1439615302838274,-0.17398113740172433,1
0.1405681652604731,-0.06289961248560827,-0.1250373573836019,1
0.06137550014625298,-0.10385205061586267,-0.16041888651289382,1
-0.026178068967166873,-0.18148262162663103,-0.03270403376215203,1
0.014829986348205981,-0.1649437516977178,0.05061481192528139,1
0.0865412196173393,-0.12632535465395822,0.006788799210315499,1
0.041246254783037894,-0.15341059154973735,0.13817464902137688,1
-0.00030794657869526176,-0.16694440475209826,0.26307081747746696,1
0.08151536529469716,-0.1345615917750882,0.19744826068624976,1
-0.1485683351757413,-0.06345545729827595,0.16221279946964362,1
-0.11792397326446657,0.09187690476776228,-0.05398438457325927,1
0.15236243269353467,0.043307836642205944,-0.14727832005251368,1
0.1753519860256174,0.07406805151355666,-0.19674869492375918,1
0.09303747479283864,0.044777727077193186,-0.2770915064949053,1
0.09876006176898411,0.11132769996903602,-0.3413552961909714,1
0.0033437526331974564,0.06849249325278261,-0.39147944436470183,1
0.008750974161376372,-0.007682309323521874,-0.31380427760477936,1
-0.1091390536124619,-0.008920613931882037,-0.3806179392053455,1
0.00336454925059565,-0.035020938929457124,-0.23549403886877612,1
-0.09538164805150778,-0.056370479865330336,-0.22603859612231833,1
-0.09791786248090206,-0.029424871911456485,-0.33814052776760994,1
-0.11036287434257441,-0.05290271068294228,-0.13958547026400758,1
-0.006672321759387534,-0.03194562327667588,-0.08483608559559008,1
0.004610547509066754,0.0386346727728073,0.12146063920227412,1
0.05842823830841981,0.03862080559637482,0.19645228587341101,1
0.12007151256162171,0.03309243695855102,-0.06283734636930627,1
0.08201829713890932,0.021397957890090413,-0.15957741110457701,1
-0.21260939105337626,0.05093266634207305,-0.03409914251955426,1
-0.18323929838565694,0.037676571927852676,-0.246175724101789,1
-0.16734901589838136,0.11042760023595988,-0.2390760080941916,1
0.00447298462061696,0.0061131576795894205,0.02029849323658777,1
0.08162993002551166,0.02382882536690545,-0.010957006201199548,1
0.11597752976339501,0.0036134115244244313,0.23575188992335017,1
0.14145413591043213,-0.045281578350741425,0.19403095606607912,1
0.13320452470350386,-0.11675981314866313,0.3330841649478024,1
-0.046580152666252594,-0.17421806984982613,0.46817003687078307,1
-0.0684327723750795,0.033657215454218736,0.2219558203841454,1
-0.11904130360863918,0.0022433204068381673,0.23371594062318013,1
-0.0831261224233405,0.006829851375737661,0.4885203239696789,1
0.08797481890424707,0.03142017512402995,0.4972979288179417,1
0.15397050881008245,-0.07428591243103089,0.4964647094524712,1
0.1013104886124152,-0.1605112041041623,0.4269686843326106,1
0.19113747967239547,0.01870251828082939,-0.06169988634344764,1
0.13851159833490567,0.046183487117284906,0.08300937648448903,1
-0.12508818599291116,0.08987770070108558,0.09044491851722677,1
-0.18516321614283582,0.010667496610832216,0.10562457738979391,1
-0.20366252344201863,0.05350686129865201,-0.18801979088013065,1
-0.1405965665384168,-0.0913081879535389,-0.32362323930482706,1