0.016410460962886474,0.02587302002113734,-0.4488580300721142,1
-0.011569652898171696,0.025694082002022445,-0.4514736261129451,1
0.0008435311836621842,0.036144916892998105,-0.40545494953573813,1
0.0014682656925188303,0.0439098963265428,-0.4295168626809173,1
0.04370959308712141,-0.022985070619258252,-0.427726137715398,1
-0.0329438660605017,-0.03120933370169343,-0.42139770071449884,1
0.022861426164503262,-0.08106836014978613,-0.4509281994585188,1
0.015534226226189274,-0.06435244204238666,-0.3885096463553048,1
0.00037093041389368864,-0.01820794906173262,-0.5074997639076892,1
0.0007076341000953335,0.03173474062849824,-0.38781362428518995,1
0.006086763422304742,0.004514890631238444,-0.3718631419113968,1
0.03784209845998188,-0.023020473488653104,-0.40338534317838726,1
-0.01864931783217494,-0.03265618159253819,-0.38707900110711785,1
-0.07755386517648244,-0.05247143489775308,0.49075579783392165,1
0.09986988099969274,-0.06685496262756452,0.489277200453639,1
0.13512120090181728,0.0794502899361616,0.4809480092050803,1
-0.08570571657464487,0.08734337719748897,0.4812591495434635,1
-0.10009813213419316,-0.033465196481828996,0.4393964079113808,1
-0.050862098542685086,-0.01311798989655627,0.21318435303484756,1
0.08125075608842397,-0.00042345215427919136,0.207422744611218,1
0.13310631860198585,-0.03140729698241773,0.43788084296584956,1
0.11306102831323123,-0.015022463107787348,-0.03079262963329331,1
-0.08322493277617368,-0.033381334980274624,-0.026498105827672952,1
-0.24798553658757236,-0.017691865438193732,0.03169195458996525,1
0.28759207932050557,0.0026693982228849222,0.020088499069793153,1
-0.04377421176170082,0.039605283722129125,-0.22987648029674276,1
0.06329502641143187,0.0542195911574688,-0.23125648686793998,1
0.05554842755916274,-0.034150063428685484,-0.3550179969816766,1
0.11728531256593663,-0.03308146912742155,-0.3279741379343771,1
0.14581329341463145,-0.031177685558795576,-0.2921834934443909,1
0.19994771020509924,-0.024581234239394026,-0.17539565669093657,1
-0.019809609586428606,-0.04298714418459065,-0.35822570815765364,1
-0.06723248583842918,-0.04386587927707386,-0.3306311171412889,1
-0.09872183415940562,-0.03928702603199019,-0.30143350567045013,1
-0.1671700424272773,-0.033126016369788625,-0.16391731073964938,1
-0.061094025073852976,-0.00923313828475969,-0.1381839100805126,1
0.09113187450432819,-0.016215545813436316,-0.13686057124005602,1
0.04250066413527964,0.005898410954598088,-0.32425074323438263,1
-0.022691175669670383,-0.0006742617876944745,-0.32026015470863767,1
0.01037859485620729,0.04717196613362262,-0.21453791112654896,1
-0.039162750979138794,0.012750025633284423,-0.1986735893631688,1
0.06620319935565508,0.031244851941258533,-0.20223234928194167,1
0.01857347896381606,-0.07467320943975464,-0.3153293084579236,1
0.05459596995981125,-0.08007958006697846,-0.2619356018134892,1
-0.026891216825263464,-0.07983481052616836,-0.24897398554651426,1
0.012127469768535293,-0.060698864311526934,-0.1433164832206419,1
0.01627385452556937,-0.07266765245828477,-0.018491781151391273,1
0.015273478409865798,-0.011707869732733927,-0.003943072984938333,1
0.079851892140827,-0.05803786185245591,0.004913445232539004,1
-0.043166366217695984,-0.07807410015594701,0.006292668076458452,1
0.09981608016053145,-0.020271453550106733,-0.2450685978579824,1
-0.06295490530397352,-0.029255141516453254,-0.2426165940623619,1
0.010906786001435798,0.04859301595059451,-0.1293826967229218,1
0.04808469482070865,-0.017282184129025657,-0.4812980131225733,1
-0.037504978245945786,-0.03246178778760722,-0.4835980158214426,1
-0.24567103828936832,0.0011086082010711706,0.04007770815669698,1
0.28614895531317175,0.023682168182436403,0.027010261809801595,1
0.0893880477993918,0.017661052692433232,-0.26616269640844925,1
-0.04706565302959853,0.014275618646882815,-0.2792498107873915,1