-0.4843357948892333,0.04216811557607558,-0.35142197362087835,1
0.038052071436775914,0.01849645402619904,-0.391583263505921,1
-0.2213069630323734,0.04303514687836554,0.052384537572265744,1
-0.23490606421751847,0.058224447096103304,0.25794584552419897,1
-0.21712520025089388,0.06311381719025455,0.3646294577120144,1
-0.05970394057554085,-0.15555926705147471,-0.24552891902935914,1
0.312064090986349,-0.048714604669418904,0.1615397341457494,1
0.45034505607334774,-0.06782679405269465,-0.06907623508882543,1
0.29814802850262767,-0.060638772059554924,0.2502538491867763,1
0.4982832184008157,-0.0587550900125442,-0.03150471947331257,1
0.24672382546166194,-0.0337348194674737,-0.2144071344043162,1
0.24955554167394078,-0.02153844520143089,-0.15446023658792418,1
-0.3401346465738063,0.06510109038490264,0.1406455336344914,1
-0.37132275631467526,0.06286159655385459,-0.026896145742335564,1
-0.31986693273325834,0.03684856806118274,-0.11679795616218402,1