0.24572550726316722,0.049184745869119695,-0.3482488547551559,1
0.23557570276320483,-0.12734500316655506,0.11658223581667704,1
0.4175115596337534,0.024661212388588538,-0.34072358695406635,1
-0.09174084249440506,-0.18462784311504388,0.3654079974859351,1
0.07585374946166556,0.05873564009624799,0.4574472228648844,1
0.028782419979493268,0.40390567816230316,-0.26933055587071353,1
0.09912749592993864,-0.06597433280360931,-0.4648547308814517,1
-0.3539008434731765,-0.09170092136068586,-0.4565506268296686,1
-0.41419666919220155,0.26850103737731396,-0.31123734166302164,1
-0.2632718483261871,0.39770925853619077,-0.2622255249661549,1
0.17270665832197118,0.24828135306896226,-0.3437561582042281,1
0.1715545040690314,0.06030987210512495,-0.4135538449536291,1
-0.1237245107801277,-0.16249352170748077,-0.4958292663944315,1
-0.44349455737359356,0.08333608126542968,-0.3801329143705785,1
-0.38117358378416155,-0.18777429565156667,0.39455817793207826,1
-0.3586581668548807,-0.051244607851935964,0.43885003974516146,1
-0.26530373149873077,-0.3952857573509134,0.286370844845646,1
0.00016343588104428264,-0.4122546663729585,0.2933118502753187,1
0.1558261005936361,-0.2606282105051041,0.3486743654426401,1
0.15842620891855086,-0.09160501929965381,0.41992283179317,1
-0.0874163615784127,0.08683848415115669,0.49564139427078935,1
-0.2559233949954134,0.030820651374844132,0.4839529918720924,1