0.28230319027964023,0.04594215610819408,0.49531584203942547,1
0.3325958485342333,0.02385215110619754,0.4963754843213044,1
0.36147650098357986,-0.02322235930552541,0.49071212799807195,1
-0.18144182430643618,0.026118857497456016,0.4906590764324892,1
-0.24098484005511,0.010933262670315358,0.4981364631002849,1
-0.26565588426503883,-0.04364211032776355,0.49820181357708415,1
-0.09772780643507839,-0.19883866510258086,0.4889221615104449,1
0.1603206521258853,-0.1530507112798527,0.49240453760024905,1
0.21201092067260196,-0.038500084728639194,0.4951032628971115,1
0.3085106463116709,-0.09147400285221319,0.4918522468699156,1
0.22758999973767935,-0.15397839422933207,0.48898568548431753,1
-0.23147572250351245,-0.1071420620257233,0.4921101205193538,1
-0.1290714523769767,-0.038395597366308265,0.47485513706847193,1
0.2667450257876858,0.01392679694079968,0.20784617598180594,1
-0.22012436901863808,-0.004939053800370075,0.23102919917487452,1
-0.38578828443052693,0.2815122932443317,-0.3546120614792283,1
-0.3564502413815891,0.2821093252372213,-0.3896236028925486,1
-0.32560152259198016,0.2083015628136854,-0.44615798518375715,1
-0.3266351056687409,0.2607922122576629,-0.4355538499001703,1
0.38114663145758953,0.3506767651245011,-0.2504182031037505,1
0.3479269083408132,0.37381402673784536,-0.3061408272217978,1
0.33709594094175854,0.34860370101471483,-0.3498789339820578,1
0.3274756980140521,0.29063354392868756,-0.4040512541142709,1
0.02126347044309071,-0.04423434990850429,0.10455716475014157,1
0.02917942599515777,-0.3761665623094923,0.21803297203217603,1
0.011242633283232645,-0.2018550813451802,0.055890695923297096,1
0.03692177225370019,-0.1901610885050099,0.10398134079732474,1
-0.028067595093477004,-0.1720840783178299,0.09265117076856655,1
-0.1410061717316135,0.1772988367479842,-0.491150597706028,1
0.1451292973297646,0.19495076181975945,-0.48686590362534976,1
-0.06479000311477501,0.171417493362361,-0.37651196006501547,1
0.06022172432758044,0.1750601567413752,-0.38511832834877524,1
-0.0798401463723475,0.13082468011255655,-0.36356048090104065,1
-0.048724833578085325,0.09455712593469478,-0.4114189657966776,1
0.04945144326952189,0.08649554844070617,-0.41649069548017525,1
0.07978560674608559,0.14527545477488468,-0.3795855718545238,1
0.048488961084928395,0.21694314732875264,-0.3307250591419497,1
-0.05140880451532914,0.20886240670369216,-0.3264701813380708,1
0.3424948646688204,0.26538402255271265,-0.3364950225966714,1
0.35311372246682726,0.2758570053398657,-0.30319140116404996,1
0.3633176048870883,0.2864787880374742,-0.26999740198285415,1
0.27749719730570366,0.1537758683008903,-0.28125469859158913,1
0.28271776147471783,0.15111509513310572,-0.23161621713008662,1
0.31828361814256034,0.1951313982607381,-0.21961280275157602,1
0.38970372098283623,0.09694410076967941,-0.23287029632151523,1
0.4159457472358443,0.15151963135932744,-0.25285697611688906,1
0.3892558839413214,0.14580696336350485,-0.33237093973775433,1
0.386158294174781,0.0962744712528214,-0.30674241381611033,1
-0.2834465737006464,0.0033247942450191914,-0.16813067434363038,1
-0.2919169418477843,-0.029499713398694283,-0.24091580742433027,1
-0.2815419584454686,0.09021240293925991,-0.19237469461858403,1
-0.2565392489413403,0.08076387078971098,-0.22274185073186436,1
-0.33820172021093997,0.18020769244893286,-0.2791663805952625,1
-0.3143457219001242,0.13272193905909402,-0.3502448345581556,1
-0.2576153501140981,0.08314642090819291,-0.28632806072484484,1
-0.0036084051140867212,0.08284804011179025,-0.16008168806888576,1
-0.11418160295043467,0.06355999774779297,-0.23351449195302398,1
0.13908425354768172,0.07726272236991161,-0.22584027661655326,1
0.10009142941568183,0.02046773821082226,-0.08002826744590807,1
-0.0851303402326383,0.014959746713512745,-0.07223773489662799,1
-0.14195671031966483,-0.0017098481480608551,-0.1338116573008039,1
0.16816735219773804,0.03060771211211133,-0.16444735769274121,1
0.23834063484093082,-0.06668946326319336,-0.22550164785122995,1
0.20701507361895494,-0.032840205995024796,-0.28876055852785986,1
0.1824079939025094,0.025644999243760402,-0.2990004590092814,1
-0.1826093037994494,-0.10221023899938575,-0.1975125107585144,1
-0.1785033647344898,-0.10562593074602011,-0.2768399544591884,1
-0.17249231739496151,-0.04689010702390206,-0.31452798628562806,1
0.0029587151522036947,-0.2542207215120347,-0.18726283818027967,1
0.11748218240149799,-0.2030776373259915,-0.1333844409559798,1
0.17695361166218004,-0.0632594829541614,-0.1448257617217214,1
-0.0694695770864373,-0.21469667367863332,-0.1279432988505662,1
-0.14210781070940437,-0.119679247197569,-0.119145845562457,1
0.12591888491844,-0.044781504493289326,-0.058126140784900526,1
-0.11172338061292672,-0.04887440719118541,-0.06853118761234755,1
0.03415801060699588,0.05790005284527541,-0.09283515945224377,1
-0.033880480954965084,0.06717505121796241,-0.09553716356101827,1
0.054823180767685775,0.03224114720169699,-0.03199848283418513,1
0.04303700306654602,0.021055544149242766,0.03581973498396235,1
0.04164649600902952,0.006856199030483512,0.06823394683206762,1
-0.060094159315836136,0.005487758533876175,-0.013094291122659473,1
-0.08032654729136917,-0.0036890996285192656,0.08611441069165826,1
-0.12916787772091978,-0.025237382940864084,0.02755227242613434,1
-0.016741092884809655,-0.0011526102364786683,0.07396519528792267,1
-0.030402162338733593,0.015271890720942905,0.026816966499973962,1
0.13522581267647726,-0.018345071725795414,0.021040834557440324,1
0.11944113059354244,-0.0034293925389918822,0.06254972240032896,1
0.09079559492397904,-0.009080814125861591,0.0898566784454965,1
0.016628868694061882,-0.0771052097429834,0.10005954030472053,1
-0.04541638915965962,-0.07526881220971893,0.13279796509956795,1
-0.08930535585977095,-0.16005884089605204,0.10862805719203597,1
0.002921290201682969,-0.21228727560953792,-0.05742361524492445,1
-0.03677474509735018,-0.2156028460246067,-0.08785698709983011,1
0.04110947409838839,-0.2203288879392119,-0.09470358558439207,1
-0.15978628942616402,-0.12364665084120974,0.04957451910523292,1
0.19041933317282467,-0.11337123729688292,0.03088488378811416,1
0.2035595662298937,-0.10801332946119602,0.2293742955526879,1
-0.16234709601861508,-0.13211501673706394,0.24298239996609883,1
0.24631828926290206,-0.1420678444114838,0.2887595236564564,1
0.13888273462705752,-0.04118894186321723,-0.36320043089023773,1
-0.12191997635345974,-0.04470776379943153,-0.36696821527525314,1
-0.09916914953266695,0.03490014604404457,-0.36211844161777745,1
-0.015480388610572326,0.04645010491960139,-0.44634832852036765,1
0.08438125910656846,0.03918311593125967,-0.41745929411316096,1
0.14878709526603484,0.020284417303123803,-0.3493369213320783,1
-0.15031543200666342,-0.0007465471383350797,-0.3248235611861029,1
-0.00028096342407579744,0.32001792439463994,-0.2520286585961613,1
-0.04133536524451653,0.28489186731763505,-0.25546546380123414,1
0.03579961983048463,0.28192441750985075,-0.26100072135939844,1
0.06028406689704091,0.19850260807561548,-0.2746207095920491,1
0.0916531084456742,0.1530669424515021,-0.31527114891883945,1
-0.07363912401649131,0.16618201561868406,-0.28710528291330783,1
-0.08660475710429116,0.11200353307991984,-0.308896090088345,1
-0.11882252949107891,0.08034315738890446,-0.29072726036472163,1
0.09268866730231379,0.10103939571127462,-0.2940864620570625,1
0.12554379510802271,0.09128501766401298,-0.27553942114901653,1
-0.01964945644412442,0.23305812569156645,-0.22286297608755595,1
0.00038658229181687265,0.2135185725021569,-0.20155696114268887,1
0.04479806542749645,0.23933707352845457,-0.24254753800654216,1
0.044209676938032794,0.19823379163770405,-0.23605310087801134,1
0.07126478123627255,0.16543695049495977,-0.27667881204851863,1
-0.03732657503049852,0.18527868822093296,-0.2297065927866888,1
-0.05418951130952454,0.1752602823340954,-0.26584431328497526,1
-0.054013153076598486,0.08130839941124074,-0.21800835542915864,1
-0.1798867518944025,0.021527346829235072,-0.16575454299009418,1
-0.3712671191448542,0.06380965812401296,-0.33777157126161405,1
-0.4131127461658668,0.10853339786336702,-0.2829102558318439,1
-0.3435883232459953,0.012292402414948416,-0.27416164527550535,1
-0.37833383992927644,0.055369352760856194,-0.22433003878160007,1
0.32156990363389415,0.014225141056934287,-0.2368489317906951,1
0.28859948522144374,0.07579899532395662,-0.18154630012617745,1
0.20186863241905917,0.06575420218061026,-0.19566933626253585,1
-0.21324736558186977,-0.028129253634209677,-0.28597421809918727,1
-0.1921694281781524,0.022460935861219777,-0.27091767271515127,1
0.26904219307053,0.05716708357122258,-0.2967747519766819,1
0.33831298041327784,0.18691659466303534,-0.3487245281345521,1
0.28727198950433985,0.10840716533311845,-0.316495870683125,1
0.39415457227815276,0.2059325378012592,-0.2446208493680646,1
0.36947956630598266,0.23385529922461246,-0.24782691104275672,1
-0.37983931593560083,0.17532651751249828,-0.27992624958023793,1
-0.3287153549098889,0.07563327581635426,-0.18845386435992184,1
-0.21095585615184298,-0.07579261980304341,0.21431456260496295,1
-0.099696116355389,-0.0826264032621239,0.27085226169369053,1
-0.13513355938460836,-0.19812985308677033,0.40031596543250636,1
0.1827772948588372,-0.016572188287877765,0.24419772384687555,1
0.21474620884399398,-0.015993113341746134,0.32024031381476625,1
0.13950122475677684,-0.08328421034448152,0.3190188877014205,1
0.2686911845509168,-0.05946939744510571,0.2064492360682718,1
0.15680321465702485,-0.1607738087111139,0.054892807908716756,1
0.2503206980865989,-0.052288807160252304,0.09371013811136763,1
-0.2096870255994851,-0.035469461756330534,0.09576268379602543,1
0.06090976145091552,0.08163183893437675,-0.21269966610446106,1
0.09485430492657486,0.09212044598763655,-0.135975702216584,1
-0.09129563771490778,0.08365487896231394,-0.14199042804585882,1
-0.3549892398438348,0.14832297095775493,-0.2253641011878189,1
0.3543779687565496,0.1507411167369381,-0.19810354525943158,1
0.22433758395327352,-0.03528511526806,-0.16831418033740641,1
-0.09041990820148345,-0.215364520353902,-0.3315668976090347,1
0.09272852861360142,-0.21662880254390115,-0.3328608059013405,1
-0.08389014997947511,-0.13285506710163403,-0.4109385491234276,1
0.08206943376703418,-0.14260075652846438,-0.41571340023892006,1
-0.025344350650568222,-0.2579136042107539,-0.25966152992546165,1
0.009861944509918174,0.17102244928094906,-0.3876693948133605,1
0.0032578259845905677,0.2098159987892782,-0.33314238950246366,1
-0.003983746558038348,0.25587897732527953,-0.28901964208757147,1
0.007708039389110688,0.10464072105338085,-0.42442373054279436,1
0.04854387591926557,0.14772264818338554,-0.4399834087969573,1
-0.03875972080351292,0.143597776975251,-0.4039506592332921,1
0.0056559196547392165,-0.05604348567896622,-0.45543274236857967,1
-0.017616845084269916,-0.21777673276453568,-0.3824152293680861,1
-0.11578502209913247,-0.21337620821946157,-0.2086766663210488,1
0.13035234996693956,-0.21943390167706853,-0.24160382002690994,1
0.2731524923398698,-0.07877490342126236,0.32616103686608255,1
-0.20954574200412335,-0.11041134361040328,0.35825122270072307,1
-0.2200831538573942,-0.07731661193706696,0.273948218739701,1
-0.14454126242421958,0.015009962056827364,0.17217335473765927,1
0.1570113438816958,0.00015265006708164996,0.18039330477071047,1