-0.20205213227352148,0.05470477730839729,0.49259783329563245,1
0.22090553250878167,0.06973543069363242,0.4981287751744785,1
-0.2008779241986669,-0.32834709210004087,0.3231513112594051,1
0.22016622421199528,-0.31850574868007975,0.31276843179170477,1
0.22774797810623232,-0.14883387234264306,-0.06205988673658758,1
-0.18045683467893175,-0.17684680529244545,-0.046707894384546034,1
-0.17902649337447213,0.26547000920682773,0.0788628762859318,1
0.22509241690830312,0.28039567237325347,0.10437313736610987,1
-0.27820796008969056,0.28147808364198,0.045132355591076645,1
0.2646001293265932,0.29783188514351544,0.0392215912593985,1
0.20671724184334345,-0.11469682972289252,-0.10558043562953308,1
-0.20575881367355012,-0.11542591812447624,-0.10998488064105752,1
-0.21070107820184153,-0.03871301822730891,-0.29864228608814797,1
0.2114410223002114,-0.03825651024471849,-0.31300748390961075,1
0.2662520986085354,0.00043168861931658364,-0.4589247810154093,1
0.25561619503059685,-0.014867847979065985,-0.3391237967943434,1
-0.25417975053257674,-0.019970486069834176,-0.3339052242676692,1
-0.25357885826576493,-0.0019364686447213564,-0.4623201990160454,1
-0.21560760645371868,-0.24311039574180482,-0.11062122620954107,1
0.21139876163215443,-0.2454895873643994,-0.11637592446718914,1
0.19160401762175638,-0.09724040369925158,-0.29926200635824507,1
-0.18812543318564884,-0.10146385966068677,-0.29922889470000996,1
0.013952076785778145,-0.18346984265317362,-0.0815627869580895,1
0.009890818725401096,-0.153581525808697,-0.3382772389902825,1
0.003055316832541566,-0.11943650132172828,-0.49831985670754286,1
0.017403915860979113,0.3416682461862881,0.045845820658458825,1