0.0864616034530088,0.4109775902587762,0.030433285496325735,1
0.19368781343740027,0.35767913730219675,0.04934192613710833,1
0.08607627961698938,0.42736668788307264,0.15750911273108892,1
-0.03426961994214728,0.41347323981539486,0.018397855908039773,1
-0.15940532558013382,0.3725225484153545,0.03149408598471182,1
-0.06234448776437729,0.3986398978133858,0.268537401038449,1
0.09981545719108861,0.4015749437014263,0.27459694055343786,1
0.021362660621111473,0.4973471872913402,0.1358549174845214,1
-0.05420308403904622,0.42330242324706147,0.1635020003843748,1
0.00567573890054629,0.39544943903507224,0.3902097649431536,1
0.02087464468877015,0.4429799532643081,-0.21751299396886273,1
0.24228459766764976,0.15598105180177713,0.1397431265025985,1
0.1857244351802565,0.19348643930752452,0.3134378684634049,1
-0.21845070007596923,0.14179749116729123,0.17730664832699175,1
-0.15559977506154254,0.1936133180370767,0.3482669224339432,1
-0.17432141147734237,0.36750249878734653,-0.09662004110770894,1
0.2185404802586376,0.34435816736786773,-0.08687636568713183,1