0.1701053576755966,0.13012807560681752,0.49811678188816877,1
0.16901560086236356,-0.032030687958192194,0.49695138653186377,1
0.18819815943479892,-0.036271827319212135,0.32287834758274325,1
0.18986989135958218,0.12806520892483936,0.32124866764480564,1
0.16649174840186237,0.1273016397239623,0.24891420786200358,1
0.1609574918745853,-0.024353152045813786,0.2517511676595383,1
0.11334532120047691,-0.06341045071984624,0.27667076455378414,1
0.12218269276665161,-0.026894542427482848,0.36181193002038836,1
0.00026230580236141776,0.1230817208849122,0.2645991124378493,1
0.04359381678878904,0.12113604642087638,0.44445122478315113,1
0.031237949510515506,-0.011150703864086786,0.42356384047401896,1
-0.005192734915099972,-0.07841232309074697,0.2553559242171146,1
-0.015106127748050868,0.07705446591476184,0.29554507572655986,1
-0.12842393348424202,0.0680212974400107,0.13955535346555026,1
-0.07742572595788277,0.06258416180177928,-0.0344118278838601,1
0.004058035998290854,0.05693747942774935,-0.0961835777318539,1
0.0116754235315637,0.13141495584871532,-0.08661927103675104,1
0.034208431108608384,0.034396895267527094,-0.3036574092508912,1
0.05378223582239716,0.06899658526013219,-0.3280551873305022,1
-0.006676476143977039,-0.04074468701814138,-0.10515734853573089,1
0.014857034071655395,-0.05206871192009732,-0.30320198543632204,1
0.04708645092359198,-0.09772769397524539,-0.3469837133214313,1
0.013978772033726327,-0.13234888683973567,-0.09256950467138947,1
-0.023768066370560614,-0.00041146233572053603,0.2816458788268603,1
0.1898849053521225,-0.13873322242384767,0.08864726989527562,1
0.05231411855706192,-0.1444352315742492,-0.03874285282318346,1
-0.062020044359471504,-0.14251847677533558,0.08998703925549373,1
0.0678811270848767,-0.14751372868212265,0.21214005006776038,1
0.19780955846988113,0.1456760004848785,0.08856369735693259,1
0.07538111885732701,0.14562571565220694,-0.04331574466875965,1
-0.06182384205124869,0.14705915381443257,0.0882367853809437,1
0.08259170741456279,0.1436461305598269,0.20875126226896123,1
-0.1247243699983911,-0.02052566509025211,0.08284376552014727,1
0.1362240029607239,-0.13574586874230166,-0.08440009523234038,1
0.10786645532309447,-0.13034980993066858,-0.12480621843769424,1
0.1325024946606549,0.12987697622640953,-0.08942158462744598,1
0.10934412216924794,0.11839036320806018,-0.1497181769784972,1
0.1619936876174055,0.06746446393812189,-0.37630751081182545,1
0.18274739190845501,0.00726536971852676,-0.42754535880990385,1
0.17058317006381696,-0.07959291320247308,-0.40354337248012184,1
0.13319337800637587,-0.10079559845540498,-0.309712194551224,1
0.12958085822287907,0.08599390634034787,-0.28330087728688247,1
0.19349668516237362,-0.01003218638173009,-0.29908686374280124,1
0.2169168412628828,-0.011730405921660303,-0.36668792396280913,1
0.20516761782532583,0.02005503104409312,-0.32674524638401364,1
0.20471875748551582,-0.045992975663137425,-0.32385047836853287,1
-0.020953894654270666,-0.017348271610789167,-0.4990281201346982,1
-0.03900498647094697,-0.08441419669040106,-0.45232961097194485,1
-0.07025412682923093,-0.05962548216332575,-0.37765213498079286,1
-0.07097549414167403,0.0009073716915177776,-0.3559371441789272,1
-0.05408847422308849,0.06229095964883857,-0.4098121252564737,1
-0.030745818807132785,0.04813124632753363,-0.4746168039877494,1
-0.08142273823131951,-0.03667762932763363,-0.47131313068827074,1
-0.10988496553512306,-0.015502048979844751,-0.45777088725670456,1
-0.11247289795940407,0.017882694809760124,-0.43859045844176836,1
-0.028761972786041312,-0.04193403352988012,-0.3348543139325373,1
-0.021148139473335048,0.023642542350851503,-0.3234747146791976,1
-0.22062539031503914,0.04084458680786329,-0.11634078518397883,1
-0.22387145508670692,-0.01631265439156815,-0.10677479301182124,1
-0.23183824191938582,0.06518160849017641,0.19883340657500986,1
-0.22604360332906653,0.00939958027810428,0.20253900895898746,1
0.03065498835216901,0.08210252634474457,0.46428838125009264,1
0.028469886886322404,0.020315665493774837,0.4668686668449027,1
0.25201863907611965,-0.007398123536244583,0.13470254093147216,1
0.2418045329616398,-0.021756250081674366,0.017021770790384805,1
0.24816689411737697,-0.1449862147624426,0.08478657281337431,1
-0.11047369522893513,-0.13629797189846515,0.08271244463635896,1
0.24619918318833495,0.14772325653663015,0.07384273578613021,1
-0.10532698257011041,0.14362382904547277,0.0742051433280794,1
0.0841439559590551,0.1462373876371701,0.2646582396348457,1
0.027636135543963602,0.04611569932272541,-0.4714020778461798,1
0.016436970036442844,-0.09964657016124167,-0.4318560534090521,1
0.05084947481929092,-0.14663392368700734,0.2621113836767932,1