-0.0970354316213875,0.37602696997921603,0.018434426549490568,1
-0.1356320701019973,0.23596540945844857,-0.11316854267427717,1
-0.2195579259830307,0.1898323810045428,-0.09869895741308976,1
-0.023451256941230625,0.2636615461517029,-0.10849554486964452,1
0.06918734950004435,0.27242749186804094,-0.13735167286632533,1
0.01047132533804529,0.3031313511921139,0.09723041123129361,1
-0.1333693227138233,0.2614174078521241,0.11591518873683751,1
-0.024386777118744624,0.31038725946860796,0.01109475740303667,1
-0.12196670315852234,0.2758464016238578,0.023895976328229263,1
-0.23147023295329416,-0.043440598579311845,-0.007790894454966335,1
0.24202537678622937,0.07979306162003441,-0.05117476198906956,1
0.20357864224272365,0.11813860684512334,0.12722196839223465,1
-0.17232847392541084,-0.013398680093153092,0.18947126810287995,1
-0.06536008105054561,0.297533133028982,0.2457966656570347,1
-0.1019170308895544,0.3039581869263098,-0.30261141521206564,1