-0.11914009227099553,-0.168454337680359,0.40236208127029083,1
-0.24658832698542254,0.023704205152338842,0.405337761231894,1
-0.06749100310011391,-0.1913740948147454,0.3887721869631462,1
-0.06071838286784903,-0.15286358104174624,0.401251464833577,1
-0.19458463254568015,0.03866050000722332,0.3976057685931895,1
-0.2077279676169731,-0.007363383083816288,0.4086492335698194,1
-0.040776035942982514,-0.16875295966163017,0.33120980233875574,1
-0.15979144863646383,0.008698202305149893,0.3366887546159478,1
0.3940147177283764,-0.18160558955820083,0.3348761992724821,1
0.4988347969446363,0.007298613743099813,0.3217000627560833,1
0.4820830159563214,0.01887601499955527,0.40583938277931475,1
0.43057623795799216,0.03589986481495,0.4001922169933614,1
0.43835777937589015,-0.004768487455528048,0.4028067306099227,1
0.3191268082481442,-0.19238935718562144,0.39095813969752785,1
0.3603341015234902,-0.20577028097007854,0.3937470369512468,1
0.3556210465741081,-0.15516970327416257,0.39683422122567363,1
0.44835935777989744,0.00968442397614222,0.11904371536783975,1
0.35945468732025665,-0.17987133048361947,0.14760072406390412,1
0.4084004629309461,0.02175919962172114,0.12992499175072436,1
-0.13738128696037555,0.024191203610405054,0.15610560407432317,1
-0.14089373310782943,0.025039397478622938,0.11364460601147719,1
-0.07923939413143382,-0.1584132698481905,0.19462773543417697,1
-0.14088261530328971,-0.16261301539290507,0.12659760167276135,1
-0.08866763690891402,-0.16560828048688292,0.01386726618071027,1
-0.028270753235571044,-0.11448171219295738,0.08547495015496492,1
0.17531349689150244,-0.16848440671291687,0.02338597720093527,1
0.17500739211935756,-0.2054173744916743,-0.133463690196645,1
0.12808127764607602,-0.2110642892245287,-0.028179670542497703,1
0.18755694163699454,-0.20393033751022665,-0.04767164414330005,1
0.32678557642502076,-0.1533568350930582,0.04519347569024945,1
0.29255953572861703,-0.21396306086561956,0.02184311099586933,1
0.39052284676331905,-0.07377723558962512,-0.08705073334913082,1
0.3852203212106137,-0.13033256025960282,-0.07113361141274321,1
0.32761046057677906,-0.13071129552041077,0.022310142768733554,1
0.3926160868334505,-0.03692867098367747,0.001879836605193086,1
0.37372790536232436,-0.013429226971581886,0.08535753664609569,1
0.37270672896779544,-0.05710178568352098,-0.022542315351494757,1
0.3204796820742475,-0.04170447503764674,0.01888844014004798,1
0.33666770310694183,0.005612856457240634,0.042217536085704666,1
0.30615864073102017,-0.0814842771898805,0.019314066317251743,1
0.18654041717768976,-0.10712939313810937,0.044978200713651884,1
0.2283509614740827,-0.07983864580391689,0.014003449277157353,1
0.2131238555125183,-0.011023237014306477,0.012576255112319356,1
0.19787191392074746,0.041793083591298186,-0.0641983762706193,1
0.14681891433399288,0.031223231804422546,-0.11960278014948095,1
0.3674308777621069,0.044677366688935516,0.01551492330995874,1
0.3880304618248822,0.009810112338617171,-0.041315703069543463,1
0.3749368986907684,0.015117855438006255,-0.10988427422976654,1
0.3387419822751969,-0.09822753281494578,-0.18051996140386528,1
0.2890877709379105,0.06232244794072339,-0.09285661314028287,1
-0.08400467512008536,0.03610537604353459,-0.049099415448204065,1
-0.06657561680081336,0.015055651068021092,-0.12649621066458794,1
-0.241193278487163,0.013093186496881653,-0.10663260668107077,1
-0.18415612075601517,-0.003254158859881562,-0.17729282232644528,1
-0.09791801717623985,0.0034247389303906916,0.05266728800314757,1
-0.07430875491455607,-0.03015380324560546,0.09190966094728647,1
-0.06769103166739798,-0.1740750276805315,-0.08687592276454725,1
-0.009111783052956346,-0.09009425709214547,-0.15912149591698768,1
-0.21465778022239101,0.017486809553942273,0.037658866799313684,1
-0.2122479279610398,-0.1460738602664659,0.02168927228631834,1
0.3749668515932201,-0.18275383604459983,-0.04866517069091092,1
0.21527825266869138,-0.1801160446260357,0.036813009764929294,1
0.22178614207579464,0.026832114258630968,0.001755180098645004,1
-0.46283852466473973,0.04934157481015422,-0.4135175370102413,1
-0.3745534725611668,0.10539370613683552,-0.40751609046919235,1
-0.4536499765379518,0.041343071626351646,-0.3557558177752669,1
-0.43282596490252345,0.07763445445652017,-0.3774901947719007,1
-0.3996516941973871,0.0898864071649399,-0.3848992776517397,1
-0.37337489163671655,0.105524396552088,-0.3550941172149651,1
-0.2611824986238118,-0.08259864594941291,-0.07463563822716257,1
-0.2433381883908332,-0.13222012579439823,-0.15084446106816962,1
-0.19154578041751216,0.014561890177308301,0.2665397102440162,1
-0.12514394732215783,-0.13912812947544983,0.21563018399166545,1
-0.4661274262036139,0.22263959500247044,-0.21585311100710647,1
-0.49550138458979065,0.19641476068258967,-0.2089054504001442,1
-0.4812426290505005,0.08620372393090125,-0.3152342050156911,1
-0.37668985152162193,0.14220599752226004,-0.32025851790203696,1
-0.3978896028075085,0.1422920423700753,-0.2261675249588082,1
-0.44529827607212935,0.11327826304599675,-0.21519830864195555,1
-0.4340907946812318,0.04396415725988767,-0.22599803096808024,1
-0.3525085850573032,0.08268995223715814,-0.22617003707792294,1
-0.34448329435363223,0.05828506824978019,-0.298512245862947,1
-0.41380550967017815,0.009072075410416921,-0.2843050084958904,1
-0.4390329927082317,0.17801855278490308,-0.275093480577457,1
-0.46592699761608624,0.171074903230364,-0.27955919516579763,1
-0.47861916889726796,0.14276079913579798,-0.21447399077336593,1
-0.4625257384884057,0.07709719090190187,-0.2382082368343587,1
-0.307366072528346,0.00991929956798887,-0.20514214428805522,1
-0.28189748782040924,-0.017335439526276586,-0.12325753961988761,1
-0.3291429312334788,-0.06886688986036704,-0.22601251179236337,1
-0.27214964457778823,-0.05887660014822771,-0.34734598730701105,1
0.21853215869516251,-0.07865640806851759,-0.20302875103127688,1
0.07148791533685261,-0.0661045891280223,0.09879551454479623,1
-0.09382056971952002,-0.10047377097784737,-0.19598032206770677,1
-0.11884823913868825,-0.013270189938272558,-0.18803579218332167,1
-0.15367230658584097,-0.1451923410713838,-0.1641850100673723,1
-0.021835462529563032,-0.022613400511260484,-0.14627290157993256,1
-0.037558663812062854,-0.13208711381812232,-0.14467050861769581,1
0.11524424239136222,-0.16341406098340005,-0.15564227784332463,1
-0.3974588508334518,0.1510560174177471,-0.27355821562112714,1
-0.478690583039197,0.11896463393640921,-0.26034995050630266,1
-0.4631871603331299,0.19513021609613101,-0.17895363838413358,1
-0.48484002291218164,0.2151538538960196,-0.19029841264055247,1
-0.21551500711586313,-0.11890902444690243,0.056058346797301095,1
-0.1443567659431989,-0.10903501093469445,0.10756688114015642,1
-0.1806264770963404,-0.007380556862951859,0.09970442370955945,1
0.2695621229701965,0.014761497523347433,0.025897822058014164,1
0.2779496744466715,-0.15407020644082348,0.100142800854234,1