-0.4943898829190685,-0.02220894617258029,-0.13493855910410968,1
-0.4164728877066892,-0.022386016705085332,-0.12780709487191988,1
0.29268700491993904,0.005929631516475631,-0.05982003510578737,1
0.32248217886999714,0.016598788630315025,0.15762224401592076,1
-0.3319821508138667,-0.014041081223147955,-0.009304714227603483,1
-0.3689046178149059,-0.016935690777780593,0.05760131669964004,1
-0.28891750100791297,-0.01654309204757981,0.12945149333210265,1
-0.2582353967522543,-0.08983742138992931,0.08193225687765415,1
-0.27645814495515353,0.05515263289472272,0.08317810623033261,1
-0.2570686312488897,-0.0186068315684077,0.017152399503425952,1
0.03857990317660054,0.054755822850578006,-0.22912247259765062,1
-0.00482243582860975,-0.03697619346008807,-0.22997796470319431,1
0.07211650350939935,-0.03195659788688676,-0.22247763106875773,1
0.00602803271659802,-0.01989503423604999,-0.1853482241760858,1
0.011376410240947154,0.029774799335367363,-0.18028890867134742,1
0.06528297942162986,0.0065328399177992935,-0.18413582135090234,1
-0.186047476286203,-0.02136004342613873,-0.13521038373138916,1
-0.043286389800882064,0.2039636393374913,-0.1362956995703839,1
0.15501407535122202,0.18546428512054597,-0.1346995219158892,1
0.2503715560736728,0.00540859735298449,-0.13582890999891184,1
0.07689950120094657,-0.21406296592992913,-0.134541113272868,1
0.4478684292149737,0.036048139385637556,-0.04853034336063011,1
0.44481854489962386,0.012391461859974528,0.024292376895515,1
0.3378644500376778,0.04796046099911955,0.11818138895864516,1
0.33530740957454075,-0.015893958327350077,0.12326694390176751,1
0.27590364344807216,0.05084625530158826,-0.08610269443026386,1
0.2847900223484356,-0.018393331362788506,-0.08858165050001831,1
0.18049271223659602,0.2353173713912674,0.1836308121265784,1
0.16347287403374988,0.1884003646703811,0.23476530341614676,1
-0.17687395125647298,0.18649590369471314,0.17962329627014517,1
-0.1578951660321477,0.1406581327669838,0.22626950618086416,1
-0.18734285532279715,-0.16675132713859853,0.18377470518219807,1
-0.1537847010488267,-0.12502524964979855,0.23758539304601278,1
-0.05113788536623609,-0.2567509530940484,0.18970943509498772,1
-0.009451806408495855,-0.21965958232845395,0.23682129515609396,1
0.19502591296294794,-0.21780031712083914,0.18848622897598213,1
0.17342599813403742,-0.1801694684471431,0.23230309793545128,1
0.3047726855043494,0.023293894103564194,0.186349508001106,1
0.25304873281927753,0.0135233034620732,0.23934734762458787,1
0.44918796846493913,0.020222891010856614,0.0806456026778185,1
-0.4168658578077782,-0.024682470182552873,-0.04918786096614802,1
0.47534440427220836,0.05580719892013675,-0.05700938157108748,1
0.476406316127151,-0.008050462434624705,-0.04724029319894685,1
0.273929057473667,0.016766318485389536,-0.09912703233411291,1
-0.014954358066418011,0.021890927985983327,-0.2350977182325806,1
0.2672167428705499,0.1767673772717696,0.041016282070493626,1
-0.16326361270973277,0.22326393464467578,0.054221310164492,1
-0.09364059014199638,-0.26257511382272813,0.03906327583827529,1
0.12867538713939505,-0.2713549743961763,0.02920183504922358,1
-0.0029448530300606804,0.2698436711894322,0.19027748219652923,1
0.003630837943022769,0.22299865623279102,0.23813410235862775,1
-0.4584740963560459,-0.04179888371290574,-0.12391074763079951,1
-0.4581632189213874,-0.001517778688716706,-0.1318125841089257,1