-0.43603610848610797,0.4316611706528124,0.09571259545880384,1
-0.4801793128586823,-0.16801541094475203,-0.28642709606316785,1
-0.453127267221753,-0.46769720152307226,-0.20551505131244685,1
0.4465324554660217,-0.48128866193633746,-0.2269403698171697,1
0.476656942528197,-0.20368713284382167,-0.3053994086053011,1
0.42556127347577366,0.3987878468387098,0.08194047246008784,1
-0.11853327068855135,0.33309034620938127,0.2930070672689127,1
-0.3427308074996667,0.320493070770862,0.29050236675678665,1
0.41990551510068563,0.4478750461282712,0.08121360034588898,1
0.05504675006130011,0.48382351337510254,0.08857562914927586,1
0.13367606513637098,0.3231175138874078,0.30573313635325516,1
0.3542549812117839,0.32310676484777057,0.2795429534743006,1
-0.02806972046983791,0.4842358099662323,0.09671482945662868,1
-0.04010920569841664,0.39068936202676596,0.20244451175952038,1
0.02239776957845721,0.39289879581744724,0.17572223746253635,1
0.22722934868585337,0.49874755868394605,0.07881014937711761,1
-0.22443513152199948,0.49484025042197544,0.07209948437304892,1