-0.08711372881004717,0.19522177682187808,-0.1063271576052246,1
-0.017712493076920577,0.20403324835790898,-0.10110134362446998,1
0.09455763014289997,0.21080320400264285,-0.1056260837750691,1
0.17180155503096245,0.19696142073794448,-0.10580130610458782,1
-0.019064362421047854,0.2385681648196256,0.07872437058665736,1
0.08769078676426022,0.24617377398205864,0.0762723583110389,1
0.020844754478058613,0.2505506130758726,-0.23280849646867463,1
0.09681457967529927,0.23220893198051848,-0.26785209499172985,1
0.2147279226985988,0.14329680583736226,-0.23911091361086445,1
-0.038756768559015525,0.2278841385927075,-0.1531384144424164,1
0.11910920546580275,0.23274921225879294,-0.14997599385854038,1
0.05510078786241246,0.22904855804898616,-0.1011302470004172,1
0.014398035729870112,0.22491637628515804,-0.0997398806160621,1
-0.1114097123696203,0.1980618773539966,-0.14103204550669912,1
-0.0003998279450171116,0.24088747906191254,0.009848365270106962,1
0.07786757036470362,0.2377646929563301,0.014311794644535247,1
0.040522403015460534,0.2972515557372533,-0.005023307886615064,1
0.04157723371479659,0.27164723602746854,0.0676197251895162,1
0.03656363267633175,0.27295554933343974,0.10442473460667734,1
0.05748726656634967,0.23475721177988984,0.18781431737884518,1
-0.0015592915343176638,0.23141014511553637,0.17958295738032004,1
-0.13104878609973527,0.03763641790120999,0.0757586918806983,1
0.18891963409407075,0.04931917877883904,0.09925816452117453,1
0.2112671462192292,-0.014490120943148332,0.01787906938576389,1
0.22747332294303224,-0.04274170274033895,-0.09014158060138122,1
0.21459492201198405,-0.026947561575142442,-0.0282782536961661,1
-0.15011876000575622,0.007073568130965963,0.0009550487676728281,1
-0.16352749779173012,-0.018587903722859372,-0.034642124633670224,1
-0.1719551881099356,-0.031583028476589114,-0.09957689672232606,1
-0.18844556382706076,-0.02843966373130174,-0.13947722618596064,1
0.24284445747615724,-0.03854192127671663,-0.12828553293580702,1
0.26044221434343306,-0.11214248022682938,-0.07566339835489799,1
0.23565392136983287,-0.061030538179085436,0.009296154977783022,1
-0.20729311544462825,-0.08550504382658425,-0.10169050048508521,1
-0.191093207886061,-0.06975740669999947,-0.034043624889996016,1
-0.07858159149990507,0.147654064939573,0.1401355164304392,1
0.1292433269927079,0.15380207128390388,0.16103512665086206,1
0.18376030924913722,0.18703002562380577,-0.021165359016909857,1
0.2312636423324168,0.052865252005100505,-0.13914958855914627,1
-0.16769061428662335,0.06916810758022962,-0.20078170513662014,1
-0.15569445998437514,0.11856960683813344,-0.30078848102220645,1
-0.05024134048525286,0.1838997184302278,-0.33583784996711846,1
-0.11918242807946477,0.1485357020781517,-0.320919691795593,1
-0.030929758919744587,0.23610824106564343,-0.3435338758812283,1
-0.00355975651421242,0.2398570826453379,-0.2938788602927456,1
-0.13993596810977565,0.15497653002888376,-0.059625359837169795,1
-0.09422347340697756,-0.2183216191359034,-0.023535614613357847,1
0.05680425247506715,-0.2635875570745732,-0.06161749528452365,1
0.07043353398762053,-0.24392862268754906,0.01276345450598737,1
0.19776320347958354,-0.19053194573670828,-0.09021720129196753,1
0.27654793677687816,0.07142170966947736,-0.23160860542182648,1
-0.07075716231342718,0.0692703239885301,0.38518715737760867,1
0.1244553780577139,0.07171777592650763,0.3923666224866563,1
0.19157415187104076,-0.021799645423931146,0.37027037397091566,1
-0.15965325065211533,-0.024345507030624325,0.36421988453317366,1
-0.27496709164506105,-0.12930766668300908,0.3542759935929838,1
-0.3601137095256791,-0.10772534015864732,0.3737552388001315,1
0.38015595176096184,-0.14188152383590502,0.39573373081804464,1
0.29492439129616277,-0.02738665018751618,0.3867877090943188,1
-0.24594987952160263,0.006337954907983834,0.3761711156781836,1
0.2041196041884008,-0.2769473695058289,0.4856474649114597,1
-0.16943412710736827,-0.27640148082034876,0.4960590664428849,1
0.011278703882387386,-0.26016681155757926,0.313911171337722,1
-0.08071124680561525,-0.26162860902706275,-0.2367265122758965,1
-0.10723137326718501,-0.22960833194309105,-0.3222200521596308,1
-0.15295947419787092,-0.16389661876466244,-0.3445647405805888,1
0.11218179000822759,-0.24401676194695376,-0.35617825865850805,1
0.031289627901131545,-0.15726719654759247,-0.46409626918816676,1
-0.1348303605117238,0.07613344218674034,-0.36266356839357483,1
-0.0920929054191828,-0.05217823461925519,-0.44500681508891393,1
-0.05224260489612226,0.07988695029087156,-0.48800989880749334,1
-0.0016594915119596542,0.2175102729170888,-0.4595206989382694,1
-0.08070807688260495,0.21360965999884085,-0.45430173878057234,1
-0.2081096800721779,-0.01953610326619981,-0.31449337401192723,1
-0.19297264835203193,-0.13309620349396395,-0.23466711384136224,1
-0.20489640583124968,-0.062107380944867965,-0.1847383804046907,1
0.21263688536570768,0.1392250773103605,-0.32935211411361875,1
0.15383684308645673,0.147344395902119,-0.4138087312670664,1
0.23098065149291436,0.04632719251754319,-0.358303293709714,1
0.2718722807071172,-0.05783067814084086,-0.2162361624827338,1
0.15302717880758632,0.24670506646384194,-0.3449123136125227,1
0.08926299537438176,0.19900468829708462,-0.4122477447517059,1
0.24133172456841054,-0.07731530631003913,-0.3560811056347961,1
0.23861386480422841,-0.18396815201980043,-0.2374540946195849,1
0.023621310138065676,0.12906135097685448,0.4473760712356482,1
0.042236362449066256,0.07566214215307543,0.18227753715567185,1
-0.072614917773272,0.05880570046324651,0.1360949584809743,1
0.13757854885414655,0.046539394483150365,0.12713106363626414,1
-0.4368298550320846,-0.011115621817111787,0.49248028470569993,1
-0.43549977231485703,-0.1194631519266185,0.42822329261074365,1
-0.4368297898739253,-0.196343551158511,0.4895731065507216,1
0.43252898776237414,-0.013136547943638721,0.4976521851476592,1
0.4314010581836052,-0.13286958894383738,0.43767127844349873,1
0.4352009136292098,-0.19389421007281604,0.4876328546818228,1
0.04611126942650312,-0.22830367460366752,0.49402635958506,1
0.01553368139837441,0.05309530949759167,0.39239843509806127,1
-0.0655125516009688,0.015180953490678494,0.2231528747422566,1
0.11319044037227266,0.020916209550921882,0.2461806148233543,1
-0.08732536859744826,0.19968013642202095,0.010115411712151467,1
0.13702839965726266,0.21175257609274498,0.042650462767225505,1
0.16388463714011925,0.19805588246618066,-0.2852444768874007,1
-0.03479556887371854,-0.23745011094824311,0.009949301229172646,1
0.13476324456141325,-0.20253819576339507,0.023526768511562684,1