-0.0015452508191863838,0.0196628272427932,-0.08148835070011165,1
0.03259931929936377,0.4404453723563081,-0.16575809298005673,1
0.025766217981411987,-0.09673331626981074,-0.49634448555792626,1
0.2886911681166665,0.07722025602418747,-0.4013663360093753,1
0.23521860579675022,0.3541044303143799,-0.24294703824560226,1
-0.2248922395882199,0.3552950690504805,-0.24252294059867094,1
-0.2959945687358566,0.09315257363588275,-0.3912091614671566,1
0.024982955252307093,0.008757940747184619,0.005392218512641357,1
0.029683929250370777,-0.024630180490526565,0.07925575701428605,1
0.02830104154440649,-0.07606124168932216,0.1104078463878701,1
0.030805567845868964,-0.1816151803267536,0.29626433735012647,1
0.04934949908343178,-0.182824373685341,0.37570086998838237,1
0.16239222863639102,-0.10727822771930828,0.4563704957983622,1
0.18189835283291647,-0.36776591473184234,0.3128465485474441,1
-0.14741135979151898,-0.400616210489244,0.29048070571186757,1
-0.15097962013759147,-0.1000171615993315,0.46967477302716487,1
-0.022201322061913942,-0.05966755763366205,0.49889701450613666,1
-0.2155370251214388,-0.2813763125198534,0.37590122037682483,1
0.22000349083781545,-0.20519993792587865,0.41079244206967325,1
0.03217526346828592,-0.4371984773490327,0.287485587867808,1