0.17010147387909816,0.10604222588886615,-0.4661333333876896,1
0.18765510755008252,-0.06846288318528121,-0.4628824920870913,1
0.21176724513811407,-0.06793895875529587,-0.32541473764539064,1
0.22154752461918825,0.12996225712793086,-0.35964374011055655,1
0.2816864927923312,0.031395328781234896,-0.4052354328415051,1
0.36430397162032013,0.046708762088783384,-0.1767620673342125,1
0.4151629728146371,0.04774718098746089,-0.2881972113699038,1
0.3767627922504865,0.012169419994658703,-0.23408889574387787,1
0.3644509339350849,0.06711968254505818,-0.24590961829653368,1
0.346441553377169,-0.014621942635152152,-0.2751377382200004,1
0.3162467429571909,0.09990195307128768,-0.2974660617802398,1
0.3626006031494444,0.06521862062239725,-0.3461428843242582,1
0.36458012512766935,0.015146093762834267,-0.341093175616767,1
0.34186944456713003,-0.018005798704426867,-0.33477204482444034,1
0.3185223436926645,0.09148988207052877,-0.35195013765956084,1
0.2639289649754869,0.09520523743349929,-0.20540821290414227,1
0.22238660417085787,0.10080410324229172,-0.2685921274179133,1
0.3174209016699465,0.011478784558272003,-0.2001424342212248,1
0.25001616750697986,-0.019144090192956042,-0.23764354907345586,1
0.2100731921524237,-0.029216860769993413,-0.26132310232913847,1
0.13653128224589672,0.12408707293633414,-0.48061453800505305,1
0.18856768608157903,-0.09242760620340814,-0.44295807032254264,1
0.2017267956318397,-0.024261880041038353,-0.13890619554702654,1
0.19599776627720286,0.11515599246272676,-0.12866547462261127,1
0.1748068528214043,-0.05641261651943211,0.0905429415107688,1
0.155320202758912,0.16544592322581614,0.07325518858796487,1
0.16595415686827236,0.12486179923820018,-0.06357712886002753,1
0.1655595447882678,-0.02208359253679125,-0.054450125559925344,1
0.2247115718325059,-0.03284268109017896,-0.015090666896244164,1
0.27498163306585654,0.12397100604588074,-0.049277625991317464,1
-0.016355751818243558,0.18961092751675146,-0.13501276738683443,1
0.18490371980513087,0.00913598468811605,-0.2906682423323942,1
-0.013250973985871716,0.15441202176861557,-0.3600263035467721,1
0.20383975867074433,-0.21176392900023266,-0.2811484342062296,1
0.2013201146258239,-0.19322227957904614,-0.0736158705880332,1
0.20264739108973956,-0.14872371972411336,0.044387188850921966,1
0.019304559648688657,0.19271627791313678,-0.021995361731569796,1
-0.46230256354516275,0.11791373554282589,0.3236051555781734,1
-0.4870204037586978,0.10408683518686601,0.1193722840194873,1
-0.38619489410719243,0.11204845596480961,0.043513153986476816,1
-0.41531993822710944,0.07491625689869519,0.06357366308492762,1
-0.3870304065250787,0.11619248158956252,0.21492900730401487,1
0.45933163009221833,0.03700057861650574,0.28464332286081406,1
0.4975327740359615,0.00108561775496685,0.27230331400295965,1
0.496661229891242,-0.028664887336757483,0.27983314061274145,1
0.45059686353591033,-0.07359812458925541,0.2939251731309853,1
0.27465868563582063,0.2062680038069984,0.4661367264721594,1
0.3037853424543506,0.18304739035493123,0.4714619889580747,1
0.3179157529060676,0.13056683258776352,0.4623771411981762,1
0.2871107459992866,0.09744115126581432,0.4697086303303598,1
0.24868077145360623,0.14746016037349524,0.427341146253883,1
0.24598379830587524,0.17779242299961184,0.11506507376062913,1
0.22346093330139152,0.1818538231764465,0.17873538724338833,1
0.11312703363238957,-0.014668943073345985,0.13520145634928493,1
0.15133094470388428,-0.022186512639520206,0.19606042870564977,1
0.26459825251872804,-0.0307258279538134,0.24332946729293692,1
0.37073597350729015,-0.009763864362942478,0.27155595055817394,1
0.40422939218629794,0.017119035447417108,0.24698484138323495,1
-0.30337641194762543,0.1966555640068921,0.4626688185549235,1
-0.27179512254974725,0.18150253481988976,0.4583801363403339,1
-0.25933433757132906,0.13847908175111412,0.4564470998476484,1
-0.27312409184044517,0.10228095373600876,0.46714906260750677,1
-0.11641705364664911,-0.07157315948723131,0.46708945288007886,1
-0.07626218560398534,-0.04199617120285559,0.455184939932038,1
-0.05779788125609997,-0.004629440087886572,0.46202366862494415,1
-0.09301850421645508,0.02960566121630953,0.4736638107859039,1
-0.2776108955795733,-0.005216395203684221,0.33993047221686134,1
-0.3319415806101027,-0.01334852423288957,0.14143690899963257,1
0.19546528895844523,0.1330645924194062,0.4778707016747816,1
-0.19313966505078084,-0.016650736550610334,0.4818750451020749,1
-0.3994321264565591,0.1451441148078927,0.46395315672880555,1
-0.33517504551355476,0.11002598698259103,0.479292875019081,1
-0.36269865857501504,0.1865074984169255,0.4806767083583865,1
0.008969130019532811,0.07921429465028207,0.20739789806927655,1
0.17624181392681037,0.10592262237155503,0.19720223398575465,1
0.17928043387407971,0.03266803894653125,0.16898184019410167,1
0.2724617092011723,-0.005173399718214178,-0.019379117119258826,1
-0.2634754704963749,0.15911925008866134,0.22882588198084397,1
-0.14328061981038798,-0.0005986349946363045,0.2641088035994613,1
-0.14987393642197744,-0.009172543179079451,0.1167647367003577,1
0.25278239272957714,0.12905524872719098,0.1379637517608978,1
0.278714066727928,0.0008213363050453282,0.061239494963759355,1
0.25682217809629615,0.03019312333176405,0.12222536301458975,1
0.2692461834642285,0.09119413100702589,0.12415508529129104,1
0.28751038104497645,0.13402669998751643,0.07913997369020167,1
0.05143024858856915,0.1554279870355133,-0.00026237715444987763,1
0.11312975012520487,0.13324478847093463,-0.04049174814722668,1
0.1462386811794555,0.14028325543593434,0.2779633114474945,1
-0.344306702173248,0.053495585985440464,0.08618083624981842,1
-0.3577674236238063,0.07765660781062378,0.09555604688515062,1
-0.26650671428317396,0.02453024217546451,0.14710695622946135,1
-0.27964379808855066,0.08258635943306491,0.12511756491737813,1
-0.17479182474172083,0.1286784898952092,0.10011669539270651,1
-0.17885384033191334,0.0736597094772555,0.13525903817355472,1
0.11457256810912275,0.1368129613344582,-0.26436893870445743,1
0.11719504202197761,0.12567704022876036,-0.3993346562439166,1
-0.32863186056887317,0.09821704493029504,-0.00025107331067530936,1
-0.3427293557582187,0.07785965645787041,-0.0021431976906769456,1
-0.1580094845609894,0.08141384281312791,-0.04913449573234607,1
0.1623761789424052,0.06303353155824587,-0.07635646706147447,1
-0.19837514569084835,0.15963949921722686,0.004375778128509422,1
-0.16965421665985603,-0.011433628083334548,-0.007811732696445004,1
0.07897907582730223,-0.00749016251742278,-0.02726209623340356,1
0.297224051813223,0.05673071515999917,-0.10399974371920684,1
-0.09071705202166003,0.07292415481145492,0.15097223561929118,1
-0.2549506197618128,-0.015341819549878371,0.2515543650973409,1
-0.4707735022940702,0.09995990845448244,0.2116635426921487,1