-0.019329860203338933,-0.02249300688664435,-0.4956473044185309,1
-0.2645855944473843,-0.003693738787895917,-0.4624518167968108,1
0.2722788372178542,-0.012013246368140607,-0.46079920939817015,1
0.05943636826462151,0.010407228271106406,-0.049051378033199367,1
-0.10445234709666229,-0.0006465718641779361,-0.18910257879648168,1
-0.11395833784218201,-0.004478686204585913,-0.09915633192243337,1
0.07471404360334982,0.008869693022455438,0.03683596620788941,1
-0.028059010437294862,0.06721640246363736,-0.46529257198202123,1
-0.037561588393546216,0.08131149849351643,0.08463420026305599,1
-0.03322414329381149,0.07804530074625043,0.49861120941211584,1
0.2150059762205654,-0.006573689264854465,-0.17479881873995673,1
0.2815578145722033,-0.00574314007865917,-0.10275264954818164,1
-0.2888521472839153,-0.012480563000394795,-0.2216692284349152,1
-0.20471405862114034,-0.006032450386971089,-0.254107455696563,1