-0.0701684503249374,0.06485257310250741,-0.09254435766394731,1
0.09398173773169627,0.06900599957916686,-0.059208261465471645,1
-0.06766932137271575,0.07867460001790932,-0.012686783728913853,1
0.10974337345536877,-0.1321427016469734,-0.1627695596592429,1
-0.06367805002246318,-0.12339063584697318,-0.17853120563161262,1
0.017769987112335572,-0.07439493754812454,-0.2769652966241018,1
-0.06015646366197358,0.06804609932669531,-0.15944364471170008,1
-0.031744655979101775,0.10332569917663652,-0.09622338047224696,1
0.055711154317569456,0.11090112826071316,-0.09264764992120494,1
0.09013945762098963,0.10233232801024483,-0.16201260012177931,1
0.030061061801308436,0.0310060979478345,0.2716134558067471,1
0.3853553871396546,-0.2835106424165022,-0.49791714214325855,1
0.3777894201252536,-0.33160008463875673,-0.4238338367248703,1
0.33634544813247835,-0.3356865982095173,-0.30661147878564343,1
0.30442831354205424,-0.3236436143653596,-0.22343887618221503,1
0.2441564402716443,-0.26712595391884974,-0.15011953945518056,1
0.18402696736480362,-0.19985854942919215,-0.06311115630435393,1
0.0855981994863737,0.13225068032253184,-0.33721457244464425,1
0.14209184539659847,0.09198082333406499,-0.35651978070090673,1
0.12172345749708135,0.09229981834315204,-0.26474123013114337,1
-0.04625476358472458,0.12326973126219798,-0.3361308600548947,1
-0.10560404733518433,0.0945954015667027,-0.37377549562576406,1
-0.08309829948068253,0.1309025670695725,-0.27424964372865556,1
0.005574486431105363,0.24648714260525373,-0.27466888252990784,1
-0.05527385657372563,0.21135754838638654,-0.25173211578445875,1
0.05538060665999911,0.23187695767658845,-0.2859544439198537,1
0.11275525384622509,0.21468787063360617,-0.28492149631043034,1
0.10308644624532848,0.21284339916252726,-0.2232013647277164,1
-0.06505669248183604,0.20687262949229557,-0.19238325901215436,1
0.022397512217851967,0.2720671937150884,-0.17436429263805042,1
-0.0045933682227417005,0.32610672979757266,-0.18885337213881514,1
0.06508983220267728,0.3203871274406366,-0.19164984442677535,1
0.02932005354270567,0.32973575879244426,-0.2768059725247862,1
0.03182300939660809,0.33342767936008954,-0.22690774083326487,1
-0.006439230360589576,0.30837829159027685,-0.25004380169031653,1
0.0715091048621288,0.31980773011382846,-0.2426596541381052,1
0.09275757066687884,0.18306567926808714,-0.15767376923673115,1
-0.02670944133689268,0.271320273685542,-0.14447250906241638,1
-0.08221561455139792,0.21028959700173677,-0.30427245780056083,1
0.007512955241182617,0.23767740590169661,-0.31764010887916605,1
0.05376151239366983,0.23957688277888978,-0.3127300181312407,1
0.13658861367068198,0.17406945432734405,-0.2604000461223055,1
0.11464507383801814,0.16099955887221465,-0.17552164505793352,1
-0.07825862707924544,0.1679495993346194,-0.17607590905312342,1
-0.06841487589996795,0.1903879595635838,-0.21893636230297353,1
-0.38925052437497864,-0.27344513988622054,-0.4871188484839104,1
-0.32669544087789814,-0.33235696717220664,-0.40366937300826433,1
-0.2828149524735033,-0.33605337969123594,-0.32638931375490476,1
-0.24221255935804597,-0.3186934755301256,-0.2239958944639564,1
-0.19186118379118033,-0.2882953833665911,-0.15142992358210705,1
-0.12758364880206008,-0.22493252655085194,-0.061796595279580924,1
-0.07964672562949948,-0.19708295385065466,-0.047510567300153905,1
0.13860648800519026,-0.18030831650443524,-0.047921604487269676,1
0.036078023329952025,-0.3084751525624412,0.2911784052025025,1
0.022787586547676652,0.25885573839008,-0.09153398599438434,1
0.20227301204025316,0.01205685946088586,-0.21118055816804315,1
-0.1420349887159814,-0.034193955740468795,-0.14537278596172465,1
0.10816478533651574,0.03126762782811032,-0.16553982933984373,1
-0.0986412573350538,0.014608368810512972,-0.16437936556939317,1
-0.1509073494109407,0.04827205210051044,-0.07643966931166485,1
-0.1349386395856199,0.047254702549210714,0.060588964563184855,1
0.18175354954382766,0.027973018842939574,-0.08308021107148577,1
0.15752359502280605,0.07305437254381258,0.07147985881099226,1
0.01651999930367809,0.08885392635581571,0.07470136679522596,1
-0.08900822787179518,-0.041999290030256986,0.00003870074890960362,1
-0.11729952283695997,-0.00537914748170909,0.058731883284640296,1
-0.10424309500317535,-0.06113315465228375,0.17333533464578377,1
-0.1008975024667853,-0.11682674766678502,0.0470731974666343,1
-0.19909350203511145,0.005209874438714124,-0.2223614414331332,1
0.226522704382339,0.019302763524037924,-0.2861874089161554,1
0.1488297253079025,-0.07297839404586681,0.18060461405221173,1
0.13985367963503747,-0.011078867954235516,0.051531947563034586,1
0.13800916907534705,-0.058124744097037856,0.015478481818358341,1
0.12955263911845613,-0.15563499488012813,0.04464964038747854,1
0.20127904341713965,-0.16303392162485997,-0.07513063667131092,1
0.2444098660526599,-0.20021797883581271,-0.14584277289523628,1
0.2926277768541077,-0.24434551035385965,-0.2132553547174716,1
0.3380967467071585,-0.2855630917336933,-0.2902747974724553,1
0.36284701396667174,-0.28184346985999164,-0.3814466694636285,1
0.09515212319161614,0.09881245748964851,0.27089151911378817,1
0.13518823819738818,0.09968181366581441,0.2719361199737328,1
0.16350221196059855,0.08378479012752526,0.2745220905683347,1
0.16028784052919198,0.03599805384715005,0.28855411341293924,1
0.17477203572140532,-0.009925946785320327,0.28179739103870277,1
0.19821727962283475,-0.03982798486576922,0.2840628056701078,1
0.187118733952647,-0.07645684011807985,0.24990269253019015,1
-0.0672952186999094,-0.2460441131871236,0.2856414285388478,1
0.11925844599572066,-0.25562310629466195,0.2816498919109769,1
0.14481128598266368,-0.2266052518339687,0.30358228065307946,1
-0.12947879545774477,-0.0641903999090454,0.2826818028788114,1
-0.09221820966904648,-0.19777561670954435,0.29283234514967515,1
0.13919398420637607,-0.02697802313251163,0.21071577031155275,1
0.08914457544436205,0.06053454234661171,0.22542117426815933,1
-0.04090198822846852,0.0531459061867844,0.2185722846073554,1
-0.10288825901103826,0.02570349860108534,0.22067014866166212,1
-0.09069874884872952,-0.037595572366816876,0.20675816372984318,1
-0.12727450295272546,-0.10830794791061815,0.24389521868987787,1
-0.14989857706401155,-0.18649016065492274,-0.06727821494673236,1
-0.2031776552069231,-0.23733719524894425,-0.13909902399586116,1
-0.2517444063052876,-0.2697327354133674,-0.21026520183041697,1
-0.29647714515081524,-0.28293242293315046,-0.3018675981609107,1
-0.3344401088572946,-0.27298523917371964,-0.3884685495885005,1
0.0604973035294768,0.060383584291740955,-0.31946806273522465,1
-0.011327610774139351,0.05821812010684768,-0.3259357514515919,1
0.021609475843983094,-0.33745337682435466,0.22638691620544682,1
-0.07476847053468061,-0.27457730462149243,0.1681328666587391,1
0.11724644521626476,-0.2846127674163277,0.1952106700640357,1
0.10956610555715987,-0.2657095600806446,0.0995848016087113,1
-0.07800288670193923,-0.2248769968519741,0.09567992771672706,1
0.01987278127770853,-0.2374932642685677,-0.10630257127409082,1
0.026250311875873344,-0.31757461389887387,0.09980662798245454,1
-0.03456950724180441,0.0778776283473267,0.27533841372709933,1
-0.09022982529385781,0.08548085824828044,0.2706412053511974,1
-0.11195331893675164,0.053312152934346546,0.27703258085757154,1
-0.11019044204346517,-0.004306982505720924,0.28308125628271874,1
-0.12602335359339412,-0.01824164411781881,0.2926000650504699,1
-0.13320276889118743,-0.02952228606556284,0.28664012754905066,1
0.06302827995387516,0.1746016763277477,0.4847324477259817,1
-0.1334222048303788,0.02791753221756821,0.49197888310291393,1
0.20385399564689432,0.013480804394439438,0.4942606696550822,1
0.1839852458656317,-0.24196777964583083,0.49493603720948353,1
-0.10408691686169691,-0.26168065634370985,0.4961146056419571,1
0.03818993528117032,-0.3344184285551285,0.4954859288091372,1
-0.005947170377273325,0.2976865356631432,-0.13774537259289737,1
0.06429944057579603,0.2854928385164288,-0.13561611394491235,1
-0.25280245251803646,-0.06620737771147356,-0.37676891244117294,1
0.2593211783592746,-0.09191690762454341,-0.38868875818143,1
0.33385858980299493,-0.19011415044200186,-0.45013483723368685,1
-0.3148431200285333,-0.15089015480203116,-0.440489388978301,1
-0.0854460254194298,0.09097607394991192,0.05537655109502776,1
0.09141313130981698,0.05312276020917334,0.11289422410829447,1
0.09871909620244934,0.06310635375636191,0.06460896514191036,1