-0.008771901792203676,0.2927290945138834,0.02470356619115388,1
0.07094470877450859,0.26486556571163167,0.033553227944133346,1
0.04255671722958422,0.3183260692091183,0.05442871388833306,1
0.01960559121707363,0.32556260032995255,-0.05215585953446156,1
-0.05537464197496257,0.3448987811096398,-0.06192967622457646,1
0.08838765502206132,0.29464496202355406,-0.04453328615036156,1
0.1541086690173625,0.24265241866508624,-0.040944198223919814,1
0.08949221357567284,0.1979441520611509,0.06501637244379954,1
0.019136013805905808,0.24601950850982934,0.07780839551094718,1
-0.053571116609468686,0.26791901781325134,0.04811099397594076,1
-0.1856968948530453,0.17407946538972263,-0.13847368715163477,1
0.12484020296472775,0.03277183169559755,-0.11360318466963859,1
0.12301170927104998,0.0591967885031946,-0.04234045347463988,1
0.1852666122776676,0.02600730409558899,-0.16596342497195238,1
-0.18027046896218846,0.16595872828375546,-0.06436685530626352,1
-0.22781700752454137,0.2091762035290139,-0.19475181190074853,1
-0.023097028145456444,0.18543015103389648,0.13387410695099033,1
0.11326016729954902,0.40975260905609745,-0.2100887261861214,1
-0.028552525992333377,0.40755175796756715,-0.15385294243337477,1
0.2028861967148573,0.28178693518242304,-0.13197539769557315,1
0.15345967007822997,0.31779475213539404,-0.0715600235130012,1
0.01504534228100951,0.37163528657760025,-0.07358649666425787,1
-0.10359839323265213,0.30719727558358834,0.011665097855633189,1
0.149715354272429,0.19045424602781968,0.031636130821724145,1
-0.14823868332968487,0.10619362227386028,0.03815531039395581,1
0.08059499852083965,0.035535640828117804,0.030742489108131432,1
-0.033215416245626406,0.09655657031499401,0.1085632104465851,1
0.22951661540050072,0.10677817913787613,0.14254719469738264,1
-0.32467675976464205,-0.22003712356188698,0.13071046978249434,1
-0.34540847407955866,-0.31696215199392874,0.4237710399081127,1
0.31862025556094764,0.11253436311595344,0.435624355683478,1
0.16977487867763497,0.13202490063680106,0.34814556965108423,1
-0.32360497648681363,-0.21651928297536926,0.33491667671925285,1
-0.19213941172764648,-0.09292961881486028,0.06416866190149939,1
-0.048893952775312055,0.07826974648620588,0.19323468532129295,1
-0.15857261805284661,0.00911603932174021,0.17174396785800639,1
0.10714340441844444,-0.023231686168151633,0.05117992815537953,1
-0.14806429741358898,-0.14540758477834004,0.016429468126654356,1
0.04607168446545662,0.028506083470192782,0.10916261874514777,1
-0.12298543151380803,0.0633801143400109,0.42695534294425713,1
0.10451596103429206,-0.3294321181376456,0.33420733853549,1
0.024380370827425946,-0.17725469425751061,0.05859785433474962,1
-0.028237766288362942,-0.10020136159683152,-0.0740966039625543,1