0.45596707558690713,0.3915720755208664,-0.0036714034253975125,1
0.23782782282531034,-0.40819706098555875,-0.49818795176095493,1
-0.39212596886351725,0.44979855289901627,-0.4516524200336711,1
-0.20637088743631515,0.04745273944492068,0.4484955283160577,1
-0.03268798674765505,-0.174023591563917,0.45145525894912797,1
0.024851356945306657,0.12854925954091176,0.31032235796972746,1
0.11887071205940858,0.041581502054331754,0.30327547895481616,1
0.34275496331314326,0.21797976236216465,0.04005012444703762,1
0.23887156806537924,0.31678907057417316,0.03497302540541408,1
0.40519377408265633,0.3579743350354352,0.07526202261895884,1
0.3394114780639499,0.29124747172546667,0.21727072630600902,1
0.046895649786002025,0.07874638816958768,0.39219981787897046,1
0.03983449876744505,0.36308229955993987,-0.21775885806575523,1
0.30454949273889464,0.017131204371739317,-0.23436738488945918,1
0.158531160206552,-0.45151650559760137,-0.4232828461082148,1
0.10817970685664324,-0.4179508567195256,-0.3250576590583547,1
0.07199721019670147,-0.36866145344062073,-0.23371212910259553,1
-0.4555613271582719,0.3940752168560059,-0.3776224605825016,1
-0.4377450148859623,0.330162720040752,-0.28076439790849317,1
-0.3934267301288319,0.277938340204535,-0.19137647353901655,1
-0.26682448603650233,0.1935040515285833,-0.037117335566321435,1
0.06155696868746929,-0.16451639771254056,-0.0011025286091165543,1
0.05437196522435617,-0.2751778996183458,-0.09726053568950066,1
-0.1269132231346366,0.18128859701273958,0.048086385595521364,1
-0.3304272522619372,0.22824787535635638,-0.12169904291357181,1
0.08915499492187526,-0.10649848438272934,0.03424050175444476,1
0.32918093484696964,0.17485900628131468,0.13999133099013128,1
0.22967382618593213,0.3288924633360599,0.14199605283247907,1