0.02121337576173077,-0.019830641249156067,-0.5665194426995459,1
0.06660288662917613,-0.030721372723152174,-0.5630983603393407,1
0.0873442793702347,-0.022929536510605752,-0.3970838143714275,1
0.02441115907109226,-0.021413662542327627,-0.5350513048445418,1
-0.06653359716209772,0.1085859285429529,-0.3001040888348487,1
-0.09690953449095119,0.053304517309064714,-0.3107911925046666,1
0.049509997080422474,0.10494754788632154,-0.29962002512977914,1
0.07749205120592553,0.05617771647393138,-0.32094153991085844,1
-0.008200810810738701,-0.03130785067594724,-0.4110344283904249,1
-0.09448779269987195,-0.018241723742643267,-0.3823048564728917,1
-0.027578533537746974,-0.06256560380634868,-0.5707900803258088,1
-0.08946191441426476,-0.1135110862115929,-0.5744175577549146,1
-0.11928029699767672,-0.10910014420942027,-0.482660923616792,1
-0.06196686675936236,-0.07085251187817754,-0.5378080648978241,1
-0.06294023796867182,-0.032859962578125845,-0.45459845945082655,1
0.021235186223554914,-0.017562399071706536,-0.46820812277675516,1
0.0995832237782377,-0.039733403817637125,-0.48303823001283596,1
0.04354740556628933,0.14795272966092676,-0.2527261959815391,1
0.00011298080846067204,0.15729637756248774,-0.2367979114266446,1
-0.0545841298301617,0.1456143500370316,-0.23086020365875742,1
-0.07485565803185756,0.12657072071872627,-0.2489867972022385,1
-0.1649047137927682,-0.020922675029744264,-0.09139007152625081,1
-0.1853010154975711,-0.04157606291557103,-0.042087939460638046,1
-0.1720236258093401,-0.010115028854423391,0.034457908760549216,1
-0.07428745384022633,0.11253680418479817,-0.01576019292907682,1
-0.012217769975888595,0.13471887655238335,0.05882778847441206,1
-0.0388510406901265,0.11977165817450115,0.1312086521398864,1
-0.08067250625225908,0.10051911496188559,0.11407436551911221,1
-0.12554901784477262,0.0535070817592771,-0.05650653611240164,1
0.09882520319740914,0.0796783178443138,-0.045255142511171645,1
0.04413302201541752,0.13850926566608632,0.03647713400735325,1
0.02119529728105818,0.1391156761531133,0.10014666221220708,1
0.039264638143453934,0.13586938007654672,0.13753221938055138,1
0.07139855284361829,0.12925278372689392,0.144320315516345,1
0.1170780337245412,0.09337678086580259,0.1062580591824045,1
0.1412715501154323,0.0558829404346618,0.07929374770394226,1
0.1619539138948364,0.02153329813062488,0.05509037707895392,1
0.1825860933039108,0.0003520259736071729,0.014576994464124748,1
-0.10234538586733865,0.05515831579777053,0.08948978093162596,1
-0.14414376824445801,0.056339348868363004,0.04522410864112181,1
-0.15283372738599543,-0.01136680232794851,0.1219905763396868,1
-0.0773306418517461,0.07422998982430329,0.18245792750723122,1
-0.021930321553728316,0.10928042668082938,0.32122608600545565,1
0.2003886372729716,-0.12246647813433162,0.1859068282396338,1
0.17969489518026593,-0.045881840579936856,0.14188889600521415,1
0.15811299689979516,0.046959964176298066,0.15040204823464298,1
0.09251884381069986,0.09705196860088355,0.2045715625499911,1
0.08250521204971717,0.09368668481896092,0.3017453323936188,1
-0.01426933344130843,0.10560787239920111,0.3833253239236629,1
0.06320799785020714,0.09451223671653075,0.3794395141347544,1
0.11123284639851702,0.10371886555727004,0.32383049544240494,1
0.15656725727835208,0.08180895889555939,0.3224490638882773,1
0.12906813572897402,0.14116678849895248,0.38601288745459783,1
-0.06554395684486114,0.1657486906613197,0.3838940949180938,1
-0.1255891153932298,0.12729816993921927,0.3742597546264643,1
-0.14941593974755118,-0.012773971190893407,0.3802652120562616,1
-0.16636515304013066,-0.06821395397019736,0.3586349042550594,1
0.19938665433501956,-0.034725508171838504,0.38386056803610335,1
0.18807115486170722,0.0509844190287696,0.3858272856610987,1
-0.0042981481462534,0.11364619517912611,-0.17404250036643998,1
-0.11145171453041125,-0.00815860083491593,-0.19289884613317376,1
0.10736000152563074,0.03744193699273757,-0.19174796991233742,1
0.0674468839268153,0.07871452573134319,-0.17899099810873398,1
-0.06868863310021331,0.07275606120654551,-0.1814283306480167,1
-0.1968831226920461,-0.06829005469627347,0.2135425238070856,1
-0.011476642013520666,-0.13263650511513852,-0.36712578785498007,1
-0.07643358910773745,-0.24710299817710268,0.37966163101090133,1
-0.01386987088323366,-0.2896751693370918,0.3087281385126457,1
0.07262365939707713,-0.25506358495747633,0.3807124487422957,1
0.05556071040596233,-0.27858900292534544,0.3351742291257527,1
0.03861015054189321,-0.3067205781314458,0.38223546862839436,1
-0.001474698311470471,-0.32058647803476026,0.3607381882962062,1
0.16059560101182235,-0.16567008911676861,0.3594899556998179,1
-0.13255493651878591,-0.17142842651523438,0.3652007215299411,1
0.0017052356837765625,-0.12054179637175899,-0.5212329368845503,1
0.12567059685803517,-0.15700700219375108,-0.08607620636620194,1
-0.11752804660210936,-0.14005976791541944,-0.08633765518442371,1
-0.1059988233007012,-0.24909650824799911,0.15577500392288313,1
0.12937859417605213,-0.2423572569396691,0.17202042303906473,1
0.003943954599289784,0.08405221098349899,-0.09141145207660832,1