-0.20800147148773585,-0.1073029788210007,-0.07071180265008781,1
-0.28928164777867815,0.07884968390729541,0.058941732248041,1
-0.15164623783535758,0.0031753991230737966,0.02240944785862853,1
-0.23710353039547138,0.022997265752442902,-0.05642982380542616,1
0.29923414594140896,0.12005263562289104,0.0028807289177184003,1
0.4040544837221436,0.16713888842610736,-0.0056441094159751515,1
0.14294531967704316,0.20408891986502198,0.06191478485026103,1
0.040573933162467046,0.17573378549574015,0.03788175611309563,1
-0.17876051859255782,-0.04738223581896575,0.06636746291832551,1
0.4943664980223372,0.16399985789645788,0.05164371253546518,1
0.20273205280737655,0.07635422818215032,0.08835836343471559,1
0.0980039350360292,-0.17286365713318674,-0.14757550832111266,1
0.316014938557295,-0.09961475859955171,-0.08081936877356355,1
-0.07078628037678569,-0.14062056402469125,-0.11784654003474929,1
0.09250215650468052,-0.030950420192086603,-0.08993269496702783,1
0.23188676913943418,0.005423608448007933,-0.060379563088477806,1
-0.1854424771642329,0.20829752659310818,0.10960436862045209,1
-0.0056822251208306085,0.26872398510599993,0.14514179029997631,1
0.19157687757090347,0.29047243193300876,0.16314089370046858,1
-0.06197400539216891,0.11118027385582124,0.01921461017429371,1
0.039898147961326236,0.10145384366481527,0.041174032713135356,1
0.11489579909283743,0.1173645158212886,0.05719042844052824,1
0.1679101623242707,0.02972680321220844,0.004450327100748774,1
0.0669271825544816,0.0007834145837633255,-0.013256525202534897,1
-0.05193208867526983,-0.015581128143470124,-0.02213072231735852,1
0.26099463877580686,-0.20638060643406253,-0.004159723632823686,1
0.08096888025980453,-0.2382947195552485,-0.023583133524617494,1
-0.06836417715757026,-0.2844502020192037,-0.05058804919858639,1
0.15595289398605505,0.2198489104798491,0.28716076526718126,1
-0.04014403267697908,0.16280317235429287,0.250052815617388,1
-0.23358046141148314,0.14298478298351824,0.23695152630955363,1
-0.3655112678438988,0.02234124714040897,-0.030782036061486828,1
-0.3455146142649178,-0.02678335411665722,-0.08117489968403924,1
-0.49526551333776647,0.1656108134570915,-0.1573116469744038,1
-0.43537671119842286,-0.016706140966001093,-0.2858166247008831,1
0.22691258917926255,0.04333998458044688,0.13449747421276365,1
-0.34954408486513344,-0.03702247438798434,-0.0053035832337429145,1