0.2823583217394411,0.03178205382662053,0.3206137181296125,1
-0.28059547212971303,0.031647990287696715,0.32027433021880647,1
-0.28072097339873636,-0.31533473172903914,0.19348422391625064,1
0.27874023653448,-0.32131001845206164,0.1919603395416125,1
0.3036966298065553,0.16191882076391417,-0.11741742623168086,1
0.31289258922367313,-0.1510364811717544,-0.2335863162780104,1
-0.25771840773737076,0.16813081651519857,-0.11731203649728161,1
-0.2568658696974069,-0.16737870670141852,-0.23434547758531687,1
0.4961607570282931,0.3252760103477208,-0.07877156865731738,1
0.4965729494941644,-0.2590789745641717,-0.29249803360253723,1
-0.49732537257763254,0.32894279105528157,-0.081648104147936,1
-0.49255923096504795,-0.2654436429858097,-0.3085930507732526,1