-0.094972026696933,0.14420289186220397,0.49754124632499297,1
-0.05639107288641658,0.17194611554096262,0.4985290004897831,1
-0.15505042601995989,0.04357811090132002,0.49183714804546674,1
-0.16847763700080298,-0.011190019173524579,0.489560361789559,1
0.23707433569296255,-0.23040662340627982,0.489944102186918,1
-0.002130496637918977,0.06424610138161113,0.49635981625726905,1
-0.04661373530728419,-0.01670490783456513,0.49372316313817577,1
0.40648372614094663,-0.17527097796622004,0.4969554735124048,1
0.34268698637745265,-0.2743112616016863,0.49725053105536904,1
0.23719964215904632,-0.27974182119365576,0.4999679370950274,1
0.36264403685043956,-0.07146967644736923,0.4998544007965259,1
0.32737516823196167,-0.10272136745126659,0.4998597682567023,1
0.35545639855468214,-0.27861188288264893,0.20130298192443108,1
-0.055184184574450956,-0.01054464567309743,0.25533715005510077,1
0.3054561181068751,-0.29053175746605264,0.4355959140408995,1
-0.08287764778095119,-0.03553728459351069,0.4356651198592233,1
0.003532253325853496,0.10866402666632902,0.435136513898013,1
-0.01805299626395218,0.06824859903323599,0.23423588651220761,1
0.40661382481052133,-0.1299576911775342,0.43982819566788667,1
0.42882977689441937,-0.1875394809257993,0.20517957236362694,1
0.38113840669096,-0.2312753390353221,0.004133519366599336,1
0.35776566573544155,-0.22716326486135174,-0.1929946295942082,1
0.12713759894687837,-0.05359394443533261,-0.4396686286916355,1
-0.10082865648870198,0.0752481715504989,-0.33386596862731177,1
0.08729247713690125,-0.19107614050388333,-0.22336758446240967,1
-0.14498126010410028,-0.055125542337432665,-0.11963997868105358,1
-0.4383153099472703,0.28554652275916914,-0.39987528211518164,1
-0.4208236880554206,0.24026598621264394,-0.45429516222237876,1
-0.423726290574729,0.27242081169201526,-0.44953765313175964,1
-0.3991742534363407,0.28271744030229096,-0.4605401339914188,1
-0.357078656601443,0.2141553207783513,-0.47455258767325503,1
-0.34522174704765973,0.16520850963868927,-0.4800205023787498,1
-0.3077229676761526,0.2545923831316981,-0.48329619529997103,1
-0.33543934993527236,0.2446236286328043,-0.4729518465532818,1
-0.1964216018307572,0.2072657172180854,-0.48910843734559695,1
-0.26034752752087487,0.1051136283964551,-0.4910319917620294,1
-0.3278393884071047,0.15971882157444917,-0.39106370377622146,1
-0.2685300947344551,0.24168489561366524,-0.3999870927832352,1
-0.0011871185075689183,0.16427762938311208,-0.15129486771237083,1
0.26130794097624666,-0.011605300090637094,-0.22722162248087796,1
-0.2963379102159498,0.2178461491290059,-0.20765828218060345,1
-0.19079226994032417,0.16150809004042554,-0.2364449357863146,1
0.1985238078096767,-0.10905570405267917,-0.35803951441397974,1
0.24725195654680565,-0.14663875044566088,-0.31323343309214935,1