-0.44433202578535624,-0.05227236020370718,0.18125070601285253,1
-0.4900757385534309,0.10361366680279715,0.1663652708744795,1
-0.4683228603578531,0.14140633912822942,0.1613962270458814,1
-0.29065836648996695,0.20322700100017954,0.22008711291479421,1
-0.12035155537131808,0.180128271058821,0.24698148053698882,1
0.058576584188774844,0.10905604220962495,0.18145695996216615,1
0.19587579761237075,0.10151588696400249,0.23942457524323563,1
0.45211036528600257,0.045542793538368764,0.2233140825660882,1
0.49594748736404265,-0.034071064456604905,0.19875802763392936,1
0.3532212639657413,-0.1940008716881252,0.23448641248286417,1
0.19105284463368632,-0.19372085234246605,0.23337859321605087,1
0.04817435964104799,-0.11314157052840556,0.22143413827525982,1
0.008945325369384971,-0.15809085537557443,0.19579100360013174,1
0.13460279197640368,-0.18362500880625276,0.18373476607601324,1
-0.20747792164508355,-0.16819269898493916,0.23070136583153,1
-0.3452305052475176,-0.12496051604438607,0.20890867404124957,1
-0.2369739642013946,0.20312600303204664,0.15497945091341458,1
0.015027602504650516,0.14797124647232576,0.12946144985850294,1
0.2401731378021902,0.10584447593776118,0.10143712118905193,1
0.23200023975452844,0.11310509271403068,0.15867625904860683,1
0.4236578741538901,0.07210794950865565,0.08232988376209071,1
0.46377219603507086,-0.10342453072681062,0.05522905724480395,1
0.2721092193127925,-0.20160373108127327,0.11657056694921985,1
0.2370621156669278,-0.18887519532110497,0.08483179136981711,1
0.3527033921634064,-0.1901233112123064,0.06695655010716272,1
0.08416209733283943,-0.17203591241015614,0.12293433654139665,1
-0.1101439388265937,-0.18363507553109048,0.12381642331059273,1
-0.19460037891916348,-0.17273577491661385,0.14143146466225898,1
-0.39879057534905804,-0.0793984485481336,0.12696826594170396,1
-0.10700903718031866,0.18500344637641147,0.14445384429415373,1
-0.4753631161754794,0.12058409261549607,0.09045335389927933,1
-0.47531139282987644,0.019033721838761952,0.08783514696824746,1
-0.22652535552407915,-0.04850495333911353,0.016032516707481292,1
-0.21667174867515748,0.13259144429059733,0.00957905482917476,1
-0.2566586477814268,0.10499535171219087,0.038238349547210726,1
-0.14951174891933683,-0.0724339814748548,0.0007689390020344522,1
-0.11531738377194905,-0.085322820769554,-0.014459809204815488,1
-0.08559959741272682,0.14528710087431817,-0.020646866313895673,1
-0.14032598698258458,0.14522573384638937,-0.011332175243180975,1
-0.06415711102117277,-0.07153818842543163,-0.09544098191854477,1
-0.08415120478159177,-0.07112679370906782,-0.05789105988566856,1
-0.043849426248577295,0.14784584878181375,-0.10427268316791077,1
-0.062478166082148956,0.15988751544774127,-0.05074793105965647,1
0.030070475466993596,0.20157880199377742,-0.16047197464339868,1
0.013472476619152296,-0.09930202530614807,-0.1625662786950144,1
-0.02980904286245023,-0.0966884407647508,-0.11256217091613085,1
0.0037364710795584343,0.12598315209122468,-0.262375913170239,1
0.052006866746830305,0.05245887826885909,-0.2644944101980016,1
-0.0272445845800684,-0.02115677484203493,-0.26581561980753743,1
-0.09125200628329644,0.005568714496676286,-0.24428207728908752,1
-0.06911649577632062,0.1353659728351424,-0.2426158570866755,1
0.19859601762166967,0.14609211800296784,-0.0880873862274898,1
0.3531512553157974,0.05751573164249513,-0.14392324045174476,1
0.38690868916675636,-0.0378263290870251,-0.1493052891278719,1
0.37330138202145035,-0.10954319417743996,-0.13825635818684415,1
0.3267518667149458,-0.15797401666527055,-0.10684397040551319,1
0.29130643888588814,-0.18879553939367977,-0.08460419819757037,1
0.16140047315887274,-0.16772788141313088,-0.09980468447119195,1
0.027632135933857382,-0.0303647256915216,-0.2594383344977956,1
0.24255613566611678,0.12047181289067739,0.04274337857840749,1
0.2562928407125869,-0.19510070498718512,0.007234886385779404,1
-0.31618863362707383,-0.08204609689442554,0.06959428933281675,1
-0.44686152937495194,0.058716608129260495,0.04558577912983586,1
-0.39288885218018965,0.17334273228605568,0.08112809736166992,1
-0.19108745387837134,0.17804212552583287,0.06404011910296225,1
0.19110324779545618,0.0882322856837825,-0.15810933377287095,1
0.11045621023385732,-0.09173729623011306,-0.18636792665689938,1
-0.3218995946275167,0.052977745488989036,0.22354535797852648,1
-0.2842321209251606,-0.07224597582213477,0.22881776849763813,1
-0.18902271325951736,-0.06344064457592302,0.24068000705004588,1
-0.23436009673840208,0.059926357845657474,0.23890289683553822,1
-0.1565899392007013,0.0987238830732673,0.2502516677154196,1
-0.06540765671779103,-0.08806155488746148,0.24725915361061212,1
0.014992301409411323,-0.017200820297059938,0.2404035329921823,1
0.03931272474893481,0.05623218473798475,0.23532565996666707,1
0.1278038617486894,-0.0016725622211135604,0.22447402619120682,1
0.24223255480650518,-0.15390075370100264,0.24338340602088726,1
0.30804353099334847,-0.14635958141619665,0.24270711176773885,1
0.27474807826526026,0.014023756108034524,0.24859102893060658,1
0.3630884480033343,-0.05043732437160542,0.2426786391655842,1
-0.09717711507574499,0.002627599981003814,0.24871588286021898,1
-0.3257247409301649,0.13838529353032847,0.22255766479914207,1
-0.2601763053696402,0.14264084926999954,0.23660719108007333,1
-0.16982089282621904,0.1555891144642697,0.25552065658933143,1
-0.39509468647049583,0.15102281749031054,0.20772897598054918,1
-0.41740360154310174,0.08368890969248932,0.19873377616930465,1
-0.40885336295109486,-0.023032320761555702,0.20631980314533171,1
-0.2826547550105598,0.09014915964036119,0.23496978286770487,1
-0.11410626310974514,-0.136510308075097,0.24227850242525628,1
-0.06351564841493296,0.0820550467403992,0.255369017759573,1
-0.09712891225202624,0.10230224486467132,0.258113998460455,1
-0.08335444551273174,0.04968436625148581,0.254326508684588,1
-0.031349879130536606,0.04613089350112137,0.25508595460448163,1
-0.037811558866338246,0.10247309079339994,0.2582573037028495,1
-0.2205642789604556,0.13389638896350053,0.2455956374936652,1
-0.3737317965327547,0.10179676081231448,0.2159017071326863,1
-0.4353399951905379,0.136085793129197,0.19737502093695625,1
-0.21249799446992368,-0.12446539213093666,0.23941009592999318,1
-0.2842337515210466,-0.1222259339505527,0.23040872814714608,1
-0.15985431928578508,-0.09994300946484502,0.24344907421746598,1
0.3506849462347388,0.0290266958690788,0.2439668339930714,1
0.40790555361879654,-0.012680284422114107,0.23817639741860663,1
0.27096385366116116,0.09461960633715582,0.24554127324345964,1
0.1779590603203629,-0.11064356302880551,0.24352239134677322,1
0.11528549835778801,0.08540151256319206,0.21099234342588571,1
0.1442577141317214,0.14236719323852753,0.07393468311670936,1
0.2901414143151104,0.10899391669896996,-0.06983084562926489,1
0.466008978222173,0.00986427668961376,0.061735719869093986,1
0.48073723753572395,0.02134705981815621,0.16508750834052688,1
0.4143569977610184,-0.17222002468880726,0.07425794875032032,1
-0.05736074863671664,-0.18231916418022487,0.18287455844316602,1
-0.13356179874538165,-0.18972901577473544,0.19804513893047526,1
-0.14350533190793802,-0.04897821001140579,-0.019342581691739302,1
-0.11030972132215266,0.10597441062910018,-0.02112388748167726,1
-0.05282939653317141,0.11646116630379179,-0.05921928555391124,1
-0.06807075678964458,-0.04866626366055654,-0.13148952459741858,1
-0.011907758108315125,0.1690925900626078,-0.13826925128899825,1
-0.18295916283420244,-0.04646811569112019,0.000010516605153387814,1
-0.1707728022002517,0.11502751114266185,-0.013413163721132881,1
0.035541436557896766,0.1855658683509078,-0.02121139018309004,1