-0.3888039103335448,0.10780290679053106,0.32345541616524287,1
0.11459070577071029,0.09649303947054233,0.3181272684221178,1
0.09984359329456893,-0.09904983682673674,0.31549139776076224,1
-0.39951893049149945,-0.0970184224196835,0.32174092904359886,1
-0.3934342999336702,0.10990946466611051,0.1199677906989729,1
0.09511464213790444,0.12065285621304533,0.055346936907868516,1
0.08165550676330902,-0.12824649756848716,0.011548099211189877,1
-0.38332562204670295,-0.12396649559364625,0.05815476035420487,1
0.39670690499946915,0.08820905187904415,-0.32077479387037044,1
0.39469046633487537,-0.08786333930355239,-0.3163220552005592,1
-0.48951039702112364,-0.0011062970789232907,-0.2135947311527986,1
0.314362413459061,-0.13523719573800363,-0.2764671023240788,1
0.31284133753169807,0.13939788221533245,-0.2811333829824636,1
0.4898234074006277,0.0023025422354050196,-0.1460746633950738,1
0.4419167639967112,-0.035866880617902386,-0.15801058886810382,1
0.34613626753464644,-0.06252515523178293,-0.15987714134367859,1
0.413281590761456,0.036745893417279296,-0.14294415095773538,1
0.33995369115911694,0.05953948147330984,-0.15476293479517902,1
0.05305692679734897,-0.005060421211571159,-0.23211309450273976,1
-0.36922017928165696,-0.04397552347620959,0.16178153026877795,1
-0.31957253499871907,-0.04252727650712185,0.16388573179541188,1
-0.4693361773836946,0.016278165291103264,0.07896514716642211,1
-0.2691354424973493,0.09774023521789788,-0.20380714986304713,1
-0.26142980792484316,0.152940178840278,-0.019603037126857514,1
-0.2871587446337409,-0.08642281880364733,-0.21034654710315842,1
-0.24521276569290384,-0.16027343090537838,-0.011527462305386538,1
-0.1444559492643397,-0.11587835028318039,-0.12256980498007608,1
0.13229436644857606,-0.07393648363701688,-0.1604088029910532,1
0.33188193378569153,-0.07183514153359383,-0.24881812480500642,1
0.33304496399335526,0.059615284486207454,-0.23597159400485124,1
0.4026610076411068,0.049160999750764045,-0.24696498602729733,1
0.40593483223565013,-0.04610647080075103,-0.24045291771187283,1
0.14895143135041178,0.032759943787828816,0.11927520159603647,1
0.15437082788902212,-0.024365928122940916,0.11752572786444046,1