0.04847574397940113,0.29296851004302926,0.4778652556420333,1
0.4708795715978857,-0.02217190663936952,0.12899331466860175,1
0.4676078402949052,-0.12025187102471091,-0.03241021242355124,1
0.04158731883691186,-0.27905810632398675,-0.45929724291300466,1
-0.24033813917495733,-0.09947680603009229,-0.19970713515072935,1
-0.4825133710298103,-0.0068269453363198895,0.014000594114699005,1
-0.21852624373660215,0.02371091119195301,0.06457854757302894,1
-0.21447415938592995,-0.047708054999630226,-0.049073835756265866,1
-0.295141493753981,0.05318351201074556,-0.026534743288302742,1
0.038053720785072825,0.0014870334550629998,0.06656281154570703,1
0.024662989769565657,-0.05153286255523121,-0.03770769934050189,1
-0.1038058934151671,-0.18682330960895932,0.10371668757754149,1
-0.33171646619269335,0.043995718004597006,0.033256358763821936,1
-0.3440141472084467,-0.011038043698801791,-0.04190986503017591,1