0.3255429839823947,-0.12758963645983534,0.45327240095538634,1
-0.056030757986139434,0.025154332898408515,0.49043269304198844,1
-0.3507146144426303,0.31892534721629184,0.13087816787962492,1
-0.47653204769984913,-0.07811603217996321,0.05804678892518966,1
-0.3123616264544129,-0.1826403918845685,-0.4040354264297309,1
0.13368280513164565,0.13244906385446153,-0.3889063128614336,1
0.17904404048444022,-0.13875883012419332,-0.4975455123755747,1
0.47885808984632494,-0.229540988611582,-0.08144722339706334,1
0.09652891212848091,-0.08598800985817467,-0.14483524568565686,1
0.09793904983155843,-0.15236445125075226,-0.06155097858208941,1
0.08931017293255694,-0.14662408085332706,0.026045101590414066,1
-0.02659605970356993,-0.016558948612903607,0.06282401772627377,1
0.015818491009585544,-0.1399466821928888,0.1076625128267476,1
-0.05902648177174033,-0.07326139334528303,-0.0367330905591432,1
-0.04238995199141202,-0.13016878726124625,-0.10710754991745519,1
0.017947198846591572,-0.032969471352574095,-0.19217616762406053,1