0.2328249778540803,0.048605246578049766,-0.37513585019926543,1
0.2287757447234129,-0.15697663709437481,0.13769457784153127,1
-0.214888408509595,-0.1494000635546019,-0.483017555814676,1
-0.00820167343595024,0.40873584539924756,-0.270305795644884,1
-0.43371951683499343,0.23937389219353378,-0.3222735966297807,1
-0.36275642697162674,-0.038871539869788085,0.43115272337343835,1
-0.12438699488632943,-0.1693937821890028,0.3723685358127624,1
0.17711398890046404,-0.2000072378153217,0.3694418042826025,1
-0.2208506045996712,-0.40375131390626695,0.3045091986499555,1
-0.06426941994612534,0.0599395352040224,0.4939075878056087,1
0.21522202762079262,0.08535632091430889,-0.22609743355123801,1
0.24255478971923336,0.123875336923024,-0.34176863536998564,1
0.2399102130891525,-0.07047143910985332,0.15372562757421115,1
0.46870395025171685,0.025554157411153966,-0.27779192886949655,1
0.42036706591228023,0.07716230710389382,-0.36510472314574965,1