-0.48508005467901505,0.17403132365062746,-0.1550078820813452,1
-0.4246379409072176,-0.018105080138759888,-0.2906399190264377,1
-0.32316470177647893,-0.016159836216830925,-0.08624747124689991,1
-0.2988917128754607,-0.05702032793691725,-0.09132030145878334,1
-0.34658717357686086,0.024928293859442174,-0.047793201189359244,1
-0.3336029204679729,0.05418016208795029,-0.039832961236685435,1
-0.29144883874187066,0.07988345862287982,0.05373464181457699,1
-0.21646129590832391,-0.08607071474874872,-0.083098372876234,1
-0.1482878060842167,-0.03918623630826773,-0.012711348673835831,1
-0.17203066029492478,0.03466033632220755,0.044563767569198554,1
-0.06585498008312207,0.08827552754567577,0.024672252281052936,1
-0.06040922214118205,-0.01671805441023988,-0.017411693156590857,1
0.029299441808646187,0.09660560167746435,0.03929679866463354,1
0.05623657441022275,0.0023677283512814062,-0.017888381486179994,1
0.13856389721579504,0.03006907995165009,0.015358621698740471,1
0.10776676312751621,0.09982968290336314,0.06102606737409255,1
0.22204404615418866,0.08954754865870629,0.06232803503714157,1
0.4820465675437817,0.17936081785685198,0.03975328112453447,1
0.2608840667077921,-0.22176319447054293,-0.011093544238605091,1
0.09706981629763245,-0.24449771517052832,-0.02859847045837971,1
-0.06770442149458211,-0.2931499975385472,-0.05932130108973377,1
-0.23270088968825497,0.13383031057906758,0.23209679264053307,1
-0.03609545359995181,0.15726143227484712,0.24862637174349172,1
0.15819049195320112,0.22083561762770643,0.2902945393386271,1
0.22960111558047358,0.04600955402398332,0.13710516788712707,1
0.09544026924826387,-0.15538738960002363,-0.1552724222635381,1
0.3115775106937877,-0.12268637202291541,-0.08066357107985067,1
-0.0910248926653594,-0.18688587079279284,-0.11729590072873996,1
0.19003877156918936,0.28676230565261473,0.1433769728382357,1
-0.1988925112190891,0.2141933239261744,0.09501931332280483,1
-0.007130204039609733,0.2717551269608335,0.13571002643556096,1