0.4435852888972871,0.38929248029288654,-0.010202982725827203,1
0.22398033332881173,-0.4138372537886805,-0.49612993577832276,1
0.1587041888085241,-0.4518465449143334,-0.42470552930579153,1
-0.047799059944288125,-0.17350864744114514,0.45150008538066144,1
-0.1605668381002907,-0.08981415091028388,0.48254334901004636,1
-0.21060084369289456,0.05326282150674366,0.4561260860377372,1
-0.45818895803501647,0.3940995622943735,-0.3705412220489679,1
-0.39425736118599985,0.45430089922372474,-0.4507666475924079,1
0.2649013907836997,0.3166764270237117,0.03327445171955867,1
0.32841042640037,0.19615562341761006,0.029805360069344644,1
0.032665113849906224,0.12775078195212952,0.2751146607580719,1
0.1129657041713481,0.032694378887509146,0.27588932784599507,1
0.2983008028228832,0.004277299039884538,-0.24530903655133684,1
0.0579338840196032,-0.20253484766726326,-0.03913485416249396,1
0.019047582725171708,0.3611940841911867,-0.2295627445702566,1
-0.2601648152392091,0.18970456164114657,-0.04586665722529171,1
0.38874745541077354,0.29632908324845264,-0.020233484915518573,1
0.34941108055771375,0.3558255040478038,-0.016006103271873684,1