0.0428750956817846,0.28099642828337234,0.055912125443402516,1
-0.0720148580157296,0.31277668098134054,0.029367456599950214,1
0.13807586692555562,0.19964957377340797,0.050242098469811314,1
0.07583457212259659,0.35314949709064846,-0.057531994022146815,1
0.0183677846625101,0.3278136324124047,-0.05489792440464225,1
0.09304851944917658,0.284897581898734,-0.04330162844006247,1
0.17170577263016673,0.25360719471567405,-0.05822293770006892,1
-0.06759790511018937,0.34474406531113644,-0.07462768838029665,1
-0.0029302898917180075,0.19301729147637953,0.13126869289161372,1
-0.35465728261421425,-0.23779246653623787,0.1592633025317376,1
0.22378578874765653,0.11136463474048841,0.1445698893795794,1
-0.18460573204397357,0.2136401786286144,-0.1513564899778077,1
-0.23996472454163564,0.18108688691157004,-0.18578223534982952,1
-0.1870029647599073,0.1683398193615515,-0.0667934362997511,1
-0.20243485715580411,0.16182603068638457,-0.1382690163073006,1
0.16656500342227032,-0.012104074648468632,-0.15893832517749673,1
0.16801488283364885,0.057433969337641,-0.14253206641050847,1
0.12927034252172426,0.04402116601103931,-0.05315251812642807,1