-0.3782464660445426,0.3147945955209943,-0.42830751222349805,1
-0.2688045168546118,0.4345182614680265,-0.4062363514939271,1
-0.46349670571421786,0.47219007783930067,-0.29954016236320235,1
-0.4581760075794823,0.46381389811891615,-0.23884475412428774,1
-0.473910832299409,0.39390162262910833,-0.19126250923989918,1
-0.4160260250211223,0.46164675238484665,-0.19236874270293996,1
-0.09540998949074231,0.2703679530075478,0.048746397594177426,1
-0.03444418618522693,0.15742618700309396,0.42383339718677804,1
-0.052282554709725204,0.10902822467949491,0.42371722689212676,1
0.0008362568093049916,0.16021776950031796,0.4298407168255147,1
-0.23363511250209312,-0.1122700235458185,0.37464026316502896,1
-0.22628387260974803,-0.0599925622333366,0.387261476488713,1
-0.17925252048634377,-0.031410228015066544,0.3999911593996881,1
-0.2766720421801039,0.05642571369834615,0.0287510268937341,1
0.21662586662549732,-0.4213162043513565,0.2617246824713386,1
0.20113989599931564,-0.4692977758473007,0.23924028463465507,1
0.2752186887870586,-0.4931793829493849,0.20162297452067568,1
0.26695890402697375,-0.46756152373425874,0.2524449912125255,1
0.2527577532601345,-0.396919531682421,0.2653704061041453,1
0.4696784891825644,-0.28689719701672844,0.23207930150780243,1
0.41628792830219774,-0.2653024525815133,0.229318252674104,1
0.3831140857495875,-0.2683059607079683,0.28090291670606193,1
0.3962328862037153,-0.21393895918817396,0.29969632846068883,1
0.45589298759137475,-0.19365614650727014,0.29812784376550016,1
0.35366327512468914,-0.1969262702732244,-0.014331999370217119,1
0.2016016855260112,-0.3578493588362506,-0.04061398596038357,1
0.2678825311061668,-0.15257846786276935,-0.3821115537737543,1
-0.20358233347440435,0.24820886900334704,-0.2704052621407911,1
-0.03321523365038148,0.0944644724681365,-0.2530467911919425,1
-0.3255574217834737,0.21846325635405006,-0.055096530347244044,1
-0.25484288748158246,0.3024986194744974,-0.0381541938524248,1
-0.2535769132152499,0.01117523647973151,-0.14069747002099664,1
-0.18093324391230425,-0.010357436551936216,-0.19577561827142453,1
-0.213411890182031,-0.03863493924500805,-0.05954555087138247,1
-0.0023475799158489962,-0.07315869307975964,-0.157259261959937,1
0.11639958569787945,0.014571433473514305,-0.1390543832629818,1
0.027464291388406003,0.08050568118605494,0.032170345092332964,1
0.02526422153877883,0.21419423837214824,-0.022418683188185184,1
0.22520645015262186,-0.026715313990341993,-0.03913478456075836,1
0.22147000148377227,0.02178922683095008,-0.22794317620351667,1
0.05748556156485285,-0.16466214525948053,-0.2602402203506964,1
0.1646661012033446,-0.2545399253570706,-0.16649316833659067,1
0.31461049581156403,-0.08383630602796638,-0.12466813915670793,1
0.39326632272164835,-0.17409638599689225,-0.038352851867711785,1
0.24277697608573478,-0.34797548944101653,-0.06669255032810461,1