-0.22254686518533617,0.05451757688611547,0.48252750416215884,1
-0.1896050164470644,-0.2459281857272657,0.407898004896724,1
0.17971309735029184,0.05670627859686306,0.4974930279023172,1
0.17674474825168201,-0.22205222055562135,0.4239304432514636,1
-0.2225874123830233,0.19487114896308627,0.08780730655898272,1
0.1812798817561958,0.24314370003197957,0.10496650541214425,1
0.19888446843861474,-0.019216675728328636,-0.4546104549764005,1
-0.2190946889433527,-0.05578556943474833,-0.4723562423657812,1
0.17436026482951616,-0.09415201062577838,-0.014806969995754038,1
0.07764064524050573,-0.10858488879151998,-0.023026458998585575,1
-0.009343192311289383,-0.11410342971121612,-0.026386422895686434,1
-0.08448312386859569,-0.11196576732358468,-0.0386583746721586,1
-0.21160051026929724,-0.1435163367218892,-0.018996174574807123,1
-0.0964929451329809,-0.057317947152744075,-0.3001442951693581,1
-0.02902587512584054,-0.05997931703243342,-0.31006443523899035,1
0.06267700613751137,-0.04506711799196372,-0.30593089435320303,1
0.14707485240496998,-0.04929891825869959,-0.3039263974354494,1
-0.19272654983488713,-0.06872184311669951,-0.30383699503445505,1
0.20779565206564982,-0.04240777511241367,-0.2971769988777893,1