-0.05388365837795783,0.024677718339063736,-0.22257257749225887,1
0.07793203845951901,0.04334977429062792,-0.2274691143861232,1
-0.24860678979844786,0.001319308007915021,0.03268788015818638,1
-0.08218344765657964,0.08693718654948773,0.47022815955809205,1
0.13424575501735258,0.07816590122148525,0.4706845595147564,1
-0.049754505526726556,-0.0038544437320321423,0.18789762358073975,1
0.07634968807443698,0.002816623043643496,0.1990500864022521,1
0.06900923541100812,-0.007289199352178977,-0.32827345067724855,1
-0.03957083450799237,-0.01920853895745067,-0.3297582886743299,1
0.0003352101372795513,0.043473789810231395,-0.42929426405913923,1
0.003121865600253182,0.035415540580554655,-0.3914060924511941,1
0.052816566459777836,-0.026173837850564874,-0.4265670566720222,1
-0.03532014829070773,0.017141512385304536,-0.46591885043438175,1