-0.009822515327011255,0.1573719497285539,-0.28866267509912746,1
0.434507596108809,0.008698058063727851,-0.13627159878046793,1
0.3649126098552047,0.08538307529765998,-0.13848265619589856,1
-0.38304897787274056,0.08296817170080067,-0.13549143869503466,1
-0.4352025850706527,0.00032664785138347696,-0.1432329975169151,1
-0.2645151256168299,0.125666414761324,0.3988784146911658,1
0.1723909303486304,0.12323242330789757,0.4154598720146119,1
-0.15415186700673167,-0.022724700811490805,-0.4860732895964155,1
0.12422791318414361,-0.011170383301498887,-0.4928007904323106,1
0.2903829519957295,-0.0014449458032346207,0.44365910596462976,1
-0.21836625735183657,-0.020822519532928574,0.4828472146785705,1