0.2674154093736205,0.00018937647822969694,-0.4576106252112333,1
-0.2516128045189667,-0.0025782728738938942,-0.4643354580765813,1
-0.26583108764445406,0.28475831261558215,0.0291620999259683,1
0.27246988037936104,0.2807389381564396,0.03343448304347696,1
0.21664185520769497,-0.11494594738655284,-0.1045414502587505,1
0.2245718227146627,0.07345837795138976,0.4908728939825542,1
-0.1903157504781312,-0.31785163370490865,0.30853378800658904,1
0.2254910203131999,-0.3308447011351374,0.3142475490815526,1
-0.19168103011731707,0.049858387350389166,0.49007953535485915,1
-0.18265006748653467,-0.1269393374579233,-0.12118341610843819,1
-0.19725058838624654,-0.2462111226964514,-0.11964906624960481,1
0.21015659568882983,-0.2463583935571032,-0.11566343204911344,1