-0.14512822031974792,0.12361659109592438,0.12444207072257995,1
-0.06643091142177582,-0.13257938623428345,0.12444283813238144,1
0.1600516438484192,0.08568903803825378,0.12901617586612701,1
-0.008767876774072647,0.05947648733854294,0.15119902789592743,1
0.012693672440946102,-0.01680430769920349,0.15308919548988342,1
0.4936329126358032,0.14105062186717987,0.12434718757867813,1
0.07798085696069179,0.0521359697133148,-0.15779312365931886,1
0.4776149943565713,0.14290286202773927,-0.14436233119583086,1
0.3102026026448321,0.12559743513444932,-0.06369433646383982,1
0.29299714231019935,0.128729832672545,0.047914894502378944,1
-0.4996183707600711,-0.037640136895461196,-0.0023915910916363914,1