0.007942737392218943,0.48650377563080293,0.09963863380756468,1
-0.410019535937491,0.45690016278306045,0.07449996130189107,1
-0.46257639734939953,-0.12461738251834275,-0.282786104119676,1
0.4705713867835255,-0.1913169021067096,-0.3061455867151992,1
0.4393838851386043,-0.48307865327662846,-0.23541633526060046,1
-0.4479471974202518,-0.4910641351375855,-0.2133147908309887,1
-0.42334069443314326,0.39358319534821007,0.1206579925671587,1
-0.3125322329692235,0.3050462714919808,0.30723617986485463,1
-0.10114170264237243,0.3158104301025434,0.2845979301078242,1
0.1279477788778145,0.3070942924227589,0.3036456985579006,1
0.32223701451884806,0.2967355259052564,0.2966968324440591,1
0.42623432866866206,0.405059891173142,0.10185604840858886,1