-0.43785439988698815,0.28745918191970077,-0.3967606549659113,1
-0.4249660646865845,0.27095836336724055,-0.44195188194880863,1
-0.41981457392443655,0.24336994065442408,-0.46154669327972364,1
-0.3859607660477473,0.2889908662427174,-0.45136082094862306,1
-0.3549499105450229,0.20130690916250327,-0.47334022327737557,1
-0.33334363516356235,0.2461094897804761,-0.47263540848384,1
-0.184222197859909,0.20458333762692304,-0.4901527751581433,1
-0.2558586720600875,0.09054035641830316,-0.4894073848891155,1
-0.3561889932052198,0.1997238715040397,-0.4123940259028027,1
-0.32565575286348114,0.2504188028609926,-0.41388129067504,1
-0.3264741373252589,0.15047701120825252,-0.46825754409272413,1
-0.25770107011897636,0.2356744727579878,-0.4729098074141743,1
-0.1656981872246326,-0.01596513867680094,0.485203166057998,1
-0.15985978539550194,0.02591604309865525,0.493242993972782,1
-0.09140582550696119,0.14369806961781031,0.4897413267345937,1
-0.053348565982017426,0.17154955363798843,0.4884794167294858,1
-0.054137793596859884,0.023601826299776224,0.2444885397527938,1
-0.028731822906832627,0.06273239809669148,0.24211729640982443,1
-0.1364039700985189,0.012981652289105871,-0.015913530927949587,1
-0.07081733396493428,0.11833295430001973,-0.01640866390548973,1
-0.04855272038334579,-0.01941594437607641,0.49391354842327395,1
0.00012797185489699103,0.06389033267752531,0.4957309064554014,1
0.34850621222194866,-0.2731717102778539,0.49648634459828744,1
0.23126555977729413,-0.284145568451311,0.4996491334497031,1
0.23620658055942245,-0.2310809679995458,0.4993411518674642,1
0.31746715156315463,-0.09722805272672197,0.49268834312309906,1
0.3605590095023876,-0.06639792424832835,0.49933587032969795,1
0.4099352225479054,-0.17778241937561923,0.4840592597264761,1
0.4395004292908178,-0.23079232667820726,0.19432373870016883,1
0.4138058664627109,-0.2740345927111756,0.19939108942064187,1
-0.08151299559117042,0.03858217291745847,-0.3451758979248042,1
0.11624459055754665,-0.08343451968388027,-0.43701326648290595,1
0.3833205185512838,-0.22676274230268767,0.011195313228781422,1
0.3362767276329257,-0.2107344797938575,-0.23043877118429368,1
0.00740930705206666,0.1528665546190518,-0.0601078714153791,1
-0.12385163687327716,-0.06906536408249664,-0.12027693580230725,1