-0.09609721705295726,0.3756837896145715,0.019765919413652355,1
-0.059316730005051,0.3167054821055464,0.22561828669014705,1
-0.11869364448053943,0.25667438635308115,-0.1298500243665306,1
-0.056407798862971426,0.2929597728116632,-0.13590797665410503,1
-0.1257081444278887,0.30377340349423565,0.02985042874292554,1
-0.029461963708909078,0.3135007123636961,0.03828197994201865,1
-0.12129851392738233,0.27370673673129175,0.14986721485165555,1
-0.014709605877119891,0.30774067345123557,0.1357852331326388,1
-0.2346611640625791,0.17053291490732247,-0.058304454392037686,1
0.10146537396436925,0.26050935625524346,-0.085928912654846,1
0.22698134482895105,0.07129917950834293,0.04734494756738877,1
0.2966270645795832,0.03462842420622547,-0.13370056878397485,1
0.35066797923834425,-0.004960220666171633,-0.07520332630385029,1
-0.21404297008493986,-0.04746653303688406,0.07094249439106592,1
-0.2554246232081768,-0.16818747421681002,-0.07240627383890485,1
-0.2375309727697808,-0.1518659992005744,0.04071513435824059,1
-0.24507345763151372,-0.10679572808714888,-0.08679201196792019,1
0.24376829814909526,0.07999649513827772,-0.10605650666555416,1