0.49215966294790625,0.09353864843114087,-0.0036193342971425624,1
0.4796587257297644,-0.03075756029327406,0.17420545114453811,1
0.4658698719228975,-0.032016072845782145,0.06823253553210717,1
0.49691794868907934,-0.04952072184071693,-0.003016598207441268,1
0.4657236344631015,-0.027926709992511844,-0.0458939729774801,1
0.47597590810600776,-0.029990416920114282,-0.1748227611784049,1
0.4310103266819145,-0.03347596504434344,-0.18136400146625553,1
0.3183632003775745,-0.026531829226134895,-0.040803527348545976,1
0.1512175831371212,-0.027538973104087177,-0.061036719381217686,1
0.2606784893830243,-0.025481759147209626,-0.4320135500596117,1
0.15645348226839512,-0.03186825077247124,0.05863406980202712,1
0.2550562806182466,-0.02200604953581209,0.4176495948870329,1
0.11654665119100138,-0.024864670907533748,0.4316357608571948,1
-0.20182896996081445,-0.024273024729016823,0.05895037596971342,1
-0.3681738624294006,-0.049033125953307666,0.04174290665358482,1
-0.4926552066672037,-0.06703303013570283,0.004081508076648088,1
-0.2628816119281798,0.010678335040290698,-0.002342629950218389,1
-0.36255780778526797,-0.06051776106673715,-0.04256427459480003,1
-0.21357664423919947,-0.020688891110619972,-0.045614742339068065,1
0.18782886405699528,-0.0918625926317648,0.003088598801553488,1
0.07243045569806547,-0.009680432280122608,-0.0009383311129044225,1