-0.49251607877947634,0.23741984591311876,-0.17194825875797273,1
-0.46050524974010054,0.26016530379037217,-0.17381543390471865,1
-0.4886100392443875,0.1699135614108802,-0.31587230547879175,1
-0.4401261751179595,0.28965391731815426,-0.3222668874442749,1
-0.48660746338878624,0.1969399636408795,-0.44248534582184584,1
-0.4479465894758583,0.2668841075712596,-0.44665502031072,1
-0.2838930615188763,0.06126904752394158,-0.019656734280349253,1
-0.18923919306996428,0.2035280733720859,-0.03020482007913583,1
-0.2160875903642535,0.03858772561888779,0.25036971473338476,1
-0.17019552136016452,0.13630304718930852,0.23508787590008118,1
-0.2587833579712717,0.058061076638311615,0.4454155558284434,1
-0.204384797863713,0.15921756390659558,0.4402585835830881,1
0.44645861795772257,-0.23880707007138901,0.1808651501070262,1
0.28388989257238406,-0.24545620201977603,0.44673703879901794,1
0.36319310361434387,-0.09487965023190492,0.4433320544309677,1
0.3214176268789162,-0.27927282053868785,0.19973045402622347,1
0.4070445417647943,-0.10982812465464975,0.1971895698602535,1
0.33165796111220624,-0.1716430489486888,-0.18784799645208824,1
0.08347139269540582,-0.17987592227448057,-0.13481381117969482,1
-0.1192273712737455,-0.0683371027773454,-0.1339169549260082,1
0.1754367542414198,0.027841357151680096,-0.14818517569725004,1
-0.014384193648050436,0.12151294978187943,-0.15272304816627002,1