-0.4895664759167063,-0.06475046099331827,-0.0007641844811887566,1
0.11761156771023406,-0.02199915791330387,0.42895926102925674,1
0.25405092967630693,-0.022063881674175167,0.42636007839885836,1
0.4184938736647955,-0.027869191260461612,0.16084299149226133,1
0.4788083382661278,-0.0306031990994704,0.17596297459296917,1
0.4905709276201884,0.09486218374306165,-0.002279528333064995,1
0.4097180690982768,0.09123095065574471,0.0037702213883488156,1
0.47483643350589366,-0.028811395933990624,-0.17088243616077925,1
0.4213925394273583,-0.026746236295833725,-0.16254957983018947,1
0.11007023375047531,-0.017464131042657982,-0.4155414974065259,1
0.25517409542900626,-0.021990865612508514,-0.4268802373323517,1