-0.45808246893868975,-0.4776074777956726,-0.2301213732973526,1
0.4324705523006074,-0.4832528570331276,-0.23658203676228595,1
0.4514084967956986,-0.20916273978771027,-0.30481313063457804,1
-0.4665512758843151,-0.1848590363830418,-0.3063671568802424,1
-0.4358691035850235,0.3965677275241595,0.05008769879740527,1
0.374273366467369,0.43314277071785523,0.072621914144543,1
-0.3204708070429749,0.3274721920546835,0.29501020435412073,1
-0.10950273467931715,0.32726174551928194,0.2922447480172967,1
0.13137083785799186,0.3373555317425625,0.29625963159523216,1
0.3263225202886759,0.3227042098033017,0.29443025335026185,1
0.4086668818723118,0.45384525674407694,0.10480764796165864,1
0.06169666972093957,0.48333026051578853,0.08458812113925873,1
-0.41772415935224893,0.458641220342181,0.09610477869561329,1
-0.12988047887822374,0.4912721035497344,0.07722925987320206,1