-0.0926625981868392,0.02236734389637407,0.47195714421353774,1
-0.025974896005392017,0.13868725981616695,0.47502625903539136,1
0.3000278429708936,-0.240394606831706,0.468516644813473,1
0.36548424033317417,-0.09997038507014011,0.48161506622809846,1
-0.41729426623086496,0.29635703267811486,-0.40592331584097596,1
0.11663243859880379,-0.02782021701281412,-0.4304210896919995,1
-0.25788685702830016,0.10655710430892906,-0.4918801491477792,1
-0.20071225487783106,0.20568985155780606,-0.48989660841449156,1
-0.3135619516460628,0.25462567879171693,-0.47051110612180946,1
-0.3543745778235028,0.18731068449383947,-0.4800604862815816,1
-0.39994559839420773,0.25683169031365693,-0.47040540093427463,1
0.384676933767357,-0.22482170410964564,-0.023980225878807104,1