0.07420641928911209,-0.0446043498814106,0.49852579832077026,1
0.03307838408631314,0.27618955248199517,-0.16669597976277367,1
0.09297700863288871,0.23061764323155454,-0.2795454454787954,1
-0.015157340567735655,0.2393991181818702,-0.29148673718202256,1
0.1343556084080415,0.10004977513101965,-0.36069252350500635,1
-0.08485926930764975,0.10741771952715506,-0.36454170907524563,1
0.04875867771121234,0.3362690337315784,-0.26415026352789633,1
-0.3767369301745003,-0.24722963970826228,-0.4919173982794217,1
0.37493562632175625,-0.27799950102031134,-0.4943272692853907,1
-0.09193040250868461,0.0748345246312202,0.22152456873733345,1
0.12218258267511572,0.10112477473028081,0.22365846887423435,1
0.0169114739722509,-0.3352513387635664,0.21181032068275474,1
0.01982739694560076,-0.20723984839087212,-0.15065699864165377,1