-0.09210991373804028,0.1578402562969251,0.3446810119274317,1
0.09700501515621651,0.13545759356729192,0.35468689958364963,1
0.0346951483599488,0.16034120816116193,0.09209780325222377,1
-0.07740999412622926,0.15030226554149648,0.06366912681178495,1
-0.08793903230578764,0.08794007063972198,-0.28977568399132614,1
0.014026327453604214,0.14762181670277297,-0.3064987673975515,1
-0.036946129024542584,0.15950474414709248,-0.2629287154946266,1
-0.023433468375871596,0.14626187098714494,-0.21274433043411622,1
-0.07954708027677448,-0.08843905135636687,-0.569981785125662,1
0.029777249130013672,-0.019375098367152676,-0.5643917296348402,1
-0.023860979404141225,-0.3087208243380357,0.34162413415741455,1
-0.0024976542415535707,-0.20445010457057908,-0.05641061184344651,1