-0.09325456351472216,0.0632688576666105,0.4641995480458776,1
0.11262629057702444,0.04470409128786734,0.46544296334809065,1
-0.24403398664445647,0.0014817706954424331,0.013421718596839743,1
0.2771502737094251,0.02314663931344854,0.00494063024488961,1
-0.005867127458987986,0.02695519215437936,-0.48573646787380153,1
-0.015169267200812131,0.022870970853672068,-0.44327273518781923,1
0.017995345429008713,0.025960793878988752,-0.44825302656172167,1
-0.003524971818271716,0.03407580289687173,-0.43384241077956925,1
0.0011342398622915805,0.03686248315052604,-0.4148608124474902,1
-0.015209345682407837,-0.04501796935892233,-0.498461351182781,1
0.014722444329828754,0.04541735790639245,-0.1499057233296862,1