-0.38395697766130665,0.11736732386758641,0.291140756864987,1
-0.39201840106843283,-0.0863420175140327,0.2957486927247833,1
0.1161989259622132,0.11516830490965346,0.29168125593446486,1
0.11748283199960646,-0.07728148678764024,0.2829880031397331,1
0.48588759881181564,0.027537429340601493,-0.1652439044734769,1
0.3849222584458554,0.05697466813657004,-0.2593881700270704,1
0.3285870035721514,0.08699574240936869,-0.26664465692400285,1
0.4061556766171781,-0.027002760123881808,-0.25535497319427946,1
0.31492094599194753,-0.10764795355852041,-0.259883048554055,1
0.360587516059768,-0.08862665318893015,-0.31975621184211533,1
0.3809092981725848,0.0887902161036136,-0.3223204718555605,1
-0.4627601966587963,-0.025083447311992413,-0.22145848211961416,1