0.01717133291456402,0.2405558947435395,0.08275981314377356,1
0.03818118949230562,0.3243074017953942,0.04227763715607338,1
-0.009630936810892665,0.36044878461977864,-0.06184446586383319,1
0.1410385457328187,0.29721485881127596,-0.055402146600642244,1
-0.2025469264887061,0.1712834379623266,-0.14960405367253982,1
0.1755232201308865,0.13163622813451248,-0.07843400630274,1
0.09249360846051413,0.294418367372387,-0.4051768725689042,1
-0.10700315785372427,-0.1637806423057242,-0.2828967674942855,1
-0.32376902021097764,-0.27260677875118966,0.13207317652092376,1
0.25490321409143934,0.029655949024599004,0.11853914100330565,1
0.018641388724881746,-0.1431212468411318,0.4355413130364011,1