-0.41581300896429063,-0.032178672232642924,-0.28943925620656197,1
-0.47796018002589235,0.1548402659079925,-0.16188660360025164,1
0.3582351329211819,0.07863815224367043,0.00957548041940437,1
0.2795596115218353,-0.21388816517942172,-0.034718557875246164,1
0.10391212374054537,-0.23423454863624915,-0.06538714076297358,1
-0.06026822207811877,-0.28023366163293894,-0.07740267571867976,1
-0.2376220779329422,0.1535877038426645,0.22675063864591927,1
-0.047592414565746616,0.19273612997503137,0.2317710585792157,1
0.15474032566261692,0.23682432568877165,0.2791643797357768,1
0.007309473335386479,0.02553501871303894,0.027351320420783503,1
-0.24459298943705843,0.03457474873059274,-0.04778289616358611,1