-0.35282135009765625,-0.09011412411928177,0.3050181269645691,1
-0.3359542191028595,0.10245189070701599,0.3041231036186218,1
0.137070894241333,0.09791731834411621,0.30081474781036377,1
0.130680114030838,-0.09905803948640823,0.3012044131755829,1
0.3297521731368911,0.09195764055924638,-0.25416900333351794,1
0.32224786761910096,-0.11424839575265366,-0.24362440280784003,1
0.4028325621728017,-0.08004339196744503,-0.3014140217272673,1
0.3570831334603124,0.0720121011714916,-0.29642319208915196,1
0.40590195180542016,0.04805426254312714,-0.2319253834233896,1
0.40430694187956595,-0.04900446620114263,-0.23440028042369132,1
0.47697364626884075,0.028736825075976746,-0.1700926231079919,1
0.47393764969275587,-0.027258922524399764,-0.17109703974157853,1
0.49583392111536994,-0.0025413832646563605,-0.14969435054911984,1
-0.4680059965433115,0.013249409334918527,0.07105317684339074,1
-0.415008849876235,0.004159142732137799,-0.2262667092556852,1
-0.04557511859460939,-0.13924350682817654,-0.005479657110746501,1
0.2546264982539137,-0.0462976847456158,-0.13246872489088882,1