-0.1735147088766098,-0.10980605334043503,0.4956836402416229,1
0.25503379106521606,-0.05453440546989441,0.49496787786483764,1
0.38388144969940185,0.3172776699066162,-0.2509816288948059,1
-0.3666205406188965,0.22761139273643494,-0.34463801980018615,1
0.021953711286187172,-0.3513490557670593,0.19768090546131134,1
0.002590473275631666,0.3022477328777313,-0.23972870409488678,1
-0.09285358563354484,0.15805170665226198,-0.430662588790467,1
0.11808914627297251,0.1878419119336856,-0.46850920960669523,1
-0.03127352465756861,0.21506327365282818,-0.3269215649533176,1
0.052727728022671005,0.20938346992018042,-0.3315806771170811,1
-0.012241899587743354,-0.18482480717294214,-0.41430253751373746,1