-0.23660129308700561,0.034394729882478714,0.41466444730758667,1
-0.10764159262180328,-0.16328459978103638,0.411146879196167,1
0.34295782446861267,-0.18376830220222473,0.40686577558517456,1
0.45052024722099304,0.023143326863646507,0.4139564335346222,1
-0.47536391019821167,0.20778603851795196,-0.183757483959198,1
-0.3793457681646853,0.1413637982230177,-0.32878836331803684,1
-0.3787714034640688,0.09814113464352192,-0.38041385366880814,1
-0.4812099158105354,0.09354134158876759,-0.3232429935336265,1
-0.45723826299562475,0.04786735659779984,-0.39919506606441413,1
-0.252541511808673,-0.052357354926209076,-0.04885317698519742,1
0.007222701565035919,0.04920567738649573,-0.07641199212825134,1
0.35730563166571905,-0.08998102890144155,-0.16914122130205156,1