-0.3224287561262553,0.16063183400855058,0.4832561140711261,1
-0.1287786066011239,-0.010890983135185342,0.48725492760847516,1
0.23772369779351232,0.1401942678200923,0.4861611874096587,1
0.4343996602312793,-0.027787051214584635,0.2963308991050166,1
-0.48342766518557134,0.10007272111067244,-0.01902902547556362,1
0.11318454254884269,0.13127687204360328,-0.481081835284372,1
0.19309800012122658,-0.10586211512452692,-0.44297399536471105,1
0.20066665455730326,-0.0502897593048548,-0.44432276094188194,1
0.18950814733547006,0.09161810984262075,-0.4510856477815899,1
0.3603921880645502,0.07178039573858452,-0.3365576268000486,1
0.3696346533802246,0.015177760029281728,-0.3309812471958469,1
0.41677842927075803,0.03862160848356577,-0.28299864610732206,1
0.384944928707625,0.055956982455732884,-0.20816751354681462,1
0.31423945192550895,0.046202594519522355,0.009405661785222396,1