0.030330609530210495,-0.07384785264730453,0.5,1
0.034688147536266145,0.266760800761481,0.0771256900226934,1
0.036091891553199806,0.29326602430527915,-0.030136497142765284,1
0.13553152419218506,0.2217716531393319,-0.13577595193866365,1
-0.03221395768773211,0.20997130483227103,-0.12811081319948664,1
-0.18616108807605947,-0.04967046780741491,-0.09659762329647726,1
0.21852586510037974,-0.05692430756126765,-0.06546907417283312,1
-0.0003552358093896757,0.2652100065757792,-0.4112058341497121,1
0.11550519302002771,-0.21012529256620405,-0.4154867054145632,1
0.4078166050928491,-0.07529431678048226,0.4247687226012,1
-0.38792068988194855,-0.05495607550498138,0.4042610189857444,1