0.0013253324792342757,0.21138182075290285,-0.5000001121529366,1
-0.22190849381912958,0.01573417501601293,-0.5000000033336148,1
-0.012887926249309345,-0.2111485960438122,-0.4999999930414707,1
0.20737795872256015,-0.012217674974672299,-0.5000001040736155,1
0.4480097855450289,-0.017113986116048085,-0.16666314613865163,1
0.01327926477884489,0.445544970111307,-0.1666731507684136,1
-0.45152487573270505,0.010908738089439928,-0.1666729044203188,1
-0.0168908470915774,-0.44812393451232335,-0.1666628859309882,1
-0.4684627140762905,0.013615051476948636,0.4777879300339767,1
-0.022169878776243212,-0.4649760288226883,0.4731278241914456,1
0.46541846742745996,-0.010350917073445042,0.4953826665162857,1
0.02382528238794457,0.463200586966114,0.4750763204490249,1