-0.49273950412315115,0.11034417076234337,0.1496908211221175,1
-0.0957859742931998,0.0285650776502705,-0.23860768010014038,1
0.38782490148551396,0.04395524845295018,-0.15472153625284446,1
0.03810571513265448,-0.09165031362870879,-0.17542185948638866,1
-0.15144985527700827,-0.055652440751293386,-0.02031042604116884,1
-0.1409315842936123,0.12558654497576083,-0.021025991422825463,1
-0.10677135236097568,0.11880146725754925,-0.03049920477543555,1
-0.10845343752262737,-0.03354940665306394,-0.012613769770625005,1
-0.05698540577668376,0.12758373893534008,-0.057752314820072925,1
-0.056577868824321365,0.16365492804952436,-0.044300329184636666,1
-0.21376549370262454,0.13445891808090482,0.010853823734785272,1
-0.2210646201794919,-0.047808236456772235,0.013913640693694162,1
-0.21461759611889675,0.023594704064223593,-0.00149345162897907,1
-0.1872093637161254,0.030424497448068355,-0.0044497788915158765,1
-0.17979172220270634,-0.04803871720019476,0.00020712528652655493,1
0.07400778077545666,-0.1730935392586641,0.13004427016368636,1
-0.033968527222586475,-0.15667318860356616,0.24025379047114836,1
0.13618744033731556,-0.1640490216515893,0.22662321635223215,1
0.023977604366032468,-0.01984967952803085,0.23554511513829718,1
0.1237488240587219,-0.07295187867734598,0.22714828109207552,1
0.1067838940157197,0.05595180968070945,0.22459733486412606,1
0.0658273169932993,0.13508938827605996,0.11364799485626187,1
0.4880944223887618,-0.05017320471300235,0.20811414455341204,1
0.48268421991090654,-0.07895948385062601,0.06521110924598072,1
0.3933807036861907,-0.08010419428954218,-0.1403588487255485,1
0.033701582746213266,0.2013636029093102,-0.1688027130510208,1
-0.06784515987654374,-0.05156389847730136,-0.0827113060009154,1
-0.027328192828786513,-0.03789027524346178,-0.2642477989981238,1
0.22355863386154517,-0.202143740842482,-0.06005029707360965,1
-0.3598694571004195,-0.10072839993954208,0.1274693875807671,1