-0.17961534564735387,0.08743455235917663,-0.30409404573352283,1
-0.10542853593330473,0.045405931642421654,-0.49595514277533514,1
-0.015743598324996957,0.13746899887107564,-0.47246810759571084,1
0.07765688882022475,0.184297792883319,-0.4250308777000231,1
0.18178475729540922,0.16033318538470348,-0.3213411829848771,1
-0.11073323126601575,0.02929564719470068,-0.10860925982806982,1
-0.04283446545517977,-0.06414827369942683,-0.2654246242386987,1
0.05771956157853264,-0.029370865220925024,-0.2753090605672702,1
0.13265341517150197,0.012369651843221363,-0.2161635370704004,1
-0.12528660650438017,-0.06049763825750998,-0.13938115613031,1
0.08704786898628197,0.025839350821895285,-0.01627527625591174,1
0.02081342947277509,-0.022094693290884204,-0.07678920212896534,1
-0.005180752636478183,0.04007040753330441,0.11576148473623356,1
0.1450009162701007,0.041009989802480606,-0.04382153336940553,1
-0.15538284421810433,-0.048072086394713054,-0.07396221299738348,1
-0.028946029083617874,-0.11340022020879115,-0.21806276267150104,1
0.057922627483292466,-0.09411459946715572,-0.18371647729161822,1
0.14280897105902657,-0.0536502275659414,-0.13619520088799897,1
-0.041961816410565955,-0.0674202330707857,-0.2954764457665702,1
0.03647816977130788,-0.09047396000239033,-0.34361252976077466,1
-0.08699682635745898,-0.11780735619539095,-0.34927896012946546,1
0.1373396830868172,-0.036769135130918285,-0.2893708103489381,1
0.20540734240390868,-0.0030474452516380257,-0.18912626163730506,1
0.20864751042330232,0.08163432678430038,-0.28123965344200374,1
0.13353903905150677,0.07449193930360442,-0.3750999082313723,1
0.02464963363143946,0.025833038579707867,-0.4455545229152458,1
-0.09510969807699271,-0.04194854912291568,-0.4453327845529591,1
0.07712857910447113,-0.1328818511776511,-0.007075387024930935,1