0.3313976295548473,-0.12988164543484126,0.45203164591801403,1
-0.057182097370143126,0.020423650651937297,0.4967121736207325,1
0.4724593839050433,-0.2233517197677491,-0.07931627269689836,1
0.1810429037217407,-0.1377702548686468,-0.49902531850725484,1
0.1329465160596719,0.13151472678725406,-0.39067754095815576,1
-0.3154320970715685,-0.18291265039438365,-0.4007757944125423,1
-0.35065057893407836,0.3203916808233004,0.12881699252694711,1
-0.4760340641217322,-0.07566681521209772,0.058654022814527806,1
-0.18713515781287815,-0.049742934795426574,0.3663711781349419,1
0.07430674513644497,-0.31868562401724265,0.35481186538244236,1
-0.15028509013481095,0.06380157904986472,0.12747139009030084,1
0.21210377087914978,-0.2875965026532281,0.06458022149759124,1
-0.013007528857353012,-0.024151223916695663,-0.3065657094508811,1
-0.2011978865065882,-0.15268440040146597,-0.20853993126040737,1
-0.35212182081899884,-0.04772147103718294,-0.07081458074988855,1
-0.3026354603860093,0.04709232019929299,0.10350451067820132,1
-0.20330603962502552,-0.013548064407036486,-0.03037879970474311,1
-0.03252772666385656,-0.07049475191932863,0.04833466946657866,1
-0.0076664835640611745,-0.1440917360297591,0.060725130230650626,1
0.048929027489596794,-0.17845896986374876,0.0307116346715971,1
0.05968982579875423,-0.1804773660713277,-0.052198377951777064,1
-0.054089677919536755,-0.1560296715184788,-0.08981927157417058,1
-0.04486785653470848,-0.09993924507690632,-0.05089170337686011,1
0.07533615297832341,-0.09231057823087907,-0.17116806642449678,1
0.006519234596392642,-0.0704668841680045,-0.1775329853255669,1
0.0917452863869368,-0.12268620649842898,-0.12015906979287605,1
0.08534176489236877,-0.1676257901633249,0.01192483398767985,1
0.02918514085098245,-0.13649150281547273,0.10060846735647955,1
-0.012356609301360857,-0.028033567983111976,0.07112971504468005,1
0.15607927216980988,-0.007763087039168504,-0.3029114347710148,1
0.24727164920864286,-0.1562701577333554,-0.3731713580867848,1