0.0402733258143404,0.28483679932699424,0.4640840013964205,1
0.04224522587739743,-0.2860418032965988,-0.4682561512713877,1
0.4712160908255363,-0.12301145735509689,-0.036018006117086054,1
0.4785441723577972,-0.020748604898516376,0.13337682757715408,1
-0.4973529952800142,-0.019359138288370325,0.016175312151764487,1
-0.2163983453970953,-0.0653074717829453,-0.0478195819054934,1
0.023900894344304868,0.013520330639272104,0.0772215168760428,1
0.02608020256610738,-0.0586705348989818,-0.037787821127539645,1
-0.22015287771615677,0.020860759174049614,0.08479095889641941,1
-0.25427551759356737,0.12630469856436388,0.19730067534807571,1
-0.251652120033961,-0.11531342833091429,-0.19434691204447185,1
-0.021095900107581666,-0.1250892617568562,-0.22620006108397117,1
-0.022052801402863586,0.1257652532882183,0.19753481246670867,1
0.28449730685277785,-0.04974032874277601,0.07834976212809819,1
0.24670900856675604,-0.09445112807130906,0.02102504962775098,1