-0.245045379769194,0.02973315494508144,0.40694241890713334,1
-0.11388786280679514,-0.15786211576885356,0.4003049233692775,1
0.3120005612742376,-0.17438397118993976,0.40081786225073035,1
0.42465942290789005,0.03230248888341414,0.40889151643105625,1
-0.45778302241689145,0.21761502931366872,-0.21441844051462633,1
-0.49423034615446515,0.1889120896119666,-0.2171772150664879,1
-0.46263407318170346,0.048610421593953124,-0.4107769389346848,1
-0.3748075610435686,0.10585650265561375,-0.4095805018435995,1
-0.4189784712537543,0.07396532937327404,-0.38577375937715175,1
-0.123094648419976,-0.1626426327683348,0.09671713064148068,1
-0.08213022278867968,-0.13941551573288902,0.10102763573170925,1
-0.07931476050364003,-0.15889882005128053,0.011529765254867097,1
0.21784286653862672,-0.19153685615252458,0.031507613845914495,1
0.37434702150212484,-0.07049600366673214,-0.03709157177244371,1
0.38723579923116624,-0.018236295594788787,0.08841943084285925,1
0.4533448241703493,0.012530237068426403,0.12735980525210705,1
0.49292487489642644,0.017729204772411133,0.3400552792766147,1
0.4807136782540016,0.02360761389922983,0.4124489937001621,1
0.3744425852240413,-0.1817305716500628,0.3999746128143892,1
0.3889331390954205,-0.1781797250177255,0.34254157522230866,1
-0.04018818771870056,-0.16356842981096298,0.327834267939789,1
-0.16513268898514466,0.02061807744496491,0.34645078270475515,1
-0.11415526177992496,0.00994547073179497,0.10162434938454012,1
0.21682622934981682,0.019667122192300712,0.0028377162397243832,1
-0.14170971967556528,0.04338114506779833,0.06663466301698031,1
-0.20124324781190092,0.04146532379301321,0.023586229015623003,1
-0.18992969939115167,-0.14258540915666185,0.07219538329460573,1
-0.21708066825481126,-0.13463300262933425,0.022915947437441575,1
-0.369059752466002,0.1209099528107681,-0.33100011654928374,1
-0.470216537492814,0.06496837297312474,-0.3277234801653708,1
-0.4101766817512935,0.008278577569059697,-0.27338761511847736,1
-0.2692959695755842,-0.022046513352969282,-0.09509419995038803,1
-0.3339499205343209,0.03160200193842244,-0.26030645548295605,1
-0.12723176740771436,-0.026687732169532907,-0.20303253863653292,1
-0.018878776282380882,-0.06838403061736628,-0.16411285316634272,1
0.13656747238262257,0.008193590816291007,-0.1447460901666524,1
0.12969834511627476,-0.1710010555470266,-0.15494979621127625,1
0.3591271555289417,-0.16941309936203375,0.1389329760017015,1
-0.0584244346122631,-0.16699678553852415,0.4026381671072553,1
-0.18862657660423654,0.02468406679375157,0.4047409586404107,1