0.4491049333814292,0.3941738814111173,-0.0038457786975820695,1
0.2247384910080239,0.3251230589928863,0.03045894795958959,1
0.3182917343995868,0.21306044283559045,0.03107554006548252,1
0.22985916417467256,-0.41447660907941586,-0.49852705371039896,1
0.16545538176987162,-0.45834364923600135,-0.4225053335683828,1
0.11105073452001046,-0.42474342920743035,-0.3175154717923192,1
0.0782378792741647,-0.37894407282022324,-0.2424278128779811,1
-0.4041137422319334,0.44558732934159106,-0.44623024875292216,1
-0.4571855664382838,0.38963234074514474,-0.3690171527836985,1
-0.4402242402210579,0.3352883587883815,-0.2830852912868551,1
0.015425464955570955,0.38145078083582995,-0.23440471713652977,1
0.3104355621012287,0.007641557371926844,-0.24019915735261943,1
0.026303447845924532,0.13462023222140937,0.29270931733909744,1
0.10351845139833904,0.0391670260294934,0.30619892227028683,1
0.07241073657779018,-0.1499288710336088,0.021343707801166012,1
-0.14554426373968332,0.1944787224645414,0.05821213612375842,1
-0.04066712594657229,-0.18236059849475183,0.45862752608230916,1
-0.21588740569487141,0.04093738448238793,0.45640593884001013,1