-0.1861665956032652,0.03626628948568511,0.48375570985049265,1
-0.18211736555234803,-0.015188121638821439,0.4741194374849779,1
-0.24071279889272934,0.0075623532246749114,0.48886087512093573,1
-0.21901224071513137,-0.044906292465107356,0.470743605655773,1
-0.2612725840001964,-0.040891262714393584,0.48387637151960166,1
0.2747832368190294,0.05320237785800508,0.48662224342072213,1
0.281243295844235,0.002938103754168697,0.47906523509836485,1
0.3330435511780946,0.033883496110347355,0.4814757959283109,1
0.3145969259636209,-0.010285347083744511,0.4593904026662713,1
0.3597613371712732,-0.020826356010191116,0.4770087620213707,1
0.2737104086715527,0.0062313330741679,0.2170538040715564,1
-0.21653939340672101,-0.001828782184013944,0.24868155978130765,1
0.009076307541654921,-0.019029244051683228,0.10356394984822581,1
0.008446844460671357,0.06596472258182145,-0.0945970399724913,1
-0.0471268876535284,0.043511432053327664,-0.062117645276934016,1
0.05715478171653967,0.042524735019709714,-0.06259831767555356,1
0.11361916731127566,0.013626367538794592,-0.08789799284551157,1
-0.0930990068846288,0.0173691857626479,-0.07808767199859456,1
-0.013219510761029521,0.08608136632631474,-0.1682211047441993,1
0.02118434611538178,0.08428429929587089,-0.1718219832374562,1
0.129547810528094,0.08053975775517252,-0.22093686565705611,1
-0.11451136188427591,0.0634066199633268,-0.23228334096248304,1
0.02995079844930415,-0.3787785367427583,0.20735113287661588,1
0.165502537179245,-0.1680582633840615,0.48612290427146864,1
-0.09741037525214768,-0.2028418831646288,0.4845911042083637,1
0.04868647932238579,-0.17819935611626347,0.0752947383746636,1
-0.03725891426711592,-0.17495377116748137,0.07720567529823075,1
0.17213437293738737,-0.10105679814496238,0.21991086737247123,1
-0.12160591675347619,-0.12117831104308396,0.21945334027094798,1
0.003028948843554466,-0.21420857807040794,-0.049390160293904195,1
-0.03777136080245165,-0.2100687197560212,-0.09996331302889888,1
0.057753219398119074,-0.21361919209228647,-0.09658980569740527,1
0.05156628090371629,-0.22619882897000137,-0.13098088509232641,1
0.0035156790695774764,-0.2395818121693854,-0.17725519258524103,1
-0.06175654701919793,-0.2154924943297018,-0.125199620522176,1
-0.17582935083039253,-0.012042902997836474,-0.15288774976521036,1
0.20706301116087522,-0.04656513011707901,-0.17128916139107364,1
-0.005640373097284934,0.320197814750828,-0.25400505497569403,1
0.000035632694261489295,0.2102648692298501,-0.1999420039281803,1
-0.13942185001363794,0.1784305003447022,-0.48934888275242993,1
-0.07681057425953153,0.1457671534252194,-0.37758506033588013,1
0.13987971298762702,0.20234461171550322,-0.4940498084836422,1
0.06699492370478688,0.1666242263461304,-0.38797231709738255,1
-0.3255990696646003,0.21156171402733875,-0.44676948047965403,1
-0.3332247691604444,0.26145682847519913,-0.43672546450544036,1
-0.3549053679929298,0.2840898512017009,-0.39134422593025553,1
-0.3849950770513926,0.2803111935739764,-0.35577932355805064,1
0.3279104482716648,0.2987049923165177,-0.40630504166750114,1
0.33278741034970105,0.35685607154160603,-0.35028661566429253,1
0.34830992834562613,0.37336365953018324,-0.3044034014534782,1
0.3788657378899658,0.3528224484175939,-0.2579340187983368,1
0.38499169366221575,0.3232724981548989,-0.2857581518811223,1
0.37783487602119736,0.3181863353346994,-0.330567626746638,1
0.3818447326007668,0.291612579144072,-0.3627102692961852,1
-0.3874870175313667,0.24453541325754813,-0.3675760700818216,1
-0.36509076900397374,0.22718612058078325,-0.40192083958002134,1
-0.0553602656809673,0.23271357502374768,-0.25705998296478793,1
-0.2909315408272066,-0.03557310839124561,-0.21800117378349215,1
-0.39610926425617876,0.04131340221464064,-0.28609189542171753,1
0.3169018867082063,0.014769437446491284,-0.21631091412209757,1
0.4017369006777953,0.10193530413407048,-0.2695461345195993,1
-0.267930099291715,0.11192135923778168,-0.2412150705699011,1
-0.3417019805787339,0.17611150187583435,-0.2942996113837759,1
-0.3123731267608144,0.13527403763842785,-0.3445767126044754,1
0.3058059252222409,0.2019441269339366,-0.31384423544999146,1
0.2656921753271133,0.1471838561427179,-0.25307281050177266,1
0.3430905946802465,0.23401523460256368,-0.2618864797761594,1
-0.05231016231458874,0.19931469104547483,-0.3352445089364702,1
0.04844222486666072,0.2130315977753745,-0.33730744485950326,1
-0.008520694549558838,0.2377187327017678,-0.29945485671889504,1
0.0563561781250006,0.21770916142259011,-0.26622050171366673,1
-0.03636608616043846,0.15615947842380606,-0.3947724005267057,1
0.0362676343861863,0.17089860509095445,-0.39292783740519965,1
0.17163002892301238,0.011294090578151117,-0.32802854939199355,1
-0.16763547676484408,-0.017510199828966843,-0.3130949820409006,1