0.3937369645656662,0.08820513365316973,-0.31778066866791576,1
0.3905484779172188,-0.08425322753749587,-0.31812974205560146,1
0.3083422887628703,-0.1407276598593883,-0.27483340591174776,1
0.30911056933040104,0.14286845386149416,-0.28030458036781214,1
0.49805550759866435,0.004100292555065721,-0.162977772661006,1
0.3891801952448716,0.054455573444278926,-0.26205708086489054,1
0.3952220237344525,-0.050296416035522706,-0.2603083532220125,1
0.17771437162202253,-0.03448076728967853,0.10184761036469925,1
0.16828212911039736,0.03958818182947865,0.10968803509491581,1
0.1339496984907952,0.11283766051539734,0.3048180519944558,1
0.13813086812050446,-0.10227940318451267,0.30911403814781435,1
0.07142591046326485,0.07747330429294186,0.26370734845913546,1
0.0687997221183494,-0.0840573251510297,0.24975276302628568,1
-0.3689789418346665,0.12197279156470308,0.30969496604138147,1
-0.3659804313395889,-0.11987809076074263,0.311615076822521,1
-0.4408331764118003,-0.09768006391320227,0.2716115214342607,1
-0.43880672383546493,0.09625809738694357,0.270078956000958,1
-0.45750643286307513,0.0877630741625195,0.15037640478188496,1
-0.45732220244925736,-0.08199394298622309,0.13372953676493004,1
-0.4950839155846137,-0.007026639277451285,-0.1940962875768557,1
-0.45906570907144006,0.003734793843965356,-0.2462108297971426,1
-0.303721100994933,-0.08928801265761255,0.06077520219860144,1
-0.31250830846760613,0.09761843847520612,0.0532339759019691,1
-0.31171984390486074,0.04662624659516057,0.1668841963716039,1
-0.37211027512380024,0.05746069208303628,0.1648585626757817,1
-0.3756710560908165,-0.05366911759677029,0.16542869058102577,1
-0.3175420383687404,-0.049199506350228406,0.16434095744646462,1
-0.4534382203954659,-0.06493982032589907,0.004051294445494236,1
-0.4547969046677969,0.06912027976041801,-0.0009263528723424397,1
-0.4640467003774477,-0.005316047278331404,-0.1173756159941628,1
-0.2840741591667115,0.10883391114791568,-0.19156414222041207,1
-0.2851633729855101,-0.11242722927519372,-0.1826518276260385,1
0.10464608242481965,0.05897511903530428,0.11076288378005661,1
0.09563549368824864,-0.046338852804870934,0.11215191601453567,1
-0.3906771478459403,0.0850724608235196,0.1362774560949065,1
-0.3950395969846937,-0.07748822079563877,0.13974898237835648,1