-0.23543299232445003,0.13885499970886333,0.2341772975581038,1
-0.036868866454575766,0.15752593453376817,0.2486454829003497,1
0.16132692833375328,0.22373998478371493,0.292069549812463,1
0.09196029705633357,-0.23536967661705466,-0.017841535941034436,1
-0.07209755582122756,-0.29378807405643403,-0.05930750617852176,1
0.27005355846101353,-0.22480894070170665,-0.012492754358251145,1
-0.43215826237194443,-0.02055310098480545,-0.2912790456232419,1
-0.49214225717924575,0.17201735127416295,-0.155677821431373,1
0.3167786581665437,-0.101853086610602,-0.07991182386300721,1
0.10697181969873137,-0.1661243258135967,-0.1488564793555618,1
-0.08016454165083442,-0.14169477634004476,-0.1205641949798476,1
0.22483595651249288,0.00808351002793084,-0.062080267752285534,1
0.08191837101626101,-0.011198879317061427,-0.07557308272328814,1
-0.19147585418747415,0.21456549228160424,0.0947992610427395,1
-0.013086374712860227,0.27405363438095265,0.13702213660628581,1
0.19606444228950526,0.2862646007930918,0.16111938351786792,1
0.12751230657238688,0.18259536839118406,0.05318707546091406,1
0.03430926535585099,0.16317502154120378,0.02696350634791944,1
-0.08033882001622394,0.14151356110087476,0.00911399374608024,1
-0.3197815265498203,0.04685459664959102,-0.031895527524349765,1
-0.30121462643474084,-0.023270540584545696,-0.08347581018401184,1
-0.05836342977264525,0.07485164019753998,0.033911082560435735,1
0.03417665574247275,0.09173040687269157,0.04173386879946478,1
0.11175445817446539,0.10347699049953496,0.060245076057908076,1
0.12564908455795465,0.032435419014424593,0.03063429336710899,1
0.05803997137223649,0.00258032658816143,-0.012904152605428986,1
-0.04625458706148411,-0.01601851871385329,-0.017061991760452644,1
-0.038837257782095125,-0.06479706679334796,-0.00110783301130718,1
0.061983522862340656,-0.049754911547817304,0.010649697177531114,1
0.1502132215185708,-0.019862226976669395,0.032458665007024545,1
0.10023398006361894,0.11109581294963622,0.10940686953709,1
0.026568229080476013,0.09382086564484448,0.11210881939706396,1
-0.06393417877987833,0.0758620275730848,0.09610663645644768,1
0.4948569636943301,0.16312025888556936,0.06967775131363751,1