-0.2754276063611495,0.04544017828106839,0.4853126985169208,1
0.23430637099496365,0.05966692125245543,0.48998248963416446,1
0.43304913336543615,-0.005058689465946231,-0.13698894406746842,1
-0.4365920730633353,0.017863174703671547,-0.11152191035143413,1
-0.038570944482121505,-0.0018680819181562391,0.2521555668483093,1
0.013731003825360438,0.0017090338160141993,0.24870012252477575,1
-0.0023843339207350045,0.15423479352632385,-0.267581803514857,1
-0.15462116457637887,-0.02174918036488016,-0.485561033065826,1
0.1364649680069692,-0.012228504961223851,-0.48696129857847303,1
0.20850633169207366,0.010417065427113403,0.005601030937459228,1
0.18123658363531447,0.013857080961327206,0.17571035848022154,1
-0.23127381451287304,0.0006961876809686018,0.0028469522794511564,1
-0.1965849375327639,-0.013148208596726607,0.1628229897498801,1
0.16247032238180997,0.006309682910463854,-0.15481023885075723,1
-0.16425151558895773,-0.002779483417859663,-0.15707182246339957,1
-0.18394824325490863,-0.023068742551145327,-0.40452094912877223,1
0.16758183558149897,-0.01729662476493188,-0.3942513410699172,1
-0.07357417557060741,-0.007522323196125669,-0.4848179579688321,1
0.05034753773900413,-0.008327493152096077,-0.48003812925250733,1
-0.002633520870010231,0.11657601933117953,0.03410611688953477,1