-0.016679954094067195,0.1205228186205578,0.24949176289086827,1
0.020998978286230096,0.13252385092027213,-0.0919084473738675,1
0.002965368378686495,0.04367266539645964,-0.11399317619373236,1
-0.04070285370627047,0.0731317170586705,0.2737213329985354,1
0.010826654661157286,0.023211559813639315,-0.279503750904635,1
0.06020606256670086,0.07658776964229907,-0.35938142042066756,1
0.14611892919364466,-0.006793832820696899,-0.3102580619873292,1
0.1603421757261344,-0.015338636527981231,0.2643224316075323,1
0.17726531248088584,-0.03654168603988761,0.322570304705871,1
0.1621148291947092,-0.03592636854322795,0.49494587206228857,1
0.17165037868467958,0.1318392519464655,0.4914909940358285,1
0.18215064801271302,0.13263099611122886,0.31954259391627904,1
0.048450526986244746,0.1214254421502492,0.45336511953050884,1
0.046426413549018886,-0.013880338066866393,0.45092368884916034,1
0.01851857157609782,0.01509499711540574,0.45512104133288833,1
0.013830804878066538,0.08562623185288398,0.4473541299465592,1
0.1704578481720167,0.11678504411523682,0.2547445540191824,1
0.138363113338694,0.1275575171518949,-0.08673505742111764,1
0.13379424327065484,-0.13688314780408778,-0.08573857396394802,1
0.018926265330339087,-0.13335706453529955,-0.09542536426364412,1
0.0026904382783522057,-0.03920313224171523,-0.12938036716682488,1
0.02202365353220559,-0.05348780728501046,-0.2972201585039509,1
0.05542755876755834,-0.10031079418089472,-0.3414241221777732,1
-0.09825668209581151,-0.04091181602359084,-0.4656674363233691,1
-0.1138346850173475,0.014770542793415275,-0.4379291053564991,1
-0.03279598485223012,0.04563888141800754,-0.4756271483258283,1
-0.017511625599782476,-0.021954044576208753,-0.49973157054829675,1
-0.034731960663918926,-0.08731896844141817,-0.44974073258185143,1
-0.04874318643886866,0.0640681452329721,-0.40961959072462006,1
-0.06836560136553571,0.016883594478313224,-0.3590771810693034,1
-0.07227850246818623,-0.05544258550281933,-0.3804205925215072,1
-0.027763395092528842,-0.044070134011953144,-0.3173913159752828,1
-0.01785984279816244,0.02531388609369256,-0.3212874341491029,1
-0.014860449440706302,0.06567822003367218,-0.392834103969662,1
0.004922591694475287,0.05311836926546709,-0.4616461101785654,1
0.02637380890974117,-0.022051096516906177,-0.49081150500029624,1
0.00729414571692466,-0.0936156175130125,-0.433461014007285,1
-0.02302761471814918,-0.0749311864010409,-0.365245104175818,1
0.2153303247556091,-0.012747767334567505,-0.33197114567376573,1