-0.34833037909718634,0.36628458554858423,-0.4286929668108659,1
-0.15024449018141617,0.17665847028616477,-0.45172303985747675,1
-0.256814339505123,0.09501731399222762,-0.46727784808219574,1
-0.17912728550779938,0.05376124968985585,-0.08179616171122883,1
0.5216063185477426,-0.14412046255177602,0.24014363972979336,1
0.47352233416385625,-0.28502831489238245,0.20473849860593063,1
0.4714558331897143,-0.12552291644740254,0.12784206770131257,1
-0.3556035686256245,0.06649017630615805,0.2535961331280798,1
-0.2763572527725042,0.1102699798150244,-0.357719550015721,1
-0.1866620878709182,0.1394040781410597,-0.3235850372431436,1
-0.32646231714642226,0.24048939968883715,-0.4223325964787784,1
-0.2393836802023781,0.2643131532813321,-0.38861784571663404,1
-0.247368244332137,0.22265115284398806,-0.4887355760801253,1