-0.05034206332343813,0.4035574636961018,0.2676653966029651,1
-0.0673524007197231,0.343811998340893,0.3764967647989972,1
0.07327360706114164,0.41927941315403294,0.2568454851155175,1
-0.006745373284913814,0.45665669816002874,0.1814841891855104,1
0.04903007635452222,0.4632445751758051,0.18585562859207272,1
0.0178908275728219,0.4961409233161138,0.14133933753819328,1
0.08722848187434684,0.4148222270475062,0.020390424836381954,1
0.19280403384196432,0.3771859046111883,0.0389159791853996,1
-0.0380208307735663,0.4151966001968491,0.017849544819627957,1
-0.1521250151336374,0.3886365280501525,0.013306524959178445,1
-0.04563255680325032,0.45712478351276875,-0.057286639327234545,1
0.12667036458785702,0.44305478475777027,-0.03978860246433502,1
0.010318248566939136,0.3868886212029252,0.396759846099613,1
-0.22423015531339468,0.1406640284517744,0.16519390634873887,1
0.23296353837262434,0.13174253100340327,0.17224006180189388,1
0.029865621586446123,0.43140143418703447,-0.28202052159414803,1
-0.12957370404940271,0.4147711458860848,-0.2359606700824785,1
-0.06292848764659275,0.44161562598855386,-0.266401167061292,1
-0.21499490782759023,0.345935247254875,-0.22694867904845595,1
0.26234625873922956,0.3424233498632887,-0.20862135661339476,1
0.05817694977824184,0.42574557436532956,0.295282913697158,1
-0.05591796722486575,0.3986867173163624,0.31158526554832544,1
0.08390744629929481,-0.4572225326420196,0.0993322382142765,1
0.05182955197862693,-0.48639450274120754,0.0554119819829717,1
0.04677851730461667,-0.24199696491032008,0.1825303838787164,1
0.15005682909997942,-0.32350463772020016,0.05650969963412175,1
-0.16712059805618207,-0.29656132357122233,0.07654011247453951,1
-0.12335834598539419,-0.42803841525194275,0.0835620654600171,1
-0.33864526648286075,0.17209210675583208,0.03630068586279722,1
0.32707518497877963,0.09635326487210338,0.09162947195003657,1