-0.00917837714854447,0.23916217247156157,0.07304126108981745,1
-0.22160761383852778,0.08539491149910239,0.09882375399208809,1
-0.23705199971081914,-0.030362558009733753,0.1365574107441887,1
-0.2115051796719667,-0.010423268936283314,0.09417159497677119,1
-0.07485242483812726,-0.19217985314130836,0.13830848761888437,1
0.018518510273175526,-0.1916034486419682,0.1442016720582614,1
0.20414582724934926,-0.04180160983733866,0.14427812702055642,1
0.21499936242790918,0.04488834086795057,0.12833629175856187,1
0.10010242687071002,0.22193592113588156,0.09682943129939902,1
0.18378829251268203,0.13461213265659388,-0.03385192481681992,1
-0.15574916804221694,0.16895434401455842,-0.051078691257532116,1
-0.04066676190598151,0.04906527306720465,-0.24648003715574412,1
-0.06795377225760957,0.007571028602223029,-0.26761787332119613,1
0.0887706081874875,0.00042210635586156786,-0.2539512985030308,1
0.05927182209452697,0.029434975110426364,-0.24171291731112898,1
0.08659086972612173,-0.08319573225784105,-0.23835833597424602,1
-0.07290821015622972,-0.07940525333951898,-0.25003836544999763,1
-0.045486358235194535,-0.11077337270001819,-0.2176790482891256,1
0.029314517165274223,-0.11681902328419813,-0.22226328760304415,1
-0.07578772860589256,-0.08362757567912204,-0.19807506598674451,1
-0.06731465608022555,0.02525859572227307,-0.2075932311723969,1
0.07793197082528291,0.01849181532133004,-0.20865396633759428,1
0.09567415998164375,-0.07482385149983095,-0.199422514909939,1
0.029707096690463785,-0.1234818009736931,-0.1904534898325645,1
-0.16842073201221597,-0.1552174563352796,0.006265122183627181,1
0.16388684239186021,-0.16767427908002583,0.0417966152224367,1
-0.035462524142138685,0.0777305601484286,0.479299771097786,1