-0.2089341626548693,0.15511335332162623,0.45095987814226623,1
-0.25387983171521067,0.06653395064863465,0.4497769726482448,1
0.23763848271128438,-0.20586383090242266,0.45010715777152243,1
0.3130532884485251,-0.05575742579641174,0.44339457748011346,1
0.4521657503730391,-0.22338192510060417,0.18100667933529202,1
0.31688351033904216,-0.2589399774249554,0.37290601552911873,1
0.39663465822969834,-0.10051651736266454,0.3770830383702113,1
0.4094166410579717,-0.10731731862089022,0.19552724051115478,1
0.3252429129289012,-0.27206429033320045,0.19631288319509177,1
0.28869677155665196,-0.24311726609974804,0.4437244264417144,1
0.3552384201382557,-0.09699265418042382,0.4518833862255195,1
-0.17765997621862228,0.03560382272932672,0.3733416612883096,1
-0.12847584631030112,0.1305935931613058,0.3709861717003855,1
-0.15870765936437792,0.1418768783506721,0.2661896107212094,1
-0.20669673041797942,0.051827502776864875,0.25614390767177664,1
-0.16291170787522968,0.025232755985917343,0.21737027881711068,1
-0.11900329650253166,0.11768709748316652,0.21797910045952717,1
-0.18724081766998457,0.0653431110582197,0.06361885775461094,1
-0.18009879022920028,0.1110703394217543,0.057447149817042686,1
-0.08363514330648036,0.18379880819108496,-0.045541276268146635,1
0.20612508860799838,0.03285463063789279,-0.12001899375728246,1
-0.46207934803672623,0.2364231662901703,-0.15014409220298486,1
-0.165837163518997,-0.04340759498746202,-0.009425443327161553,1
0.08360667123753337,-0.20223487571085144,-0.033177340339350936,1
0.3154981419356868,-0.17316772131091884,-0.17970514982655317,1
0.35568747070272977,-0.16952493176916494,-0.15183743430854718,1
0.3074735923251038,-0.15109539237247266,0.050134020925114736,1
-0.44943349159074053,0.27527996593748494,-0.4482498309327525,1
-0.4891803929068237,0.19327748741760553,-0.44537012063277537,1
-0.48830314858571877,0.1750040313267065,-0.30361065277088617,1
-0.4396541833978043,0.28760823998495777,-0.3274385294420492,1
-0.07526301816826741,0.03489570598428182,-0.2480440350915205,1
-0.24283768071228617,0.12765676951971527,-0.01885164495939444,1