-0.014860725279431171,0.29423764600318974,-0.14760836080639408,1
0.06502970603796652,0.2821302117223975,-0.1461198230067424,1
0.025336979781058977,0.2742433506928201,-0.16856754671562893,1
0.014646960186890961,0.32447397816595835,-0.2411310762319353,1
0.043665107859542834,0.33425996633467086,-0.24049421559853618,1
-0.06854898149164054,0.21943970052334605,-0.20797894499948005,1
0.10130836606852206,0.217832529683176,-0.22134564329289313,1
0.009730207684296332,0.24102866377213544,-0.30550521063725133,1
0.05346138331376177,0.2391212853429314,-0.3072886126704758,1
-0.10174829377816863,0.16472260763404378,-0.19999885632927025,1
0.12954269351273262,0.16120274478762564,-0.19276069691299652,1
0.1351519507720207,0.09388079606428867,-0.368887053484547,1
-0.10954643390335761,0.09144827967580216,-0.37334634462883603,1
-0.03611419445071573,0.1316955255730421,-0.3328722821103822,1
0.07656272322934868,0.12767861284971993,-0.34027964484888184,1
-0.044145044396298516,0.03849099872788608,-0.30827747097359004,1
0.07229447989176041,0.047465073297140226,-0.296174120865213,1
-0.04270313629205602,0.04133759471059134,0.12068871552358645,1
0.09428031701839362,0.05723288387897635,0.10095634406056003,1
-0.06935899769580078,0.09406837201501794,0.2771489676394643,1
-0.07326428456108203,0.07917584848984738,0.21800024121225647,1
0.1297720322005924,0.10529227351882153,0.2672024832725949,1
0.1223617378920705,0.08918310150758812,0.2135277544640175,1
0.15657091793331657,0.09581813347841317,0.267713611698717,1
0.14427255473928357,0.07310537308997134,0.2047049267361173,1
-0.10574878630224491,0.07827436365123197,0.2687335416502701,1
-0.09791136719126946,0.0636423126807022,0.21793104777223293,1
-0.1340413868839361,-0.02911334831673784,0.2677538918613882,1
-0.1150378998955133,-0.07413148251637769,0.2194267306367229,1
0.18726097064655467,-0.02381014917740165,0.2807464792827913,1
0.16954477689358904,-0.06390520124150845,0.21327851149520102,1
0.1401353542905965,-0.0498100025150115,0.015828960760060698,1
-0.09480521321042834,-0.03964009908957579,0.005150639780685473,1
-0.16034443400082476,-0.012766926990875012,-0.18960276135823983,1
-0.09015429717680323,0.028651929992142194,-0.16144535018192832,1
0.10874200215127771,0.04254665193902296,-0.16078610275341298,1
0.17501461074289626,0.025840417777125868,-0.09590534616009161,1
0.17848897066240382,-0.0005399049359824382,-0.19727206202630723,1
-0.12279223988943344,-0.0203517990296595,-0.10743975367207077,1
-0.10824919943081879,-0.11782156568011986,-0.06031961582778034,1
-0.1428418045808435,-0.22828138005939114,-0.06819404358195124,1
-0.1954478136744111,-0.28345686390247693,-0.14340046822244812,1
-0.19112230254107132,-0.23180945896282012,-0.13004431782419656,1
-0.24822058926935853,-0.31211936914681704,-0.2178213364830519,1
-0.2276921081171146,-0.24894763792888774,-0.18786765876724964,1
-0.2888469615581837,-0.33043023785478786,-0.31341032047687767,1
-0.29127047170887543,-0.2860295198240639,-0.28855325909259965,1
-0.3243163273897949,-0.33342718697801965,-0.4003667750036537,1
-0.3290933465201782,-0.280595685614647,-0.3746091614040701,1
-0.39096929416786885,-0.27188203405843625,-0.4877197072473485,1
0.1634994688282161,-0.16877174356181967,-0.05405407398523798,1
0.181684031273732,-0.1956808416052067,-0.0600786680083254,1
0.23775535689679072,-0.25728454977830406,-0.13640859386325754,1
0.2152496141848668,-0.20198919323322295,-0.12033912830208995,1
0.2722415503350777,-0.26844038929199465,-0.19364811512709945,1
0.3153790323706819,-0.2998848182087148,-0.2240163114852907,1
0.32823773914710075,-0.2919072923376065,-0.27625736946199486,1
0.33762828263200695,-0.3333144918312527,-0.30596667095063456,1
0.3451685333640775,-0.3012129780573174,-0.3493249454142744,1
0.38793452657356586,-0.31952543308092185,-0.41086997707212513,1
0.3749757453012411,-0.30084000401425115,-0.45059734968866827,1
0.3902902682200018,-0.2749803358993157,-0.4954678014709917,1
0.23655150461982544,-0.006997017689403862,-0.320219373396604,1
-0.09341901683940357,-0.20215414256642228,0.2947579000749747,1
-0.13091771662825557,-0.06545463975734944,0.2911590190333526,1
0.03189442955483557,-0.3107286374236593,0.2909224896140197,1
-0.07261298066179389,-0.24468910534633093,0.2864936000813487,1
0.10965819804001375,-0.25562366540470327,0.2731998514230317,1
0.18363685068471236,-0.08168062070394866,0.25004395756942077,1
0.13215506792526432,-0.1820695843169443,0.06376042286703289,1
-0.09504475258807265,-0.14488168367919973,0.05645067236950829,1
-0.007612339985867633,0.04272866525219671,0.27297048893438685,1
0.053974403101388735,0.040027738770240656,0.2719254594676752,1