-0.24329637589035813,0.0041045963827544,0.03596741996604724,1
0.2871849624317347,0.024884538421724333,0.023518846160653472,1
-0.08506355502321539,0.08922870139675665,0.4770495773907433,1
0.13336228349116913,0.07998843014223483,0.47412512280121865,1
-0.05381400652437976,-0.005672222972429419,0.19261299327691383,1
0.07984433114061326,0.00500956229165217,0.19192036215164287,1
0.007895141912884228,0.013617586746817588,-0.013621269785625014,1
0.08438699949163109,-0.06666687970280316,0.20260497952225487,1
-0.048660083299503526,-0.07311400192606629,0.1982719475221947,1
-0.033381303525034156,-0.07455627726216249,0.009523591801508614,1
0.08291290093734527,-0.06400813165776442,-0.004927967742576783,1
0.101595408141822,-0.028635567609946344,-0.24036497605806753,1
-0.057971317095120586,-0.047862598074707025,-0.23898379410308867,1
-0.045445182129062636,0.0006306287399803767,-0.1938843573273023,1
0.07593566336991328,0.01700750034868681,-0.1978460894089529,1
0.002527471627943534,0.03997456866105953,-0.4269651382514307,1
0.0014795510716374416,0.035650025162395016,-0.39293509072138066,1
-0.02263333823789604,0.01833766289678529,-0.4464964548407382,1
0.02205859129871035,0.026312562944315054,-0.45395231907433775,1
0.04610445490122028,-0.027175479315292516,-0.4116313209149589,1
-0.030138481501404968,-0.024742153146227075,-0.4097291132091523,1
-0.09213103879970274,-0.02865450195307251,-0.30719522374265606,1
0.13013920329093387,-0.02694348787683598,-0.31598959852586983,1
0.19792120440430017,-0.03166903049552672,-0.16788439001137645,1
-0.1527891436686391,-0.041947907034091236,-0.15345332841099157,1
0.11059899031752068,-0.06925300266580164,0.4777562173515253,1
-0.07373998959663463,-0.061794427192773504,0.48119700920753905,1
0.016346508797902004,-0.0580056100229307,-0.17202258494718808,1
0.0088587648766969,0.00954517761164253,-0.3174980524034128,1
0.005393399578179192,0.05686422077422487,-0.23034229003519146,1