-0.20358145309059017,0.03806380718676199,0.49489278393935787,1
-0.20610411765915604,-0.3351075337191922,0.3232174440997393,1
0.20527995144146427,-0.3289218999887261,0.3226129600478278,1
0.20913444696662542,0.07065491027714199,0.4986990350383841,1
0.16045240776076386,-0.18052279140633232,-0.06793344392709666,1
-0.15260906201807556,-0.18241779749999098,-0.0682198885632661,1
-0.15516221245221162,0.2251965236472948,0.056609885717415764,1
0.16902696376458937,0.24028494935830347,0.0629453613227231,1
-0.27832696562573855,0.281116764057595,0.044643509307399645,1
0.27812435432771676,0.28023516555667943,0.05047340439737091,1
-0.24425599938425746,0.2630037465864161,0.07283943965147799,1
0.24385788064573344,0.2703556397219571,0.08995649388808097,1
0.21468614660745944,-0.2424774026204004,-0.11910506210811991,1
-0.19870660804952078,-0.24486069089487172,-0.12151928746079278,1
0.18902644101929156,-0.13038872176516314,-0.12401817057097453,1
-0.1823024089704166,-0.12650395631657574,-0.14299935377324546,1
-0.24963337476563088,-0.037755938928393594,-0.3091420990439442,1
0.25762069531459675,-0.03107017191037753,-0.3159684225870958,1
-0.25619949918287243,-0.0029826987657324277,-0.46130702741945706,1
0.266397650833226,-0.004442349156571268,-0.4639831034988823,1
-0.17455060150672752,-0.0930033862880697,-0.30654749061981184,1
0.188343832688542,-0.09656397013483553,-0.30365618847193787,1