-0.366397500038147,-0.197228342294693,0.4413573145866394,1
0.3018260598182678,-0.1939222365617752,0.43346744775772094,1
0.30423250412039726,0.1826324792528249,-0.06448222089059108,1
0.2565580580449997,0.1848085826546103,-0.15754009375672484,1
0.3876994313097824,0.18013287784954746,-0.08739417626052104,1
0.40995555940557876,0.18262373487788963,-0.16211382635385174,1
0.39294559888844094,0.20651615671854273,-0.21505615465010663,1
0.3317793611153131,0.20943751049202763,-0.22183205876513678,1
0.06283634554703621,0.13775474141648747,-0.1659322218313024,1
-0.04500083197660979,0.13638402057141502,-0.1444549029432559,1
-0.002149924152080901,0.11866839027738884,-0.21020786295521332,1
-0.013335805647979426,-0.04237778763509614,-0.5544595400113016,1
-0.4388715487031205,0.07391696618289689,-0.1995815765297665,1
-0.269619218183483,0.10752292407513297,-0.13895554862288595,1
0.11666946748721452,0.058793886404971296,-0.03447767058518379,1
0.07046319966165407,0.10027754599296018,-0.12263581424639591,1
-0.045478314408257836,-0.1437109715484604,-0.04440160286565502,1
-0.05888898923439356,-0.0892687315313151,-0.12327794283644289,1
0.05490642002559924,-0.1286187911906955,-0.03249118121391811,1
0.048241079318912805,-0.08474809038104924,-0.1217268455777222,1
0.056466634496334475,-0.03572965533784618,-0.10607796311788903,1
0.062282376904741143,-0.08770884518816343,0.0014286810119012588,1
-0.06314434121975421,-0.09588659884052639,0.009179438290578476,1
-0.06496582781725918,-0.030541968073833803,-0.10285118482719813,1
0.10991613361321839,-0.08988305564546373,0.14154122280087877,1
-0.1180742179707569,-0.10282288314849608,0.0706615245498361,1
0.2792428216009424,-0.09660433062614171,0.22137449426238564,1
-0.28405069591656406,-0.13328523095024164,0.2504121959420975,1
-0.30449735057504057,-0.16852258298492906,0.2973144028596435,1
0.3071707457439157,-0.17571075037327688,0.27782144995772073,1
0.2379749194267371,-0.07719212169261125,0.2961126350779315,1
-0.30428482803130663,-0.04783095075031518,0.282326389156895,1
-0.2644660047328774,-0.13302098071898438,0.28815799808639464,1
-0.012519858436245173,0.017350132076218744,0.158837629703529,1
-0.11136141076725003,0.044070919680127774,0.08713699869482516,1
0.11620771879559194,0.0595413271186781,0.06606167469600854,1