0.18702393410970575,0.1208213696974072,0.35866513215240925,1
-0.3086907201784552,-0.2129391803952393,0.3509292441695271,1
0.039249433740932815,0.31595501413995475,0.05695936168982452,1
0.06562693756883009,0.21106561638386623,0.06504392033467976,1
-0.04807292129945584,0.26624791252731317,0.049866411949740286,1
-0.002744271711485169,0.28359026926485586,0.04015264791776918,1
0.06494674548513002,0.270019273401077,0.04270250894006522,1
0.09770836049537124,0.28663993260298803,-0.04517538241203267,1
0.0059394032862525314,0.33290650701334423,-0.05394127178305319,1
-0.1597930682588089,0.26044052438363985,-0.1217867239020538,1
-0.1828459393559152,0.17160106052906365,-0.06676290918682182,1
-0.19681940957887356,0.18792055099557858,-0.15412587500403196,1
-0.18074468813874112,0.17509898335130503,-0.11338400962574096,1
0.1287045693511506,0.07101030395155938,-0.04391223445070169,1
0.13604330264158504,0.05819233672572521,-0.08872400679679693,1
0.1662966146966518,0.05031597025949702,-0.1394628757821028,1
-0.010990778483501051,0.177047031698356,0.1356128734112736,1
0.06657435673275513,0.40976409118890294,-0.3010545950153093,1
0.14538028005716885,0.37694909954229016,-0.3014811416022445,1
0.0722356708183316,0.37402752483351564,-0.3757589646581492,1
0.12892166880818667,0.3350230333776967,-0.3679899682136929,1
-0.18626349286130395,-0.1501588153047332,-0.16418557345448925,1
-0.08295100501107999,-0.10176648750481387,-0.29323612069809546,1
-0.34229166067503325,-0.25452070408382,0.14352256569557742,1
0.23719742823020812,0.10057263636769581,0.14024284323016395,1