0.4368002384909757,-0.48596943991149577,-0.21081379425793067,1
-0.4403502316078445,-0.4967571662198512,-0.21507053706386925,1
-0.46068075219413895,-0.20141340338220415,-0.28013178751793566,1
0.4612497007720915,-0.21400414309672566,-0.279821921270508,1
-0.42145741214514753,0.394891499209004,0.10720979145757514,1
0.42333748487094347,0.4014606332932855,0.11258265503931675,1
-0.01060258757652277,0.4026245297590332,0.1564709740126896,1
-0.3421005255362055,0.29317868735864405,0.2823075940202912,1
-0.12172948211606649,0.30603428474496263,0.2959026272260692,1
0.09649531142428269,0.31102257822508905,0.2838968205246202,1
0.3421365525768949,0.2981082562357198,0.2821709081969064,1
0.40454995468293564,0.4559257253423812,0.07525226800277318,1
-0.4147331186738086,0.4403371678191492,0.06555498163086248,1
0.4735411518551045,-0.20994036304298902,-0.3091299805051282,1
-0.45754174174766326,-0.20655056447368647,-0.3084037221431353,1