0.15015100528841202,0.10058948103638765,0.294829987654998,1
0.15295232151143598,-0.098295721129523,0.2896444851247896,1
-0.326778576011557,-0.10329901167739752,0.29110618462365783,1
-0.3304917535385503,0.1207129322434799,0.29038804614157887,1
0.4027532975673583,0.07808992814917856,-0.30536702695797135,1
0.39357245883025093,-0.08005351756578616,-0.30656997981595424,1
0.48354945671869564,0.023189593735796432,-0.16422509655620665,1
0.4917246189250245,-0.020392425641194034,-0.16444127832028243,1
0.40658632758117585,0.04599170970315303,-0.22288849357432205,1
0.4089055675658011,-0.04208884523377332,-0.21864586553334533,1
0.3222720572289208,-0.13310328233272695,-0.26679633789160817,1
0.3217284774641902,0.1347017449207728,-0.2649997446558884,1
0.3397807151505434,0.07760279984018492,-0.24389984566489253,1
0.3398283328368974,-0.06608952431935933,-0.2409096896075651,1
0.3235327813183331,-0.02909385395391456,-0.2898475798515108,1
0.32633899979844316,0.03302487721531999,-0.29084608175270254,1
-0.41077677805917023,0.01345843036547012,-0.21839083752139565,1
-0.4024806570634563,-0.01394931526621078,-0.21336703079255217,1
-0.4986247858020665,0.010059653768442589,0.13845497321110933,1
-0.44081305080922694,0.006334109999973414,-0.029402193214680405,1
-0.2748295294781644,0.04374463956114072,0.16400317261523733,1
-0.33367195500430413,0.04958609506933098,0.15672796799536281,1
-0.3315158416513827,-0.052199377737178004,0.1598243615675567,1
-0.27793513200950836,-0.044475708475168296,0.16218516788724371,1
-0.26547201748418025,0.09717806201010481,0.04715875901971045,1
-0.21928736415147898,0.09099664451266243,-0.18903039158433277,1
0.19154210416685546,0.03482724194691733,0.09491973910960818,1
0.1895549088070203,-0.0363456741434723,0.09534883490609969,1
0.3094717976789383,-0.022497559886852425,-0.09785191333734211,1
0.31297313880975164,0.022773595211362796,-0.09729094172947761,1
0.15160909218817095,-0.0629930724084318,-0.15533602031899196,1
0.16769576942825504,0.05969689774201603,-0.14668298138417146,1
-0.26556700110677034,-0.09273871845072801,0.05138620925094717,1
0.09000599746437621,-0.0791297428287267,0.25150539258742543,1
0.09117848407262841,0.08517347526619312,0.2576689603475848,1
-0.39388590818959823,-0.09706002504354205,0.26081374224808573,1
-0.3926337207795889,0.08715093356983505,0.2590593085935231,1
0.06464353046129181,-0.07075418219493457,0.11287989135607923,1
0.06812265134362702,0.06694849466681929,0.11630571331992947,1
0.12189499350238575,0.06757175930993259,0.10702809267111382,1
0.11692105024000254,-0.06680680389866536,0.11288368052885061,1
-0.40763010132978183,0.07418219422655925,0.12898371272905296,1
-0.4040998007189569,-0.06752693405375992,0.11278485092557772,1
-0.34301655176002127,-0.07704090685642617,0.1292355238437276,1
-0.3585486906729578,0.06892802741223125,0.13716796625416805,1
-0.16231745944996412,0.08257272275272997,0.11513761525075239,1
-0.15736291681710268,-0.07916274381264365,0.1200889449111695,1
-0.2285955825261159,-0.0920125625339176,-0.18884226272897275,1
-0.10995149772290791,-0.05399384856554457,-0.18424736714064357,1
-0.10051204751145448,0.06977113966680193,-0.16757193855287977,1