0.03539431806212756,0.2989800747123287,-0.010437260057122033,1
0.004436471295200306,0.244338045204811,0.012835395170827684,1
0.07433041820816777,0.24186195020003642,0.01567515496613664,1
-0.015528784598966907,0.24135459112998211,0.072768338710253,1
0.08661724328957783,0.24649664989628145,0.08677324778327584,1
0.02982972020488131,0.26429140805569095,0.07937949931995663,1
0.03645926650258616,0.2565689383946821,0.12121420893180856,1
0.07383564142523324,0.21290874840636598,-0.11035104666376999,1
0.16705102373402858,0.20243255865489895,-0.10955603626511812,1
-0.0044392572526882334,0.21054579064522702,-0.1141833632400589,1
-0.09676044685763796,0.1929424321798371,-0.11809229098802892,1
0.018521183591703405,0.2528802853805764,-0.23553263239097671,1
-0.06300141497080264,0.17254659287633794,-0.3472819585096376,1
-0.10919830210568804,0.15349601906222643,-0.32031447582904465,1
0.09452402725943465,0.23257300257168945,-0.2667809163577872,1
0.030426547481474775,0.23671966319526874,0.18899064612191158,1
0.18322951062478765,0.04842741554246133,0.10461322687220309,1
0.20941175475053722,-0.008758291318604338,0.01585323404761041,1
-0.14724087078742393,-0.001278956131232828,0.007232802964619617,1
-0.13243447738699432,0.041273941618054866,0.07465962397180412,1
-0.1621036472309526,0.008008392578295442,-0.09687265485651497,1
-0.1770114720128485,-0.03959123979772672,-0.0980350896015112,1
0.2264305100096614,-0.015843489372078023,-0.08429642568963968,1
0.21444668180509035,-0.04078812678248228,-0.03698258182874381,1
0.25795217185199726,0.09521945365436002,-0.21816803330849677,1
-0.07261300276436322,0.02989447556595559,0.3675595190216117,1
0.10807451081944413,0.05439085682615352,0.3785550907740047,1
0.030683242267634136,0.06074944092248069,0.39634741409502583,1
-0.11060339115474504,-0.0165336677009289,0.3581172154022921,1
0.17644140895111004,-0.0074296668326081505,0.3698596059455076,1