-0.49906576051295737,-0.07918866006944647,-0.003072914798341486,1
0.11152585287208838,-0.02723056604657792,0.4310567669354839,1
0.2641394853689787,-0.033184386233583885,0.43098473508373525,1
-0.2021583715297366,-0.03021080689968736,0.0616770305469434,1
-0.19533900975152707,-0.034160179786113076,-0.06285036820204093,1
0.1182414607971376,-0.0325224660635095,-0.43496262613571346,1
0.26594880036773727,-0.035484898842988326,-0.4321195369168347,1
0.15641556819211832,-0.033379810528439635,-0.05677891322423645,1
0.47986736460028933,-0.0371237966132022,-0.17527623767820177,1
0.42568658105058654,-0.03322360352729703,-0.18024002905237646,1
0.497740936003165,0.09003725187339628,0.003351515735451116,1
0.4046350268698972,0.08733111829862383,-0.0006151799625020438,1
0.47695845399292036,-0.031681773381640355,0.17920314400727166,1
0.4239176401436735,-0.036944327734991234,0.17934542162073286,1
0.4662856306871048,-0.03998763499874425,0.062249983200163506,1
0.3581114176606054,-0.03771182714280341,0.08438901380080499,1
0.35138288839192344,-0.04058736279544828,-0.07398394595577606,1
0.1559243948101261,-0.049265455478906484,0.05720867085631215,1
0.4942127196561879,-0.06415939772455825,0.005950918308835984,1
0.10515647448752407,-0.015145942169170936,0.000014461047285529993,1