0.06836342196035305,0.26274497144825193,0.4918645038162316,1
-0.11787665156790083,0.32832027881075,0.4796420721633511,1
-0.2810169537696141,0.2850374087706,0.383406290059376,1
-0.41142270086910215,0.18838205525753462,0.1796930608516668,1
0.4059106069067668,-0.034762881452856664,0.23372118254815188,1
0.002340711182655761,0.05777962246112524,0.2510391816514986,1
-0.10781331828432239,0.06681343364988934,0.2171842442404336,1
-0.19407305021083654,0.036774445891273766,0.13857922843397707,1
0.16306965930887632,-0.06726797714953814,0.11474746212435621,1
-0.0843454804849727,0.08011018128809766,0.07571940108560765,1
-0.15643372488773222,0.044540998801069875,0.04352131144411309,1
0.00006161117334341215,0.09894743805872881,0.18200025280007,1
-0.06682963634724426,0.11112088126352021,0.172340250965939,1
-0.1419599626587147,0.07939271395091118,0.10671545631302537,1
-0.09916592754732378,0.0848251949564085,0.1571061443754186,1
-0.075003109537225,-0.16213009536403117,-0.21082332302928153,1
0.15046099522708234,-0.20101407285420156,-0.12000649504963512,1
0.26076253111791514,-0.1725948241770213,0.05268635295459578,1
0.27974026114643796,-0.08875961272935873,0.021899742361088936,1
-0.064716811590809,0.19441314899415396,0.27838807278959243,1
-0.16555805881302588,0.1606843265904836,0.2164608787467075,1
0.08409367639431142,0.16562347247500175,0.32208236140767166,1
-0.051067173926766574,-0.149856022217136,-0.07770789494207567,1
-0.09339099701646991,-0.07731826549260386,0.0400675846566898,1
0.04580285872572931,-0.047345314082041234,0.1528758365206615,1