-0.1031240966689192,0.3694053045511746,0.027023589927219482,1
-0.11897228449850633,0.2944629089526701,0.03645194215663178,1
-0.0357522752190742,0.31170206349381013,0.04155180910181566,1
-0.08427458007283062,0.3265408467061372,0.10023409378535131,1
-0.030454602808639652,0.3167799136399104,0.10295813538501841,1
-0.12534393283663292,0.28457467617082726,0.10348844327042372,1
-0.1241234307932424,0.28550394305959803,-0.14978464068095007,1
-0.060636905830779186,0.3108050406311222,-0.15366308867173922,1
0.07626018954955382,0.2679944644238872,-0.14057706734374484,1
-0.22194329870243146,0.20470718083349787,-0.12260630521434612,1
-0.13633338252706412,0.2372180723867024,-0.11146403941503738,1
-0.0011347267174106612,0.2589257965061711,-0.11245112710811805,1
-0.061953130894496056,0.3149569702587849,0.2289982954748342,1
0.2501572409827644,0.06993617904944127,-0.08477645625371055,1
0.23220958487237425,0.09133100956723283,-0.014098962783695157,1
0.2352091578021482,0.08788571714836618,0.03800949499721892,1
-0.203982480483891,-0.053141672037437415,0.0856420178037598,1
-0.2218597137605819,-0.05830900537235123,0.024176782292760546,1
-0.2042356127363809,-0.10614939591678463,-0.006953924573762205,1
-0.2877739285207197,0.09161352542190593,-0.14169849658267641,1
-0.25614639943233053,0.17713394561820972,-0.19731067918026351,1
-0.18049976124082923,0.3510275492596818,-0.44446027322577486,1
0.10701864734923561,0.2649805264101115,-0.22695471070834472,1
0.04221523766082658,0.26143560371401864,-0.31700556727372897,1