-0.284164602058792,-0.3292970837958295,0.1892461892091335,1
-0.28860084234957295,0.026048840007649898,0.31834048585961305,1
0.27320931910562174,0.03185912701503746,0.3207186024833435,1
0.28392654108953197,-0.33073637385054954,0.1886284100395792,1
0.4935571639136862,-0.26476308911369006,-0.30771965508725563,1
0.4965082508930465,0.3383854018185164,-0.09280151219379151,1
-0.49496319392374976,0.33877038514293156,-0.09009511722520147,1
-0.49853778843850693,-0.2585721904047792,-0.3073745397767692,1
-0.31137253862997205,0.20261687656456684,-0.09593308949933377,1
-0.2626569614202391,0.2050117530825215,-0.0957350871656869,1
0.2506445834645671,0.2041765486021112,-0.0945639291435384,1
0.29634719414273114,0.1993709522662539,-0.08903849682692288,1
0.292864947175858,0.15931876873659534,-0.10566358386873542,1
0.25436460257709603,0.1631487685490167,-0.10912196506474636,1
0.259506191174691,-0.19596241393430458,-0.24667751910976288,1
0.3069502866337557,-0.19651043161754145,-0.24043658733168482,1
0.30375645311293725,-0.15106163844027032,-0.2243041704512052,1
0.26348165000422074,-0.15113272565837743,-0.2227647436594773,1
-0.2655043187466859,0.1619652585223612,-0.10322067999465834,1
-0.3095937020092401,0.16231521324825304,-0.11144019322526022,1
-0.31273767480590386,-0.1986632927973111,-0.25104438667119666,1
-0.26772832775100275,-0.19774864430852013,-0.2461936365708084,1
-0.260099959458748,-0.12272212073657795,-0.2364213557006718,1
-0.32252971379853085,-0.13348530864603936,-0.23889028058901,1