-0.27304401645192544,0.43393089465924606,-0.4093560610017066,1
-0.37636596534514854,0.32222787355711313,-0.4369358951594948,1
0.27088261383520873,-0.1482924246238282,-0.3772142858503815,1
-0.46477646206429757,0.461049990644818,-0.24805412706002583,1
-0.47459635802015065,0.4118643972199193,-0.19991430686525657,1
-0.42757045929243853,0.4649242582695958,-0.19313388003807141,1
-0.4469668249586436,0.3644224918914656,-0.2988292075078751,1
-0.37776989570028574,0.46568693716597664,-0.29071995498339453,1
-0.4645589629097905,0.46920218867182195,-0.30010434823294063,1
-0.32728369560207015,0.43914269515384685,-0.23266577906043106,1
-0.42878479941769143,0.3279103145250457,-0.25000401606521483,1
-0.22683890635118797,-0.060318789377918236,0.37890890500900165,1
-0.17964650317024383,-0.029658408930973934,0.388531106137367,1
-0.23345919160830636,-0.11143164694483953,0.3691621082006725,1
-0.059090751562324156,0.09963151340113974,0.4135499057293643,1
-0.043631828700979314,0.15046189070826887,0.4272967323597435,1
0.01400110450901526,0.17218030882503488,0.4255750881033232,1
-0.13616594600833753,-0.13120710018410264,0.34378605905870185,1
-0.1132836670157984,-0.09758903107491212,0.25408991914021594,1
-0.14637954615653248,-0.06819311816027851,0.17927225823473763,1
-0.17249139968720217,-0.01885333113801496,0.02426774958845096,1
0.03170035918789216,0.08963320792567988,0.41704101664282023,1
0.05748846831396115,0.07834162071102191,0.3658227355169781,1
0.04570984843749093,0.09132172295146823,0.27879593533062996,1
0.007695000634880489,0.11385747417755598,0.19830921419845893,1
-0.009708073826177887,0.17333009873830152,0.04722331392268808,1
0.3944060785180009,-0.17280636709755015,-0.037705722313643886,1
0.24398745064946237,-0.33637141312598695,-0.0722813788329475,1
0.3446668652945224,-0.14438358070850565,-0.05203920327836675,1
0.2055535882400794,-0.2899020473712475,-0.09275601833025981,1
0.4730478268841516,-0.2527410942093784,0.1447806373851077,1
0.29551062879085865,-0.45649512318414675,0.1075984364494853,1
0.4974208226334724,-0.2740313523730027,0.2298611640558441,1
0.3056040887202496,-0.4897139955244896,0.1945322729860841,1
0.20152355432293406,-0.47214600824586117,0.2396735998610029,1
0.20919513187368277,-0.41679770476080574,0.2546038955040766,1
0.25385442622242754,-0.38830355582964965,0.2601664848001892,1
0.37582170472710263,-0.24931355572155267,0.28091835993661207,1
0.3914317038908939,-0.2064267251706604,0.2868923745822234,1
0.4506720937889148,-0.18689899385676845,0.29414154430937156,1
0.42145007361109643,-0.23014058928191194,0.21099947183828127,1
0.23670393822201063,-0.42211490512148586,0.18462417045418533,1
0.17871671587449267,-0.14409818555527387,-0.17495546911046372,1
0.20723212743460895,-0.11271493426284973,-0.17599070667870406,1
0.018815023679660925,-0.07559380246731617,-0.16294569481004673,1
0.11246951008218933,0.02940646577522299,-0.1423759743242029,1
-0.060943359928605556,0.2416045554874493,-0.16937758729361185,1
-0.19965388615044577,0.07040556695740088,-0.21340019770834284,1
-0.23408460102985895,0.06800483779128125,-0.1876803243693237,1