0.49529242377077986,0.1428399768419415,0.12029794154335604,1
0.45157163519348575,0.14689552833376687,-0.01717778545227283,1
0.49196857590781806,0.13792425865564772,-0.14615438501686295,1
0.15787296917224525,0.08954733926858971,0.126135869249772,1
-0.01973031462221081,0.06126878339868469,0.15800102017537881,1
0.008154838022060573,-0.02061718706200477,0.15231793593486556,1
-0.14450592144118612,0.12416526637994973,0.12424242209412517,1
-0.06792684533567938,-0.14460436976034208,0.12171258539646867,1
0.07415825273063464,0.04693829718761039,-0.1583843859602346,1
0.30785449652799634,0.12723840249397522,0.054782771116148155,1
0.3036522465246918,0.12404090246838484,-0.06223113347563247,1
-0.12427509118071644,-0.07335333706371982,0.11775977248433095,1
-0.15294410826098192,0.0420624491344842,0.12297716552507413,1
-0.2117152573392458,-0.10975662863029878,0.07355041109465965,1
-0.2192064467488132,0.05508709828571824,0.0718455583833405,1
-0.4996435453810413,-0.03920950410752777,0.002846114025285562,1
-0.0623316114216127,-0.039263664542688675,0.12100415026158173,1
-0.09694975423118646,0.03698763339679684,0.11138264979030897,1
0.011406359619178574,0.059699924178720554,0.11288779846232558,1
0.03911749080942373,0.003886318670092981,0.10918642181244724,1
0.1072806633573945,0.061771155590394464,-0.10188635654897593,1
-0.010588945411137196,0.023711376109386728,-0.13963138574088751,1