-0.07137752270851733,0.16388823202772068,0.3880678068211607,1
0.12449210206814093,0.1423671636957125,0.3856648598295199,1
-0.037054347157765705,0.11786613488162868,0.13229149097982407,1
0.045612516447842616,0.1389675968225682,0.13688896754903235,1
-0.0011256564767572197,0.1621218042724457,-0.25072963283934385,1
-0.06799667410609578,0.10697847688487205,-0.29566842750399596,1
0.050485690365391855,0.10314901894151025,-0.2998513276503141,1
-0.0869988693863295,-0.09315192531018468,-0.5539532033202839,1
0.06394938438978359,-0.02872979599669634,-0.562665882067527,1
-0.02404078662192699,-0.06049971884208549,-0.5707528652607741,1
-0.09317699446013616,-0.03443586605854154,-0.40037240958969483,1
0.08300076556460989,-0.023777283914267144,-0.4022059992315139,1
-0.07132692920101598,0.044478503305766415,-0.09825101643223385,1
0.0633016413963513,0.0649661676835081,-0.12034610662096456,1
0.010977405197636791,-0.32078931286498635,0.36744699114380263,1
0.00018475829100905727,-0.1282076756798597,-0.38246633503602956,1
0.16104617482657751,-0.012507326482153025,0.098549070257689,1
-0.16461549701028144,-0.03448611967818582,0.09808466584814168,1
-0.18436328416056902,-0.0399828172314165,-0.05085569096909176,1
-0.19632163779962214,-0.07802760469282827,0.24712493616288117,1
-0.12040200149168889,-0.02796123676850626,-0.1727022199832769,1
-0.12868266846687781,-0.11293951469770658,-0.4538837450704734,1
0.10913516374263166,-0.03426528829106612,-0.3362280801469879,1
0.12868236862179672,-0.029175905563692872,-0.16073348137264642,1
0.19020823711195167,-0.02611142047293913,-0.06186251660782066,1
0.21819180725136755,-0.044388307158653384,0.19619068176572996,1
0.20977062875799035,-0.06552700632293273,0.35120489675707844,1