-0.21544521657946747,0.06324764580949384,0.48442678910523007,1
-0.19964961008420046,-0.23954076053885254,0.4068520170498573,1
0.1711762989095016,-0.20885851590664695,0.4257189262799823,1
0.1678177589325185,0.06963866607685132,0.49646519339910444,1
-0.19595394791973453,0.2247174257966842,0.10649978445193375,1
0.18963747289569022,0.23919483783057516,0.11088312968747973,1
0.2329005065084731,-0.17490129852595143,0.026102758644656276,1
-0.21049859258544123,-0.19277335162390696,0.00677940121963716,1
0.21951841069873046,-0.03444292148744044,-0.4496217763515937,1
-0.22129290484153052,-0.060979857493560496,-0.4733208168119847,1
0.16100113897083662,-0.12948652352001783,-0.015145752757829367,1
0.021771134653390603,-0.12780420811521725,-0.023281384254143278,1
0.049788259187631995,-0.13366915314679373,-0.005647821300656275,1
0.11253310361102167,-0.12145222455024289,-0.006658873285138589,1
-0.06693777722718747,-0.12109183406857293,-0.021456080832760515,1
-0.026374275652978063,-0.12987062994185872,-0.02075197597483909,1
-0.15934198737543634,-0.1379692503657246,-0.0321073913465213,1
-0.12659385416486737,-0.15399533899244422,-0.01204436953150334,1
-0.1370287476811689,-0.07165548381839048,-0.3136059629512893,1
-0.032092806504308236,-0.07158180570927897,-0.3075341342560449,1
0.052213735704044084,-0.06903945992700366,-0.30176130113107324,1
0.14320071401241918,-0.07333007049754414,-0.30272271699805575,1
-0.20947826419637505,-0.08412908186546583,-0.30965140014376113,1
0.20957203321738976,-0.06191858389941007,-0.2677882966646479,1
0.15771817093140536,0.11862363384127317,0.146432318141273,1
0.1592873865374086,-0.14363985590865824,0.09703490064228326,1
-0.17165854613675513,0.09435621426908203,0.10322793638906855,1
-0.14368006094081712,-0.16342576860071234,0.0506372922790983,1