-0.024540121227066707,0.44019417359371965,0.18210538651702063,1
0.05133205245221058,0.46293143537613634,0.179948113482838,1
0.0884849444415288,0.4012751088501303,0.03617391104689838,1
-0.034909997478560904,0.41718476442876273,0.010786131212279781,1
-0.15600319450702674,0.3849486164624598,0.01355939894463698,1
0.19144378394592656,0.36685228152486404,0.045939016107041875,1
0.07652159498435751,0.4134923210563588,0.25806988710093803,1
-0.04466583845876192,0.41339445469216695,0.24801329753520526,1
0.00548850117853112,0.4354582533860982,0.26166794308127594,1
0.005103926266059239,0.42484546846663695,0.3643106857762981,1
-0.1955417969194576,0.09026613623050927,0.2491847991130669,1
-0.2725846812975734,0.04813686788030047,0.12402127257217416,1
0.21647824939466276,0.11373786095648563,0.24164398973935341,1
0.27790349101514244,0.03866587717051562,0.13008324049919118,1
-0.24773393143485856,0.29824188810606156,-0.18535219532158364,1
0.00797914232052399,-0.42039603214363774,0.17941316841786925,1
-0.06835886348588138,0.3493014913706749,0.3822778620646101,1