0.3766213761831887,0.0518482387861382,-0.1839493737742388,1
0.3386697503174734,0.07010131167331868,-0.23646528440815073,1
0.32604897900067175,0.00411870050220281,-0.22052135321046995,1
0.4164510201973838,0.04349757598173805,-0.2871979513462981,1
0.3537707214720107,0.07457352888510121,-0.33245177598751635,1
0.3601690235877768,0.004721986760582553,-0.3212750747190647,1
0.16703198658298746,0.10254024157530184,-0.4645332905269974,1
0.1899311172911951,-0.07256749864387934,-0.4640920257243509,1
0.219834640773942,0.12432976861482014,-0.3609398172863023,1
0.21469641298549963,-0.06330528387156353,-0.3305901408030885,1
0.185592060027647,0.1395557994051344,-0.1754241310893463,1
0.1332952774969023,0.12655947416436253,-0.4785584429368335,1
0.1907496518702434,-0.09973486700662093,-0.4554485579747003,1
0.1933890574575796,-0.18400272603250164,-0.12698243229549755,1
0.203083784559228,-0.19390332020705692,-0.08724961312909141,1
-0.016415051411384107,0.1731156567423071,-0.16010509303409792,1
-0.35723734720036215,0.08219311442753378,0.012402938457696577,1
-0.32647869721256006,0.04583162383564615,0.004426477165512477,1
-0.33020017807583346,0.10588151999807273,0.01537866211985689,1
-0.4449978513074031,0.10321657601331235,0.06044998773368171,1
-0.35226302375036045,0.0759419686210504,0.09415429991629021,1
-0.46674021691620465,0.11561564919482428,0.32153266192622576,1
-0.42685307732013555,0.10983286390223201,0.26363322165268954,1
-0.4033489764057334,0.10455521202148343,0.27706804748197244,1
-0.1565176743421908,-0.0064222937299998894,0.10772808556236388,1
0.4926313766734536,-0.03409112122381064,0.3027489259579319,1
0.49247170628430536,0.00854239381646682,0.28316273390135826,1
0.4596214483605028,0.036698584538444656,0.28292423400093813,1
0.4564850004499563,-0.07134469108888641,0.29002770162680935,1
0.3178953603815855,0.12938338372911784,0.4642411765261518,1
0.2841230068917189,0.09496373460223251,0.46952413525099823,1
0.31060710339941133,0.17617928973020525,0.46506222851299794,1
0.2713466186273785,0.20479952859759787,0.4601986919954757,1
0.26765393806808335,0.1612527617290722,0.423204983939208,1
0.27308934551209063,0.12908532533440442,0.4268735835173838,1
0.43244882886105973,-0.012885178457337165,0.22968591881854916,1
0.4371275882372547,-0.04075504306995015,0.2368650883518555,1
0.414273010058698,0.005094482457383975,0.23173579544319445,1
0.3517123542335039,-0.02568314910888514,0.2757593396901328,1
0.16623489656317192,0.14525470759339015,0.3965663689302181,1
0.18571009996023913,0.14322947344600845,0.45424690540818035,1
0.15069666473987936,0.0703414371038708,0.21145437340574635,1
-0.26984724716825736,0.18117114873889806,0.4603611371775258,1
-0.2560262271224696,0.1434210497155779,0.47125848996958574,1
-0.27596354479448193,0.10051072848898101,0.4713770612530972,1
-0.055254619080344014,-0.007288460243271233,0.47125656597176846,1
-0.08255343202793064,-0.05392346553065275,0.47154501003516147,1
-0.12406168015431262,-0.07739103447860462,0.47691968076408564,1
-0.09015825916956066,0.027594970010666852,0.4720340647444988,1
-0.10462823412962541,-0.006275808040337283,0.4240815303450679,1
-0.11407471198700514,0.01562388610202295,0.4418110440547493,1
-0.2829293811998541,-0.011501279492342586,0.3641221427234541,1
-0.36771840526517874,0.14825816811029657,0.3329651161001248,1
-0.18272286111771257,0.005359597568742935,0.3251009157478437,1
-0.1905533799397694,0.12880812178479406,0.10622123918060255,1
0.13140028193105202,0.14841806868350127,0.1206089410646376,1
0.11632073503185983,-0.008548622034515673,0.14313287472379121,1
0.158439596464786,0.1252426843762222,-0.05407737269318491,1
0.16548931682209025,0.013437254057695913,-0.0752397424912874,1
0.0542520703947469,0.15758713023262794,-0.007569012893891669,1
0.16195121367847276,-0.04419604449104142,-0.05133679529982782,1
0.20236570328494247,-0.008820873496497405,-0.1269386540966111,1
0.18549580338400517,0.10714719540653014,-0.1307769431010145,1
0.208791395871255,-0.014226462392922911,-0.37473662699956433,1
0.2174163133965249,0.07541547219716349,-0.38233069305776473,1
0.20661827169628066,-0.01448628487485315,-0.40574698315292196,1
0.21631310973188933,0.05233115281265133,-0.4170689364762239,1
0.2824724903711804,0.03222029997807674,-0.40496367252603704,1