-0.22946105165055497,0.12744853256860666,0.35443591532650476,1
-0.22132930181170096,0.1339631025849592,0.2551554173657977,1
0.1664692706994586,0.14290798917585334,0.30157832284858976,1
0.15871521883722134,0.18932746562924757,0.335567569189643,1
-0.08111270638119183,0.33269217983932664,0.1761772421779788,1
-0.003273824456230312,0.3292874901718835,0.17532716323151542,1
-0.03795096970560935,0.3538713365442694,0.09586775847053985,1
-0.049053773446471105,0.4107786590991016,0.062354742872065216,1
0.004848166076144245,0.3160061032038051,0.3263026474733158,1
0.030370345180162142,0.31212839027846295,0.3546966252101986,1
-0.043898629371149085,0.4234597373396297,-0.03664596525294167,1
0.055309134979581565,0.3586767398291034,-0.29082420523803964,1
0.03142534817713338,0.4087066873158929,-0.20036531352889852,1
-0.045147394630927096,0.4153032231765046,-0.191670576977774,1
-0.2914559698330286,0.24502215034913,-0.06577031748813666,1
-0.28707214058339625,0.1441996074519332,0.017101723872021322,1
-0.32925596757054365,0.19581039729451632,0.05175185955597271,1
-0.3427878017623256,0.03990671561429571,0.03553354044528248,1
0.2737322603204026,0.24216566757067115,0.04901280685767695,1
0.24613843952808217,0.16883466570770578,0.01451282999562764,1
0.2592622260726296,0.2575534265435877,-0.06583496863555638,1
0.3226120026681082,0.06975743804415391,0.036883185631307214,1
0.31766253308026765,0.025301315381125233,0.09502796652222978,1
-0.32705583292945395,0.03231399028678844,0.1154142451267478,1
-0.33082238019351906,-0.031067145378425254,0.0873492576859114,1
0.30145883458987843,-0.014772754183204783,0.117813444246615,1
0.2584100834402503,0.1034118075801842,0.1498300325589199,1
0.28845861470393136,0.03381975117766395,0.1235959044405088,1
-0.302331009920941,0.09333024934935863,0.14090054189510326,1
-0.2691154128854573,0.1479712171804577,0.17587210814125886,1
0.22793764887335444,0.16900284427998136,0.17826939486536664,1
-0.2514874197286303,-0.012279175675574738,0.3597087130413695,1
0.23178650709163961,-0.012933482843025201,0.3430127563937917,1
-0.13797301182237032,0.29302804354060896,0.375466615142404,1
-0.06545204485472267,0.320693391165753,0.37843628859624356,1
0.08980011547572553,0.27984609589950854,0.3665669272051805,1
0.13971718527054255,0.23825072466498454,0.3451043998210357,1
-0.21409902569309258,0.1993332752041932,0.336520481816184,1
-0.19381894160075586,0.23800511350130948,0.35085331220728033,1