-0.05212774834927014,0.17444432286809863,0.4904635340188648,1
-0.09385532447174061,0.13930361920723033,0.4878478964698437,1
-0.15884301849268745,0.0338127051630166,0.4886075197240926,1
-0.16657114263908512,-0.013726625209530052,0.48636670882936783,1
0.3155096139127942,-0.10057539334316745,0.4915944079591562,1
0.35581174364478807,-0.07254104512452874,0.4906446713948639,1
0.22955224160550414,-0.2843512238141104,0.4899445337334969,1
0.24005649482441238,-0.23718965076258236,0.48729367400912693,1
0.003556175414221485,0.06489596866069602,0.4874979003658382,1
-0.0479399387153121,-0.012317486976131247,0.48492392382764726,1
0.41499691095540747,-0.17611675902771512,0.4894086341247319,1
0.3533154583322746,-0.2713498651150177,0.4918432429560571,1
-0.049873243403653955,0.01010252931346911,0.28539263111791935,1
-0.026301737653002366,0.05580068044623521,0.2777160180525897,1
-0.02600672611749344,0.06313905009239634,0.2131844408642092,1
-0.06048096834068417,0.0023189599050703613,0.2106757030926356,1
0.43806026618437893,-0.23629407203428165,0.21306699674287444,1
0.41597335805156993,-0.27118669695421005,0.2099827050822629,1
0.344777293155615,-0.2614668220814328,0.1803338452910208,1
0.3881896748382321,-0.19199769108946407,0.18785317388797806,1
-0.09967117816808421,0.04323157423768875,-0.0057735198757783435,1
-0.10194032952280218,0.07375318780580961,-0.007332800167838105,1
0.380989837694686,-0.23164179994340428,-0.005505095784780201,1
0.3504917901453616,-0.21510426300289576,-0.21688398805764175,1
0.344495431097416,-0.20156540037684434,-0.18862877497569774,1
0.00877542762076361,0.0819020930347006,-0.0015740039102831726,1
-0.040670257119080386,-0.019669430104906266,-0.001769116650678998,1
0.13400408337398772,-0.061667897782645475,-0.43955195847046546,1
-0.08555579342618846,0.05181468578298193,-0.34569611752448725,1
-0.249182288027529,0.09374283315065077,-0.4889037380816449,1
-0.1860394836864021,0.20725293906863662,-0.4884900601117663,1
-0.39025409111590825,0.29929219442689675,-0.41907069801166474,1
-0.404158288962452,0.25127143780428307,-0.4136675525941306,1
-0.4168318192205813,0.23327131129965028,-0.4075194742654359,1
-0.26763432505266316,0.2427029914516372,-0.4732730007852681,1
-0.3312895530547215,0.15509056271047994,-0.47148801045617894,1
-0.43795413082383394,0.28553026681686555,-0.4003923334616524,1
-0.42013019466250956,0.27226656671236915,-0.45258583697663607,1
-0.34917871924804533,0.2259484196547379,-0.487587058550296,1
-0.3588815685210527,0.20996634595933372,-0.47049549670312696,1
-0.33941428002686,0.24239285891651452,-0.47589301038650033,1
0.16872079586159305,-0.20358475826302258,-0.08717903856297387,1
0.2645030614984585,-0.05420082330853204,-0.08072632324506854,1