0.1131476276600103,-0.026472613740208928,0.4314907843293039,1
0.2556184062785434,-0.024604028514436216,0.43236250480705074,1
0.1446458597266016,-0.023026980060655122,0.068468993027759,1
-0.1749292814224049,-0.052427626920999115,0.06383840907569782,1
0.15297846611286453,-0.04292276091483971,0.06810464993578158,1
-0.4871362375439422,-0.09131488968969936,0.00359726296704288,1
-0.371489706559742,-0.08142406128306745,0.039076549492457424,1
-0.3623092251408725,-0.08960571059802524,-0.029835778952013392,1
-0.19308088058394768,-0.043754025401754326,-0.061919001680460495,1
0.15601252432883816,-0.04544877624175914,-0.05913617103384097,1
0.26646603829379867,-0.036373654716221004,-0.4290054538152666,1
0.1255818964096438,-0.03711022149663634,-0.43450498131278525,1
0.3461210534440222,-0.04389627502625443,0.06787415784310324,1
0.41713334557754733,-0.041144693668767635,-0.16977704569507224,1
0.4751805161847832,-0.041744891107360293,-0.17432221892009791,1
0.454028548023921,-0.046604025411620564,-0.057539625610749434,1
0.4824179557069779,-0.073992298031273,-0.0038633271054346885,1
0.45975012224845013,-0.04679916891032454,0.055151168707949116,1
0.4812381704046551,-0.038502805086014696,0.17198476998603596,1
0.42071412128672536,-0.04090679188435799,0.17743764161015485,1
0.49107720890225215,0.07990111738211913,0.011545895524379401,1
0.4043238711200994,0.08378280357556189,0.00920842646856268,1
0.480021783339839,-0.004444988901727065,0.016632415700437275,1
0.33802143394782735,-0.034295146164697865,-0.06330505449932455,1
-0.2427039952122481,0.011553298792620792,-0.0023534706234480396,1
0.06264061249660972,-0.0077993657604958355,-0.000507799251691754,1