-0.20637266521163067,0.045327607360409194,0.4956016565680915,1
-0.19217058910238105,-0.3183411996111216,0.31073309323658515,1
0.22801765122054363,-0.3267689378728966,0.3088099199540384,1
0.22475538964341585,0.07771414048326786,0.4851017691286257,1
-0.2597672676972021,0.2780140034595718,0.024840927358222076,1
0.24917324991905076,0.2881973109938557,0.026694940075480566,1
0.194445409664829,-0.20335670004721784,-0.1270623761808043,1
-0.2006612997714445,-0.22408079954592752,-0.1282029387729906,1
0.25858284498850237,0.0029593960678152564,-0.45741575854523025,1
-0.2543488019815303,0.0015075444789005854,-0.45658935054190463,1
-0.21457346973110103,-0.03482975867009375,-0.3090822366304019,1
0.20651954408224904,-0.041752606941848375,-0.30574067360060014,1