-0.049332232401417514,-0.024222133663341943,-0.039339905939190595,1
0.059302598154825054,0.0002733546384854346,-0.05471922795265294,1
0.150563805976596,0.020431944964832027,-0.01620167424093233,1
0.11614532022659912,0.09849212274086016,0.0626195819084081,1
0.02154890729122444,0.11669638349633851,0.033115923385895224,1
-0.06734054304914655,0.10676986032947977,0.017060916047191954,1
-0.1656956736963743,0.02763331829519311,0.04141763554918976,1
-0.1416123895010003,-0.04959273404430298,0.004228171387041124,1
-0.2937650083768011,-0.03106914749340417,-0.08529857121230178,1
-0.32136137329871583,0.035945978885942864,-0.040972413147946085,1
-0.4909082660602213,0.17186081728980862,-0.1575132351748778,1
-0.42632623566337235,-0.019218346775439432,-0.2918224390884778,1
-0.059752158827915236,-0.26194690978641754,-0.08690473729685527,1
0.11760136348068584,-0.21928363399935313,-0.0652082272899066,1
0.28776905257884766,-0.20745365377306912,-0.03610725389762415,1
-0.19651058864782112,0.15245283307080504,0.17079258166187383,1
-0.009940079243596855,0.18549587459325,0.2074763652577407,1
0.19370259085043884,0.23746608293771532,0.22180200593019794,1
0.2083660705061029,0.052036977581532806,0.0723618375423496,1
0.49547285573316335,0.16184713809441398,0.05428066799061959,1