0.26666879401606724,0.20316806345302751,0.45732514686728676,1
0.44908653691150224,0.022067221470675857,0.2528314492691661,1
-0.12559953965908632,0.02646850628257935,0.453577199010765,1
-0.3044497787981739,0.18063926651168716,0.44103829830688923,1
-0.27017291209408645,0.18469115216382625,0.07590221609300185,1
0.2639331188976191,0.14135387499306684,0.13744295887264146,1
0.23826959299150516,-0.03364954600801104,0.11644219003728918,1
-0.2381028721521083,-0.05364584388236876,0.12599822805254393,1
-0.368279378647828,0.04558591347414587,0.07265730460125441,1
0.15671755982002322,-0.055023171343714816,-0.01055362572157037,1
0.13932815938260878,0.13317021140189578,-0.06787332464330031,1
0.21072532915449127,0.010206723749803137,-0.3554447564724399,1
0.18010167442570996,-0.04575215320629643,-0.41633127343764164,1
0.18528296619906692,0.06697270933522492,-0.43914911254917765,1
0.21816752045002907,0.10352202659294818,-0.3484845736574451,1
0.21402951811677195,-0.05382171747187059,-0.3161812369843028,1
0.41348294152507137,0.031521300846677036,-0.27748673662943335,1
0.36362522807719877,0.007720857403254122,-0.3176464716412203,1
0.37709553014829033,0.028838100561111357,-0.197334562534064,1
0.3768761952820603,0.06135021841360189,-0.3261284401122623,1