-0.19465772573163803,0.2053517891994796,-0.49064449121058873,1
-0.25741096614062575,0.10290941586592339,-0.4919311284981909,1
-0.35885211841852804,0.1913919912063542,-0.4693111484023724,1
-0.323753035974887,0.24718796475494997,-0.4752893040221142,1
-0.4104212239345455,0.25773787570967066,-0.4646577068339428,1
-0.43476429863275134,0.28339718293567006,-0.40579055189251045,1
-0.22879721250243978,0.19882547087705404,-0.2692002020239201,1
0.10513986861466073,-0.0311333310547266,-0.4328974614516744,1
-0.01610392938969718,0.14285487017602594,-0.030336247218097134,1
0.33095643865171453,-0.03700308771433436,-0.13875306347259697,1
0.0041025464455648475,0.0664010467910936,0.2366376983385461,1
0.4165410035329824,-0.18244676359421774,0.17574042832816195,1
-0.13044024660863074,-0.03228138816314674,-0.04155847264420731,1
-0.09975724000781794,0.02645352330651285,-0.3259057126275622,1
0.16364245860782678,-0.24636260884163685,-0.12503685647166174,1
0.35783182559229276,-0.28086544221187726,0.19068631783496093,1
0.3863226827016296,-0.20569244571822542,0.20222291199305026,1
-0.060726766930644105,0.005469657215179724,0.25170274038884066,1
-0.09946666502251244,-0.0009041588793020083,0.4421153501154973,1
-0.047210154549911815,0.09095355032617752,0.4486551945872416,1
0.3613231739279348,-0.16160184296445495,0.43693846791372337,1
0.29642850981512003,-0.27027518187145716,0.4476447286312544,1
0.360419556687638,-0.21588057877254485,-0.20867447298011332,1