-0.07371257241616827,-0.01955650976017853,-0.4053483154610189,1
-0.06129116861306769,-0.07262543070545191,-0.5533752029473453,1
0.03712466954262497,-0.021372441131026765,-0.5511150643471363,1
0.059398816187058945,-0.006380778327547132,-0.390308839085021,1
0.06313995348220341,0.08314085539945504,-0.3113877648505231,1
-0.08143984169986687,0.0903472774378078,-0.30419076833836084,1
-0.0396916955324888,0.15887430601742775,-0.25943208772895126,1
0.021190172131667184,0.16062938479496136,-0.2559819529191033,1
0.09691837358128183,0.049294966895912506,-0.18156362805839393,1
-0.09987680921032628,0.0010862629490382413,-0.166780076463554,1
-0.0454314745802345,0.15848953961762446,0.08236703476946538,1
0.058977327708038096,0.16769992548423485,0.09693893680592136,1
0.15742897983611792,0.07616933157339474,-0.02265206800300934,1
-0.14091828291674646,0.05634164904754477,-0.046869334162287,1
-0.06277243374723976,0.1538548461004985,0.3342760001929372,1
0.12993622642138425,0.1346819084312001,0.3442754084212023,1
0.18711641005898738,0.03610092899840889,0.17902806398610385,1
-0.18627302310612426,-0.0481594215273779,0.17123471952940483,1
-0.022633168872043363,-0.3064225735359496,0.3360989873113305,1