-0.15553140724410008,0.17925702438181312,-0.45459722486717985,1
-0.2590469960285824,0.11164981481188363,-0.46728606992234367,1
-0.16143082709898326,0.08957479678164293,-0.48380523085488425,1
-0.3420301500022065,0.3603639198797368,-0.4452176581186182,1
-0.27015385847565376,0.25244465309529995,-0.47684123714270876,1
-0.1388138883565319,0.049660386324664296,-0.3019460523128526,1
-0.17410414692754417,0.08226633401900991,-0.08871844858624997,1
0.12861611765837696,-0.04847016421108635,-0.07693174458699207,1
-0.4105397162957496,0.22621492672670038,-0.008038491600944858,1
-0.21517850308765052,0.2264291556547876,0.2552786548532514,1
0.5156093466843693,-0.13979910252681657,0.22652505303958592,1