-0.1472605909837223,-0.0002925138790759868,-0.47664541797094983,1
0.1360093276213182,0.0012021923795934377,-0.47146810911018144,1
-0.007619467632008117,0.15644768093363281,-0.2764916262947775,1
0.40343404950392814,0.07392364045923126,-0.1365415660734548,1
0.16024686397085605,0.08664311299075805,-0.09293546776418748,1
-0.14323358334385444,0.08965419099016586,-0.07612413875586443,1
-0.395706910880447,0.07843502961074844,-0.1371696087130191,1
-0.10878358323653717,0.0769467311175435,0.20223573611880152,1
-0.24618991780388452,0.12563197414066512,0.42338878720697115,1
0.10552424222488441,0.07729952407989861,0.1885948167661875,1
0.23375169197913126,0.12317472470550172,0.435450700219583,1
-0.011182140647907457,-0.05013860852855012,0.24265206566697517,1