-0.04603489946197481,0.2094737468425485,-0.11486913072703608,1
0.10826483464474634,0.21413315192685706,-0.10922036995246584,1
0.032838725775204775,0.29780447757388423,-0.01881500449911197,1
0.03892702730029515,0.2726138110570187,0.06610053120462858,1
0.2500950313791024,-0.09373109657514722,-0.05996237733156734,1
-0.18137827580420973,-0.05481323906335944,-0.06396677583735866,1
-0.13635257327881298,0.047750795129925416,0.06538644529069962,1
0.19409643515261643,0.06737148014048788,0.09306709049117367,1
0.2065684831104353,-0.12744322257731522,0.32225370116184026,1
-0.16598819229145523,-0.09481116056390792,0.31958445044113215,1
-0.42629889175183777,-0.07849183910189339,0.42671835812768477,1
0.4129714202380885,-0.0945751752963293,0.4227995010824692,1