0.48032946413440025,0.028311324970762386,-0.16129480016784114,1
0.49637462758327066,-0.016248722914397995,-0.16465439568306706,1
0.40681549137372497,-0.04555334651124421,-0.2344688729429789,1
0.4026033589817808,0.055113006300815615,-0.22453081066925606,1
0.35084546170538955,0.05294030852269449,-0.28253202986726233,1
0.3460980647489573,-0.0371987641596101,-0.28553513040074474,1
0.3292724237715643,-0.09402863021819352,-0.2564229991821758,1
0.325617493265697,0.0968812827519146,-0.25099071578674714,1
0.09794260698357671,-0.11400436205334824,0.04248001817259195,1
0.11606918316755577,-0.10777063043325108,0.27704189628697184,1
-0.32880253128588554,-0.12381859179499843,0.026889107990843097,1
-0.36080227687274213,-0.12266675975214464,0.2822355564897281,1
-0.3578372964162515,0.11978654086400731,0.023682289677449342,1
-0.37898449366063147,0.11326717237133721,0.27590647074037766,1
0.10553101550486044,0.11569792374332885,0.045397408562720565,1
0.11610547125776443,0.11090057924699559,0.2819136328677218,1
0.13212327853947428,0.030330572795753352,-0.20313592964227942,1
-0.3789781863184393,0.029869032886738506,-0.21951566775361625,1
-0.4762099021718507,0.014733614668107852,0.10354602857054557,1
0.19568406731388474,0.03602140523143721,0.08773230153182343,1
0.12666464980520425,-0.05199930723918528,0.10674213149575773,1