-0.1672712222921841,0.14487923504449474,0.2229318708342437,1
-0.21754941979116665,0.04510204290218489,0.23437478307627213,1
-0.2504318818081503,0.05974725789502333,0.43215696854774155,1
-0.20103175751475902,0.16465188473469894,0.4481215025096663,1
-0.17516987279705787,0.1687363955560215,0.07179557801020375,1
-0.24087777291182155,0.03262214437949362,0.07905289522103509,1
0.3186582726544165,-0.0055379276732212545,0.08540497300944016,1
0.39184748473328845,-0.07246204236184894,0.2287272928529891,1
0.35637608791269404,-0.057536082470130534,0.43870790223301825,1
0.22022427601809513,-0.2757270575387331,0.06525534257073728,1
0.2852119693622104,-0.2811457422228091,0.2096526369604934,1
0.27177284537323443,-0.26292721194186075,0.4241655851109978,1
-0.4827488603114981,0.18424990304742095,-0.4232241060391765,1
-0.4447756271431902,0.25010577488802155,-0.420506479309284,1
-0.4979056825969935,0.18813865414759945,-0.3218598922046988,1
-0.4648212165781045,0.27028685623984927,-0.32849581186262855,1
-0.49264326268150893,0.23616925326909732,-0.18147826080072255,1
-0.33610477913805936,0.22894578177539732,-0.30220658722596694,1
-0.21373811222087002,0.12078405050505886,-0.40622241396441683,1
-0.05352985485247613,0.07536432803726942,-0.23798116064050367,1
0.31897761820510606,-0.17691012511122572,-0.18013743665394255,1