0.09153784181318228,0.1634377501358163,-0.4328114039039809,1
-0.10464879507460201,0.16598616432912982,-0.4512388966614372,1
0.014137190299997881,0.3019498159672267,-0.24287517973025258,1
-0.3501527058523735,0.21516762546820756,-0.38303729423326194,1
0.3459542687332065,0.268134063741333,-0.31690252944132924,1
0.2576783523336118,0.12500417978977118,-0.23117650966654235,1
-0.26575672884469103,0.10851905247428739,-0.21910628382400077,1
-0.09405481601537493,0.0837832045740372,-0.14580992106343438,1
0.12071790534131516,0.07344499046484554,-0.13186640358575463,1
0.12894477890398087,-0.014237476549815941,0.021758397439710933,1
-0.07190958987175508,0.0030051548597372635,0.025638143254041255,1
0.02837654299967443,0.0026939516572202157,0.08721620591091041,1
0.025355398145510466,-0.35652597736607405,0.20431806136285208,1
-0.14822214480309603,0.004993639409517692,0.21310806393978512,1
0.23201156919152743,0.014405468536008936,0.20934850657343762,1
0.20827121374871615,-0.03483222059245472,0.4741951648008961,1
-0.14204351386969105,-0.02130216340632135,0.4741188056472469,1
0.03554371488901342,-0.19681600381946326,0.029029016583771105,1
0.08700071041761648,-0.22805729298722982,-0.14642975975017625,1
-0.0840615130050153,-0.21056330975177018,-0.13462889349110346,1