-0.2474251126046361,-0.004535690530182546,0.021193647857807755,1
0.27007700435704623,0.020078276652200605,0.0060612520338106934,1
0.18784952658925366,0.0027421184792749686,-0.1667073433201754,1
0.09643200211393038,-0.00972774301844681,-0.31640546791931584,1
-0.0682227384955693,-0.015042841127589912,-0.3122052220512015,1
-0.13754242481468626,-0.0056425276677883884,-0.16619209556044784,1
-0.012866514239331036,-0.012437367932248283,-0.35138828486850193,1
0.035696295679932974,-0.010813406465099068,-0.35779389129931505,1
0.0029893524194709586,0.04219822399279853,-0.4338860199440508,1
-0.04235109726965208,-0.02558481349057501,-0.4340351637529848,1
0.04517357085464982,-0.019404714758650042,-0.43342082215555283,1
-0.05636872790519119,0.01556603844091825,-0.12149603785129378,1
0.08366966038159382,0.02419941964875194,-0.1302359385453345,1
0.015192232054777918,0.027803484968509734,-0.02829302711526535,1
-0.048376380824848686,-0.003642704324446827,0.1860275460854226,1
0.08296984307992663,0.00638800150990948,0.17487993070735658,1
0.12114464777170818,0.004869724092785521,0.4344251929516455,1
-0.08091242361545259,0.00752963257878142,0.43187389779477603,1