0.08202230244856112,0.04768606250967622,0.2941137014640114,1
0.026475077085618803,0.11869612554794795,0.2940592637998234,1
-0.21412711315702726,0.04304093023208644,0.45486583788319246,1
-0.04386894224605631,-0.1805648680621399,0.45632240098495613,1
0.3134331512037649,0.19573986593345802,0.025797599117261427,1
0.23382379854545454,0.3140066701120148,0.030919918635155863,1
0.4471655413868276,0.3914491317689952,-0.00794453899634373,1
0.31846282300599426,0.3232281072242884,0.20991862193926258,1
0.36540123431516313,0.2638347637327664,0.20176267064781075,1
0.2291085027749009,0.1968169596552498,0.3162940481149002,1
0.30009474352663923,0.03154363517687665,-0.219330163450022,1
0.22750317394553932,-0.4050804080286527,-0.49881488223022785,1
-0.3848430689615068,0.455455170568956,-0.44836581348289073,1
0.006763338539462538,0.3833944651363192,-0.2370542029236984,1
-0.44211288818325833,0.39169225358335335,-0.37728133585486034,1
0.15661302458333637,-0.4491638699138836,-0.4212576752369106,1