0.01613501096726555,0.47081221708417864,-0.16485946689355124,1
-0.4454708552579161,0.03620655867282374,-0.16667290795865996,1
0.45490550725635437,-0.010056599580379632,-0.16666302298209778,1
0.46272033739041473,-0.0074575609296485545,0.4919579025845886,1
0.015651149476220816,0.4703611389331819,0.4856574935610478,1
0.09981018623785864,0.37805675157473906,-0.041944455659970625,1
0.36946424335136585,0.08210406395780145,-0.03732220157713817,1
0.31297651890168743,0.09023946810927841,-0.001558489998501944,1
0.09901920992199287,0.3236854377089169,-0.0042823750115097425,1
0.009910575910795693,0.23375335419286758,0.31972743627310596,1
0.09928334766652424,0.3668041106649218,0.36107622973885966,1
0.3720527709885104,0.07348139043953527,0.3545556885619865,1
0.21850541121779354,0.010062862618004153,0.32584085864864143,1
-0.4646901216967745,0.02243692136702724,0.49137391866314717,1
-0.021420769356712554,-0.465779097098304,-0.15742179522239574,1
-0.023622290025816284,-0.463417674658988,0.4861812457420811,1
-0.0038901078193134264,-0.23151857725044267,-0.23296641712365007,1
-0.0183723577886048,-0.29236397410568804,-0.17605290684123087,1
0.22984962464870806,-0.01355279646605223,-0.2367852662791634,1
0.2990089090044685,-0.009894572650952227,-0.17694715189541266,1
0.2228096447371053,-0.0033023416832418384,-0.49999993422468236,1
-0.0034412495264064535,-0.23110032084048182,-0.49200526467771643,1
-0.2947261137400786,0.024007622909819392,-0.170329548594071,1
-0.22780770092317382,0.01545605043781606,-0.23331390312807043,1
0.007092998658658534,0.23450340141279646,-0.2257428764966738,1
0.00296436509413045,0.30169190541581914,-0.17026879350534285,1
-0.001061831756331344,0.22689920359980098,-0.48601436699779876,1
-0.22804105341126757,0.015238473960130782,-0.49151589148498065,1