0.0765162966640831,0.2541664786680118,0.4540467322255236,1
0.09228132071203376,0.15821042637157867,0.3191931792553016,1
-0.07087155475267559,0.1982729894438942,0.280764487054777,1
-0.166275748520186,0.15816267653373378,0.2108629586231736,1
-0.26957339588397244,0.0967415295315312,0.09851782761811206,1
-0.38843770169521396,0.18074008440664835,0.1670049458282044,1
-0.2684761937000224,0.2767684430157258,0.34579099275231883,1
-0.10627325914024377,0.32661459911975426,0.4366381908689019,1
-0.1973475019060772,0.04137388828755896,0.02946543617206132,1
-0.11432769169149093,0.08157205268723758,0.0811260293114861,1
-0.031829290941300103,0.10115130565250546,0.10996790841785728,1
0.07503043191481401,0.07603932447266265,0.11724570826819788,1
0.248241597902064,-0.06482968691969405,0.0320490516265875,1
0.29566038342335954,-0.04396538225567137,0.17154483865418202,1
0.394294243696692,-0.039418151458032624,0.21496386100232365,1
-0.05141384572655494,-0.07248069550385,-0.2698436860020389,1
0.16738256366679116,-0.08233758667966331,-0.22668699030328265,1