-0.2103844147142513,0.04085380141079065,0.3848640665869385,1
-0.08750201644423927,-0.14185583163657833,0.38621542085144655,1
0.34652019634739717,-0.15585218693306046,0.37808792524033485,1
0.45780980764247703,0.041506027896818676,0.3821631687413043,1
0.3485110724549999,0.05709152537533768,0.016315251412753584,1
-0.1422354195342509,0.05752106848157616,0.036043912125132305,1
-0.14517240689736882,-0.19294286587732712,0.009669362900482259,1
0.28768563783240985,-0.2200096647745634,-0.0026536659223523884,1
0.255913174470211,-0.13048012744436588,-0.20217500662163457,1
0.023351032689911122,-0.10478756397905422,-0.15676673463321125,1
-0.4022048359558422,0.03455436726337992,-0.38816343493507466,1
-0.45765276308502234,0.03509224490138922,-0.3941473389260257,1
-0.36009955424148077,0.10381283507446248,-0.3937414058533106,1
-0.4801533010624284,0.09936149455697185,-0.31929540294065894,1
-0.49387085126101793,0.1931928935500069,-0.21913972573944634,1
-0.4129692470778492,0.15093777066597336,-0.31716407179083167,1
-0.4470682852271288,0.21220719053597836,-0.2159635099774455,1
-0.34993044296118614,0.07811992043810945,-0.22890163133295216,1