0.17719488229469182,0.06157552747165873,0.4995343235061158,1
-0.1998340078761376,0.06040034405841155,0.48149943100199976,1
-0.19435140817848154,-0.2406036590457411,0.40808585393923424,1
0.16927854865576575,-0.2026013668851201,0.42187089503768926,1
-0.18668293867567032,-0.12291419458686947,-0.03327667891053998,1
-0.09160595474506028,-0.11262391072275157,-0.03042174558918387,1
-0.017197526965808452,-0.11928950243493585,-0.02089497906130211,1
0.06884907710377985,-0.1129983881509739,-0.01784519474739754,1
0.1907093947776854,-0.09561042713021858,-0.009492105799374303,1
0.16451869457337365,0.2268464821645264,0.08646462151940626,1
-0.19629119719866383,0.21620684463107398,0.08061462220171833,1
-0.030007441073071517,-0.025435678470757228,-0.42932619105183395,1