-0.07981431549449264,-0.027400531959042407,-0.06682305354255452,1
0.11965895474652574,-0.05037496709461095,-0.05019027017316842,1
-0.13901921979554133,0.09646750528087566,-0.15356581900565774,1
-0.1853713943963503,0.2149053024215123,-0.21481401199881278,1
-0.16540762503358275,0.3005136398775332,-0.24172340091997757,1
-0.019919773725482592,0.1571782742284893,-0.28585990466830713,1
-0.0020417502363765383,0.30253698601028955,-0.37424571450569854,1
0.010616967204241323,0.4189691717551356,-0.40442575588378426,1
0.05147362019685919,0.15343418138859582,-0.28738666411802854,1
0.07567927599183122,0.31664564041731435,-0.322004685050782,1
0.08898718948225737,0.440412710665151,-0.2603202076838741,1
0.12896783419770674,0.1363197072438902,-0.25427124207498597,1
0.18278780304840647,0.12427221615691702,-0.20924187029642016,1
0.16750544973310388,0.2563730138970719,-0.14259554347494352,1
0.15689977728890592,0.30609842480798066,-0.300706642258175,1
0.10998972800723883,0.31520083702319246,-0.1189076018398148,1
0.1288014195536984,0.20457328215727077,-0.035807333071132874,1
0.034623049623306645,-0.4723742276272037,0.2615331124222031,1