-0.002382553411831023,0.4623989511190638,0.1474126700583283,1
0.4180280390362876,0.44942262270504263,0.09763440612726271,1
0.4320185736398461,-0.44641976085204615,-0.20276998623383413,1
-0.4406693479762236,-0.44743299560454774,-0.20281242784722408,1
-0.42668742495842693,0.45112069173324043,0.09084295980828028,1
-0.34900551544495495,0.32251748315841977,0.28644612266046354,1
-0.13737794001065212,0.33877202237888815,0.2942508857628102,1
0.10037564939985621,0.3436288000050878,0.2809575481894431,1
0.31990028281254856,0.33402810664684157,0.2879367668714181,1
-0.045458255725448815,0.4828347972381115,0.09928670877445977,1
0.07565101113901829,0.4889368477296161,0.09284093755086964,1
0.47023689391655554,-0.20867639716336184,-0.3108284172664899,1
-0.47515922374481856,-0.19966534938645752,-0.30512459360198374,1