0.159966180725907,-0.04048715564545935,-0.12349354170349391,1
0.15539984330928636,-0.11570314615088217,-0.09217683818463373,1
0.3926756283479138,-0.266965039296702,-0.4845006298646415,1
-0.13214569274836088,-0.02364146405023082,-0.17423971449530234,1
-0.10460440455363629,-0.1282925730642352,-0.046585503001229434,1
-0.3773072079881927,-0.23928062977240305,-0.4707104637809789,1
-0.04536061336912889,0.236552971187318,-0.2857758096752855,1
0.08386848905598398,0.22818950279971628,-0.2879505973410905,1
0.018207656199363597,0.33457310519839756,-0.2583443103860972,1
-0.019718307992323325,0.23056820796213118,-0.1652000795093782,1
0.057224278260875394,0.28517868106811517,-0.1718423308510868,1
-0.09174458416653874,0.10033048443519665,-0.35243171412371016,1
0.113632062594482,0.11533344968282488,-0.3630294277905367,1
0.1890651071857306,0.045865375327256874,-0.05519521875928124,1
0.16980982067839312,0.052086111771968646,0.22354536623810262,1
0.15762752402207108,-0.03253414887679418,0.03993126105304312,1
0.18452400931139454,-0.03216945498377344,0.23679332628421434,1
0.14105651985808637,-0.2493970358971963,0.1521241996360463,1
-0.14359256422386601,-0.0404229207106403,0.06541000414893005,1
-0.09466116865705487,0.017512969161139424,0.20129145132680648,1
-0.15228511581502246,0.04796574050607534,-0.07161195820707622,1
-0.07809439011476682,-0.2664792570545551,0.15803844802243283,1
-0.11494192145017767,-0.13734697168410373,0.25481110794880557,1
-0.15031556309520821,-0.019510516109789877,0.48162810762930164,1
0.03500404580218053,-0.09031779243545657,0.4983522695481767,1
0.042328223538749654,0.16236716355745928,0.49254191774055544,1