-0.3548730204941135,0.3010411339316237,0.1270136198522538,1
-0.08709845367457825,0.013243099761651167,0.4831524617546953,1
0.4581701546212966,-0.22707973278522608,-0.07890478973990245,1
0.1806108858253309,-0.14510819931003488,-0.4865689327643304,1
-0.3176226801693556,-0.18131654708588751,-0.39857654282057187,1
0.1275185167124242,0.13106060541869624,-0.38335454446120776,1
-0.46964107034134805,-0.05902019271966452,0.0403708882753428,1
-0.056251862714508105,-0.13556171251625893,-0.1132888599185565,1
-0.09000670184784676,-0.06089944024045524,-0.04521204118644928,1
-0.06308274193221797,-0.005064326766702543,0.061237250797034015,1
0.016535406505549827,-0.13956909290143515,0.10725521093514906,1
0.31827683256607076,-0.12713944702381585,0.449814744921466,1
0.0889288409268027,-0.16942954206460525,0.02912705754016573,1
0.09780854980213702,-0.15923176455547017,-0.057528630112302914,1
0.09809302927120825,-0.08650954541240718,-0.1622773157018261,1
0.011648687982398154,-0.02493285784200816,-0.21242824003253336,1