0.40602949587994974,0.043414750205201025,-0.2479655798502902,1
0.40711388363014134,-0.03843875764609528,-0.25279233644124566,1
0.49843251619531737,-0.0019347173741466883,-0.17059833478314834,1
0.3145285294022937,0.13469614917019812,-0.276300449070202,1
0.3147827596074295,-0.12931724429453617,-0.28336788458420425,1
0.3642757081438468,-0.08492571540951621,-0.3159226475490886,1
0.3810522228351383,0.0957548515487095,-0.31930062769986256,1
0.12406198610688213,0.11573824918387626,0.29732704990465486,1
0.11900076365954826,-0.07471008267635992,0.2907450522238846,1
-0.37419991219054594,-0.09920968039421557,0.3020748411995065,1
-0.3869410255503729,0.1360507928622384,0.30618545580894835,1
-0.4572573198682342,0.01078303204200498,-0.24284486948977707,1
0.03817404090435311,0.013098628612785795,-0.22362842500534266,1
-0.3035438804450471,0.04866293837490138,0.15235344738449252,1
-0.35712274592002613,0.05754020722844366,0.15812561283842344,1
-0.319009127385971,-0.04909236925403393,0.16232131148222523,1
-0.37412099890599393,-0.0513275042895196,0.16592432615504737,1