0.288710716982975,0.04821521810496776,-0.08137450939320079,1
0.32367693814176546,0.04895690719753887,0.12508530775348925,1
0.48909292603973253,0.04500128355177857,-0.05246654048976196,1
0.03628269222110647,0.004050976547869178,-0.24497478985852775,1
-0.010560194602566408,0.03340828075327329,-0.23099863837759638,1
-0.4346787434972925,-0.02879373555192022,-0.08612601477853454,1
-0.4944912346424759,-0.018551276363001197,-0.1345380347843118,1
-0.17226806378354437,-0.08189487736070367,-0.1345428005492281,1
-0.2597242752881329,0.01922730470690151,0.02317605349391383,1
-0.2793317389773998,0.027706329835785026,0.12371052726334458,1
0.02296040261996568,0.22585343448463502,0.2374305647645234,1
-0.017296700289777256,0.26756641980773466,0.19028401346412,1