0.18103119637116416,0.1612371036804776,-0.3195041647581185,1
0.07430552513910271,0.1872743929755829,-0.41516112627417834,1
-0.011114275003050622,0.14069514404151384,-0.4659077990148819,1
-0.1153372909493875,0.04760816895713993,-0.48113199087740655,1
-0.16894602933407943,0.1069439674442223,-0.29065934430459905,1
-0.11400431566891267,-0.02494749975825994,-0.11506449809831058,1
-0.038203427229400955,-0.06380783009725799,-0.29280196895188715,1
0.06706099263902643,-0.03690450879483187,-0.272436870564318,1
0.15093440649754042,-0.0002047828710383115,-0.21202603175401014,1
-0.0949934228572813,0.006547921526859235,-0.48126851620826583,1
-0.00606752024831092,0.09010566685417276,-0.4721584463188485,1
0.0912863334494407,0.14872354636119045,-0.4261818265760834,1
0.19375752292736736,0.13374835727176348,-0.3218262791937075,1
-0.18644668286769717,0.0786135459090096,-0.2619529545569822,1
0.13911113504679795,-0.0710406129279928,0.19177368585870042,1
-0.1006387786749321,-0.11326669803436751,0.1804896010299369,1
-0.023895957137280405,-0.025551602619808822,-0.07295888024943953,1
-0.0058109775755627036,0.04210246453617561,0.15511880499498268,1