-0.015011317077775699,0.3465532513932281,-0.050824023984790107,1
0.12651933681610505,0.27083056788591664,-0.0315955097541577,1
0.049004070011080314,0.3130791382060836,0.05783322761490839,1
-0.0003333298102359272,0.30040268356936384,0.0349748737527949,1
0.0708286456086526,0.2704189861536336,0.03696036069121676,1
0.06969642572915458,0.3484840272220673,-0.05102330216944176,1
-0.054617295008066113,0.2538622400464181,0.0538994210000386,1
0.12248408302480973,0.03407484480096323,-0.1086439297214733,1
-0.19085616316344556,0.1635790111365858,-0.1323482319819087,1
0.17785892099796818,0.1268310620469757,0.352659835489717,1
-0.29799897096574757,-0.21851323896224972,0.3645751327568951,1
0.06736942417851705,0.21182282719544748,0.06500298457433543,1
-0.19484402880169305,-0.08810432819894931,0.07515961159257012,1
-0.34960847708311615,-0.21242409635194326,0.1597442216303313,1
0.2382466780278144,0.12361953917629886,0.16900450424370606,1
0.08883057083472828,-0.03504294616184411,0.03138832492100341,1