0.015467425041798322,0.3425337004753756,0.1637356937410318,1
-0.19424767721878755,0.3468459057713127,-0.07559792560956424,1
0.15689230392491282,0.3678707787289179,-0.07066385157191268,1
0.24079306572245418,0.24667918538178024,0.17367232842949853,1
-0.29490328032369484,0.21944181180038158,0.18392138897793497,1
-0.30246032866677375,0.02421164879728227,0.1276361356747313,1
-0.2873738776238372,0.041258068308800744,0.17796215302333618,1
-0.2917176963999324,0.0925676474376258,0.15038441848192097,1
0.2686442080932916,0.05580893493147632,0.17978184200423108,1
0.26240630292404177,0.1475712981694804,0.15581890818502342,1
0.31263909004870566,0.006646685028146637,0.10540892837501117,1
-0.21709910049815484,0.17548917167741251,0.3525764787460533,1
-0.19730391912023448,0.22260167639930228,0.3745322060161942,1
-0.17204339558216386,0.24519209703811118,0.3793568298533135,1
-0.15181154813337994,0.2688447312486888,0.3882694213249941,1
-0.1214876685973687,0.2914744521214976,0.3954988955907595,1
-0.06392404518383366,0.30348092423092154,0.4055363910869122,1
0.016617226628962478,0.30753847472883983,0.39274104770196744,1
0.05362574058109182,0.29956304438545733,0.382505342602669,1
0.09660375058495152,0.2669267086765148,0.37593314831547975,1
0.1617291427118559,0.21959280808279086,0.31544965531954405,1
0.13507110051404947,0.25621624399230103,0.32794867076039935,1
0.10954896271208714,0.2826043928786812,0.33872518732287116,1
0.08937802369788783,0.29334958661808486,0.3447832834519545,1
0.05201711959714406,0.316799453803504,0.34560407164928403,1
-0.03664078718181507,0.33047486007128857,0.35229615044903273,1
-0.07227005740820536,0.3272629380340186,0.35395610576304615,1
-0.11673571102775471,0.31881367504545743,0.3510879937179454,1
-0.15334658531292744,0.2937901025936057,0.3421948481875824,1
-0.18515363999955425,0.2539484315992603,0.33868179996733716,1
-0.2090948775645035,0.22775338626667285,0.33848785570216566,1
-0.22119150877917115,0.15082206004345422,0.3233482951187394,1
-0.289265122516317,0.2341085412260826,-0.07033281009995185,1
-0.3149036567667507,0.1731134283169854,0.04374164582300022,1
-0.33222404129810523,0.060554681675592414,0.036355601430453355,1
0.2589442665905006,0.25273118800489613,-0.05432243551349236,1
0.2601487345215916,0.206883215160365,0.03173761209417672,1
0.32102508678231345,0.07737004531687575,0.040169615932495795,1
-0.03653133010911616,0.3277669727327775,0.12958188664647624,1
0.13457391835135368,0.2764650304212183,-0.013837800596289584,1
-0.15665616965303686,0.2702060016187716,-0.010201818063332757,1
-0.13818494181066554,0.24556270041237654,0.48633073097379304,1
0.037459647895564,0.25486201879638043,0.49538891167563864,1
0.19675346025141383,0.1557018663951073,0.44283706880892026,1
0.24453183368368092,0.0021179845022116783,0.34449106664492224,1
-0.24253547563145994,-0.06270099094357828,0.28812503336379613,1
-0.25486373469667356,0.017382911634584275,0.37716799160366016,1