-0.3817425723487733,0.2972997843247229,-0.4230808332283618,1
-0.41301018688157676,0.2975412170478826,-0.4057552964776228,1
-0.18064955631472013,0.20661626572498548,-0.48794932758393167,1
-0.3563402574796647,0.18278572578193075,-0.47007761397606274,1
-0.3140553046929185,0.25271106926993014,-0.4828797814338761,1
-0.4181184928487678,0.2788057090997149,-0.4505716869376975,1
-0.4182637645328209,0.2296219508586823,-0.41544488389637113,1
-0.08130790993390935,0.06945894753129966,-0.3447842761842408,1
0.11783078281187809,-0.04919341684493839,-0.44016912546061077,1
0.011559382866951719,0.08680493922591771,-0.007871100568183579,1
-0.0060278498771955125,0.06993676680945615,0.23852026303813384,1
-0.020897618941849938,0.13397985172552707,0.4726129542816947,1
0.39302190565754713,-0.11539259341529685,0.46993673526555874,1
0.4255132311514416,-0.1852429677614542,0.19520994887553264,1
-0.05156336556758001,-0.015225843925956273,0.2521687877893418,1
-0.12110028512646132,-0.01786360800191833,0.47130049194985113,1
-0.11480291689442246,-0.03981275533900519,-0.025321084459444004,1
0.1619585962464738,-0.18726036480687358,-0.09285373403452069,1
0.3603434095218532,-0.28293407452931163,0.19136174826376684,1
0.29046087767257234,-0.28791114156268627,0.46915296708324083,1
0.24961900979813892,-0.03477972209301339,-0.10334721933297908,1
0.3848276812509601,-0.22681931524784082,-0.007000781810863499,1
0.3665617414636557,-0.21391312906899962,-0.20345289077216067,1