-0.0007761564353607753,0.4367359128794694,0.16333778248434563,1
0.0007535779816265631,0.48693981472759834,0.10433506288033476,1
0.4192799278275121,0.4500653377714312,0.09059403219257045,1
-0.4111128415105805,0.46322107018724346,0.09155470606655003,1
-0.33958904387934963,0.3200574614652987,0.2920875134518788,1
-0.13584872115402202,0.3314370930498825,0.2994173037824802,1
0.11873306138869055,0.3315210734265873,0.29727165524007265,1
0.32591971824549826,0.32248411807228594,0.2947457311028928,1
0.477236730250469,-0.17440269369892408,-0.28401377576285736,1
0.453708179043124,-0.46383979885661986,-0.21882811235519606,1
-0.4768292849187541,-0.194282813517614,-0.30333336104201924,1
-0.4613718665969669,-0.46626892181251,-0.22731523872079773,1