-0.28999115813226184,0.05624208558706556,0.31703206500724135,1
-0.3025115384650978,-0.30024249392820224,0.18231875922647856,1
0.26679075586411294,-0.3005821751028037,0.18172472644935045,1
0.2534649980754313,0.05400043852010494,0.30804213691828863,1
0.26185735514271324,0.23147848733628962,-0.10469423188592675,1
0.25951791592744133,-0.13413918315050655,-0.23304605779699905,1
-0.306102656538644,0.21882302387065877,-0.10107556997428757,1
-0.30077546442030956,-0.1322087286448319,-0.23269708877894235,1
-0.4883713001465013,-0.24790690460554465,-0.3220292171311505,1
0.47882598647787816,-0.2598470207135567,-0.3208476807354049,1
0.4823061682768589,0.33457746968698465,-0.11115232188450341,1
-0.4768153885837796,0.3362880379058364,-0.11070894119464747,1
-0.4795801404439135,0.3354124478512337,-0.0766446896697126,1
0.48923816669659403,0.3360626862416871,-0.07803737099630603,1
-0.48535294697842446,-0.2671197234481739,-0.2931356313653133,1
0.4779548207121067,-0.2697224819660027,-0.30039371187566966,1