-0.17463935973115707,0.23036920750047507,-0.10609025841627129,1
0.026239370644739024,0.2764104555161736,-0.11161645405929166,1
-0.11796626307643843,0.29557072967405473,0.10777388228145135,1
-0.007884370424367848,0.30581684508918855,0.10536497108340415,1
-0.10265833048171524,0.30619357042083983,-0.14542556509555105,1
-0.10164745106007478,0.37431263703978157,0.006340021155811781,1
-0.12668185130972495,0.286508424200848,0.026080726942047217,1
-0.01807740115403196,0.29708125244428096,0.0224317793703033,1
0.2274524151313373,0.04631474510792505,-0.03893432548056408,1
-0.20113318180363624,-0.08040680398827846,0.017211254182015093,1
-0.26748224111764674,0.0732691891668732,-0.04030194227404932,1
-0.06226144171516379,0.31181798661651877,0.23327656130766178,1
0.19598898065828507,0.18077212246969054,-0.06518792535771506,1