-0.49354842073418914,-0.010901051966440978,0.007927148622514535,1
0.47858621896747877,0.14935683923259901,-0.13050847411958566,1
0.4368361376562653,0.15092127904475072,-0.017050298165743327,1
0.487192354920114,0.14744847238695213,0.11846759025685105,1
0.26501027318994186,0.12181323928731724,0.04230081551856432,1
0.26395732948664485,0.13016946132260898,-0.05652812720479647,1
-0.01798538302486441,0.029775877818124297,-0.13354478179978474,1
0.07790107891684794,0.05652550282894353,-0.15641972123823092,1
0.08655229013477111,0.07110057011733506,-0.10571931387203504,1
-0.15033575362937357,0.12216739440147872,0.12385991999212775,1
-0.023838190822471017,0.06051655230518882,0.15257221525778009,1
0.15403761078934275,0.0878401602393053,0.12773058726747388,1
0.005814593354416142,-0.009210473376411343,0.15407007850933452,1
-0.07430431119059011,-0.12507669911898978,0.12736200531825093,1