0.24102547983900602,0.14777442786764938,0.03641803078801065,1
-0.11319274008063696,-0.010964992394244089,-0.4509972840975687,1
-0.011935308705175007,-0.029832544120230953,-0.49696970739060387,1
-0.001209466369908263,-0.0887730038140413,-0.43891014790599847,1
-0.020902034713826012,-0.06766462090680969,-0.3480975799825954,1
-0.07383887698260727,-0.006231658742299473,-0.3585630654525369,1
-0.06357281295446793,0.04746412645057063,-0.40860764860737575,1
-0.035786823426181336,0.040964868876266713,-0.4749902055371038,1
0.20988793874670086,-0.006842997017682179,-0.31902293210012234,1
0.23844263291681034,-0.1500742685837017,0.041515495597615804,1
0.19023334647764145,-0.14813132088621536,0.052632660439968504,1
0.20065251647344473,0.14873983975659244,0.05247422826716308,1
-0.009749589110744195,0.1254089482762799,0.25290562351283974,1
0.03891279836049133,0.10436161021758394,0.451582519420195,1
0.1581519620701206,0.13392493556938856,0.49329991221849867,1
0.1860903057027008,0.13077125290433234,0.3192867085541802,1
0.17709152885832197,-0.03786638542479592,0.33432258573392104,1
0.16537650523357889,-0.036648923025657254,0.49157660956600013,1
0.16691338124971938,-0.06000181302867086,0.24265452920657932,1
0.049920398558942564,-0.08559841381379404,-0.3071903162795914,1
0.01734019275028871,-0.12169947973602646,-0.09878983586616796,1
0.003586246465200893,-0.042263605082808575,0.27621290804772347,1
0.04147833161392503,-0.008412928496387195,0.4522933538906881,1
0.021880009683463524,0.08974727037007835,-0.10266559573105422,1
0.05206551949585472,0.05686388062041811,-0.30278996519971496,1
-0.017703143331668572,0.0300038636551668,-0.3317553026973631,1
-0.03459593772876937,-0.042901854734733985,-0.30190368182548766,1