-0.030642703604262245,-0.003920778684480375,0.02319416024809362,1
-0.0056553800424223866,0.023153956326196656,-0.49164306633043786,1
-0.003602513784569439,-0.017349759254893016,-0.49595295845645815,1
-0.01095364137872945,-0.031692476097658684,-0.38381247477334846,1
-0.008808318186635411,0.04035489805048442,-0.3818676895563087,1
-0.08008834682352584,0.1120614717884497,0.04212975262558305,1
-0.11694287460853836,0.11623083525336608,0.4800093521983517,1
0.029649486324863084,0.16133375502912228,0.4765892461212289,1
0.16351808457931477,0.04882156447656113,0.4733723585966309,1
0.11930131237897168,-0.11676238155682306,0.4725407577565699,1
-0.02325917788521714,-0.16517391769358158,0.46621098277266126,1
-0.16153226980942215,-0.059254234982558884,0.4632989459577228,1