-0.25176870543984675,0.1157409118124062,-0.47191467342957666,1
-0.14700483940085823,0.16246154716237687,-0.42613204236100255,1
-0.2957606228394778,0.24776182089380328,-0.45648904001080026,1
-0.25383750680583866,0.2799541717014258,-0.44165942185386897,1
-0.34920399291813187,0.3643647605265059,-0.43459266426727144,1
-0.18514470561967433,0.04377382099654026,-0.08677760659872688,1
0.17225867632651237,0.05563804754247048,0.29146349121728743,1
0.5185592785453745,-0.13869264037928142,0.2476844951787005,1
0.46925615678817256,-0.29075774811384303,0.20424687667243036,1
-0.45219100722989547,0.1924968096032423,0.02066714460666308,1
-0.34573188733720184,0.13704641416473318,0.2574488199887658,1
0.10123982056010306,-0.23211508965914662,0.23826138056424734,1
-0.16864931589144572,0.15761285629146649,-0.49678387707709015,1
-0.12489626131331921,0.0460583588612854,-0.4052840345770573,1
-0.1614140890476672,0.017820767397118686,-0.22971008266044018,1
-0.2000834527383124,0.15021204395986532,-0.3283737280219287,1
-0.2377751359372695,0.2732357854809133,-0.40044953835296015,1