-0.3406073558360836,0.12963464633278765,0.29419534782988865,1
-0.334256112898308,-0.08804966926565416,0.29214225532244864,1
0.13454299189121988,0.11425541632027653,0.2843798806237836,1
0.14237792546436334,-0.07218404168893278,0.2887753860835199,1
0.40203473622811914,0.05367069733036983,-0.2343847032955333,1
0.4019043627352856,-0.05317891827665727,-0.23099989180489677,1
0.3223532157270408,-0.13229153383082826,-0.2646663035538682,1
0.4069939166840775,-0.07647373324970264,-0.3045527795852453,1
0.40133028934032633,0.0833204255877158,-0.303775230364288,1
0.3226427241265536,0.1326781280638658,-0.2641308290871281,1
0.4836018135706247,0.0237052445890997,-0.1610980510562981,1
0.48432405882688767,-0.021773516310216318,-0.1602832950103471,1
0.4884655967232754,0.0010075569130356676,-0.13692893610571816,1
0.13075207507841852,0.05572694919912058,0.10405027185945073,1
0.13706325975683653,-0.050775013935895785,0.10323364089619075,1
-0.2704812676455648,0.04433776428638447,0.1632474537137728,1
-0.26383518972254555,-0.03879218092086334,0.15268146776579192,1
-0.3228502782549968,-0.037732365111892485,0.14521216618146232,1
-0.32389916380409756,0.05497445383111099,0.1590855761917206,1
-0.49967248047176227,0.012501126103386717,0.14427321066179033,1
-0.40380313688087854,-0.0036143258415713975,-0.23133730723435209,1
0.06467755413941456,0.11055739250321289,0.03970324462550212,1
0.061697173801674166,-0.10761836604815378,0.032145086125682426,1