0.44679753848229,0.3920181478238174,-0.0074863246826040175,1
-0.3929235120619765,0.4556573894862588,-0.44959214015203397,1
0.23481871853004677,-0.38778981214551367,-0.49254452024735906,1
-0.4529128075522415,0.39826454180955384,-0.3776060894447819,1
-0.4370287141509941,0.3455567978124665,-0.28011835582268785,1
-0.34113587507528287,0.23751749675811773,-0.11530151192977867,1
0.14965793536535266,-0.43799735948362706,-0.41438989516691116,1
0.1077654585483625,-0.40796152946799413,-0.32763973780473465,1
0.0735081142920988,-0.3574091237878636,-0.2385030630660152,1
0.06135053184540595,-0.30512378915908345,-0.1417363276322261,1
-0.21422109901092695,0.04940293248432481,0.45837108338685617,1
-0.046897141731938374,-0.17177275364845812,0.45028014628566204,1
-0.3940002310344086,0.27555606235370433,-0.21102606910904242,1
0.24801337846911398,0.30584460521707846,0.03502751547737826,1
0.32310949192459304,0.21396247827664644,0.030465341077417607,1
0.09081773053087572,0.042504549375159684,0.2977343425420431,1
0.03024156289026758,0.12382308469947123,0.2835389529475417,1