-0.18945702095313632,0.22886781757398245,0.09169816811886755,1
0.20630211501228124,0.2200102819317008,0.11384916073817386,1
0.2318957565313957,-0.09569298995875197,0.02716712333373561,1
-0.19901114026252542,-0.12682155282061403,-0.019850316103257493,1
-0.2178778189814632,-0.045204824237549346,-0.4568447905155506,1
0.21055581614681806,-0.014615789111203425,-0.42751433398828464,1
0.20450867631079278,-0.033263678507226446,-0.3112269809631451,1
-0.1938245737722155,-0.05439466952133243,-0.328885950473236,1
-0.07110791220897195,-0.11554780800330172,-0.015707372496249372,1
0.017489526286233917,-0.11299606273959936,-0.0037990867333313263,1
0.10209011635100185,-0.11042707123334072,-0.006598482162926245,1
0.19272975084515243,-0.09437427948604293,0.001775779552676715,1
0.1035330200593112,-0.04218174534855171,-0.2962082582947786,1
0.01615617666908964,-0.03955359175276818,-0.31454096024548095,1
-0.07034302310700158,-0.042293799000575394,-0.32269126074391863,1
0.17987864746221183,0.09019922031340055,0.4619235765102485,1
-0.19235414463351486,-0.21517511394027977,0.372832189016191,1
-0.21517163882716583,0.08366573257679633,0.45053003078632625,1
0.18805755282142034,-0.19640546862388764,0.40951473922415604,1