0.02630096346679789,0.46054489644210506,-0.16353799783172462,1
0.46968266480527787,-0.014923686156403715,-0.1619530340238713,1
0.46875358594046856,-0.013927520867098586,0.4853457211294847,1
0.026421320973772033,0.4604167741075784,0.4915084478790237,1
-0.010399198731487758,-0.4654634322949409,-0.16461894902409807,1
-0.012584646493850826,-0.4675015037191246,0.49281785005616574,1
-0.453304302711651,0.011512749115214604,-0.1666729506127549,1
-0.45660951661001103,0.0009042991065444372,0.4926614667176894,1
-0.011161273789441095,-0.22607669171028366,-0.4999995683839775,1
-0.23177043388969037,0.004160935958856138,-0.4868416981855978,1
-0.003483003398495138,0.22184138406093457,-0.49999956955575753,1
0.22286304263178952,-0.015989012258898372,-0.4999995839071273,1
0.2167098909515192,0.011987990557904366,0.006904066410697185,1
0.22772139302831063,0.0001795716493460109,0.3288775230298845,1
0.08392053335025951,0.29713261448468553,0.33332077320484005,1
0.03656963129970693,0.261991337141374,0.01901176960594081,1
0.11681497954141465,0.3634812022453125,-0.0454772696610814,1
0.38947552079948117,0.07108809546148104,-0.036004474751912596,1
0.38170950486152555,0.07314434620362376,0.3606395029115808,1
0.101678557666524,0.3667197331279942,0.36890974995775166,1
0.3175954017922234,-0.007387034613733051,-0.1666628601360261,1
0.2355086806230815,-0.00739582284463447,-0.22169323125181628,1
0.01614875638011204,0.2270629718844106,-0.23896677100037522,1
-0.00043434521635210555,0.3033830209342001,-0.16671376303921204,1
-0.23889319092709968,0.004170547542726499,-0.21701962333033656,1
-0.011114290744426408,-0.3255958584427292,-0.16666293389212444,1
-0.006416158481242551,-0.2338741927233259,-0.23673472871266021,1
-0.32116111297640115,-0.00011674615652079723,-0.16667274967778223,1