-0.15953542939554133,0.06210815205970799,0.4692863253105445,1
0.03542745161424321,0.19523163862202408,0.44330316730723135,1
0.02519209381481602,0.19932864931408,0.3899653636172782,1
-0.15778680807310508,0.07281512699529524,0.4059135045465897,1
-0.23711070426038816,-0.04679557813959423,0.18767391244933085,1
0.12642011118225405,0.21770460616586018,0.14285833889757055,1
-0.02313367160065738,0.24789819863634155,0.08686037833125282,1
-0.007319586468753414,0.1441641601701953,-0.2834537682772632,1
-0.18127109687273624,0.016170609282092574,-0.253661019367594,1
-0.2242209623985758,0.08560518868332834,0.09813123326278023,1
-0.16253179702486564,0.1831360274182761,-0.04004081757810709,1
-0.1588170429784087,-0.1601265137184331,0.0027501296953173215,1
0.1626069593266472,-0.17144524228433566,0.046591337971202296,1
0.1841724462259324,0.14569061471353312,-0.02722326037698236,1
0.20424990627681572,0.038671726703215725,0.11770930217278974,1
0.08432380335674527,0.21885688759717814,0.07459645567500894,1
0.19880341464328477,-0.042130228099680256,0.13966842830448845,1
0.005565332703303477,-0.19562154927867642,0.13004319711385404,1
-0.08312037282687479,-0.19507534157825368,0.15342006794492857,1
-0.23085912502888473,-0.03090641438952546,0.12901125186054907,1
-0.06607127716306826,0.0013784927519224222,-0.2752972799986043,1
0.07233923277838317,-0.019295528305742105,-0.2643382662621465,1
0.007506014736642808,-0.04027467979933763,-0.48266285978094925,1
-0.07596867374444667,-0.0799796264500603,-0.24824988591766484,1
0.08318465818998727,-0.0829131601751314,-0.2304389427855249,1
-0.02085059203190527,-0.11225318806061657,-0.4632069940619225,1
0.19051453618429143,-0.0824330216373077,-0.20941658010629643,1
-0.174377167605662,-0.07250408696123778,-0.23584712408288142,1
-0.05210467163589927,-0.19990670476140676,-0.2249508665150089,1
0.20161565580732277,-0.0038596980818320636,-0.22666434356263784,1
0.0843365948963335,0.15460489659246068,-0.2628213831971499,1
0.01934450532775489,-0.24365251429006007,-0.20232401461148236,1