-0.0500249202833582,0.16423018616526552,0.350675179284459,1
0.14756816324889485,0.1374240733611829,0.3636817845233864,1
0.08674849915727738,0.14970403515954178,0.12241320185004975,1
0.034319956582254396,0.1541973558995685,0.11156917945526874,1
-0.025350288218922164,0.15021107304618686,0.09602369267899283,1
-0.08547470762454673,0.08705876347149077,-0.3024180016679518,1
0.06695264440789395,0.08007357938133616,-0.31161677523140935,1
-0.00510324150547703,-0.031393893304935805,-0.5621970246177392,1
0.06753894962414134,-0.03080062304168485,-0.5559679698623934,1
0.06717810340768574,-0.04016195071659823,-0.5112407414905654,1
0.07124751429437148,-0.03283619206396654,-0.42832096787330853,1
0.015128973282290126,-0.02000876117436104,-0.4098550396884539,1
0.10507996973587841,-0.030108797083315264,-0.37101383287620116,1
-0.08052610089324364,-0.08902251773566139,-0.5693920798136964,1
-0.10071114392082128,-0.03823759016310879,-0.3918154087564553,1
-0.09042539726963936,-0.09231586219302212,-0.5188170142737489,1
-0.0579264889143003,-0.018859712653548133,-0.4026556040746586,1
0.010452662050379424,-0.318385624867459,0.37419476434050064,1
-0.005244206763436066,-0.2979316575535387,0.3213077364705265,1
0.1290410469958059,0.00019882871096010835,-0.13160542332997177,1
-0.1490923035414884,0.019435253768280925,-0.0700850318704902,1
-0.1729696974592665,0.014253862256965788,0.024311602964651485,1
-0.19462164076593247,-0.08844955801073384,0.2391683139225801,1