-0.4982693373365401,0.19256261512117046,-0.30573721067851134,1
-0.45018773860914674,0.2862830487963635,-0.31391118027217524,1
-0.45179281289819184,0.27446150045071016,-0.45141328709440026,1
-0.4891485599932961,0.18744111888620463,-0.44217391666623235,1
-0.21769494066446726,0.04467151248788381,0.21250826989061933,1
-0.1696884939500779,0.13925080708972654,0.2140358267186493,1
-0.24923285582102228,0.06025545308776303,0.4309432843860592,1
-0.19664347352172307,0.15846854784237485,0.4265918777992852,1
0.24882956658654187,-0.20300103678942705,0.4353880837470685,1
0.3243549213501853,-0.06957933761823709,0.4208893320869356,1
0.4073529259680049,-0.09092909620244849,0.21027887132504264,1
0.33533969735589686,-0.14975482587781874,-0.17104053311481202,1
0.4082287964335638,-0.17702056568468194,-0.2159325752404876,1
0.45900680462512256,-0.21500949563595562,0.1545040671618888,1
0.3048914812132002,-0.28223764374556226,0.2147053019827423,1
0.13979196659602133,-0.1588440840582246,0.05796972398746378,1
-0.15786891198704717,-0.023635303784111827,0.05890482113732029,1
-0.0732551095976256,0.14064069930010425,0.04778313680219584,1
0.22550353237274856,-0.001833471184179425,0.04742388906635364,1
-0.48592246993735233,0.21233581480473707,-0.179174760163483,1
-0.47413409918606153,0.2628785627183305,-0.19013757295041145,1
-0.3802224688325433,0.1400752752789831,-0.2782476262859972,1