0.014434181514064726,0.4878324008746655,-0.4039965929798649,1
-0.15847637808457904,0.3441697195775104,-0.22472301021226349,1
0.09346272790419752,0.49869859461420507,-0.16734552056202534,1
0.08257487338052116,0.3105632309689921,-0.10182550688989433,1
0.0952857109510985,0.19019767051265385,-0.02882036015167877,1
0.11542955180912273,-0.13943236195496847,0.01800787628652234,1
-0.09296371907043789,-0.032176743646787354,-0.031152651610773935,1
-0.18733542212827844,0.1082470793527176,-0.11605393608152959,1
-0.1956735512435838,0.22404568838165762,-0.21211472284675753,1
-0.13879084321617646,0.2388012395749779,-0.22050041854837266,1
-0.11485319238044026,0.14853278011630844,-0.15949099646552245,1
0.01176309022672567,0.2106744360150885,-0.29019718696182445,1
0.103319877964685,0.18832817710240268,-0.26711540741075024,1
0.16135364552486697,0.17470920857585615,-0.219480229043171,1
0.1864377041279488,0.25297235401080265,-0.10502989387405925,1
0.20426937079385854,0.12832060826257152,-0.17202095746109158,1
0.18274624366659237,0.2928433755995332,-0.26971906983947225,1
0.1207707623934357,0.34328729577218997,-0.3108837682653678,1
0.007344133942166375,0.3209884346824152,-0.3773588250303197,1
-0.028949048622738616,0.14660095440582843,-0.277532213299176,1
0.05628683491534936,0.14161432299847654,-0.2815480499943099,1
0.12987149132056963,0.126085119806584,-0.24779153888678623,1
-0.04098115293668325,0.0507009636423712,0.04508677552729452,1
0.06372300604543102,0.018728201959602397,0.05390912366890871,1