-0.03405573706189258,0.24024007803519432,-0.28429484700018987,1
0.09679572988094765,0.22895534247894123,-0.2733713369737329,1
0.12536906424660366,0.10808828658356373,-0.36211675831034873,1
-0.09942700874646193,0.1008832860191562,-0.3708829857476856,1
-0.39237536874114376,-0.2582264733391033,-0.48363199453320727,1
-0.18598143055816307,0.0010624098508758006,-0.20638343357755518,1
-0.3354034454035566,-0.3142789165932044,-0.39866592382145605,1
-0.2963066383688906,-0.315662654755551,-0.3139685302877493,1
-0.24261979001167888,-0.31882955338985,-0.23010015395403682,1
-0.20418845198414748,-0.2597855589265594,-0.1404559305581108,1
-0.1592803609185196,-0.202574196302518,-0.08163025385842193,1
0.39329251736104176,-0.2632079161215244,-0.48859672110193664,1
0.22358368696594955,0.022526455355627695,-0.2293512312129029,1
0.38536949937144804,-0.3217872038497056,-0.417067099814483,1
0.34015631325159745,-0.3285750616687393,-0.30689728775165315,1
0.3157482668700946,-0.30020484872132036,-0.2265750402331621,1
0.25103530305925315,-0.2519084867165666,-0.1552300532714631,1
0.20218323997390963,-0.17065189489757354,-0.09869253674400336,1
0.12814332361174818,0.10855103132478305,0.2433092138399483,1
0.18349821305346045,-0.015510233892419123,0.26498693306439114,1
-0.06005098417476734,0.09660764523130916,0.2530855270043302,1
-0.12467283207380556,-0.014165256353706024,0.268725075036201,1
-0.10132653018192699,0.049256596838416655,-0.13950551669078326,1
0.09803976850480026,0.058728257888536195,-0.1386637015354252,1
0.020704556358444925,0.3372423342539123,-0.2677715730766125,1
-0.010742595521656628,0.29150892979592247,-0.15870916552544345,1
0.055082726203017573,0.28118689926766216,-0.15760975604007374,1
-0.06800373931168213,0.20204209644664228,-0.1933059732203677,1
-0.022822447400233536,0.27507632428728224,-0.15674834604677423,1
0.0967829137414758,0.20673143477930658,-0.21482754682098495,1
0.07320399914838494,0.2618452848081414,-0.14920505428280761,1
0.03072077571056067,-0.33277239427479727,0.2593355114791953,1
0.019190031679699366,-0.048419038279175486,-0.29420061828815547,1
-0.1226384485955413,-0.02622958853036622,0.022761606625068126,1
0.1526174004957092,-0.02766618540560578,0.034410521524870966,1