-0.4966247081756592,-0.08115384727716446,0.011214051395654678,1
0.41631031036376953,0.08309556543827057,0.012246854603290558,1
0.4894147515296936,0.08334217220544815,0.010934624820947647,1
0.1068217169750228,-0.02453456999442243,0.4246620693065944,1
0.11188017934663291,-0.02117309322827254,-0.42762400921485805,1
0.14983005355276957,-0.02264586226840898,0.04782375820222967,1
0.33339313255519754,-0.03059500019862882,0.054977812454395814,1
0.4127089721617876,-0.030121145060979404,0.16269373710248347,1
0.4534514911143579,-0.02703187133404783,0.1694560833470471,1
0.4630610145304944,-0.0268320352719445,-0.16622620295000368,1
0.4177204983872118,-0.02691264303680374,-0.1605905594835979,1
0.32572076308214626,-0.028337607364620154,-0.0481198734854974,1
0.1399592826615876,-0.019858586993817914,-0.050007182723857235,1
-0.20240207887181075,-0.032704594479778956,0.06152795012929457,1
-0.20855310591831921,-0.021622976498736568,-0.04792090677487648,1