-0.27986023080429656,0.30632965369686427,-0.24714345630214885,1
0.2874348202102297,0.29392026343170463,-0.25699213365676554,1
0.03159562593531579,-0.00687129475618134,0.007311734925401908,1
-0.022301533184244986,0.01514802879467847,0.006900107747532691,1
-0.03262411487158973,-0.023112166868030692,0.07259215942248698,1
0.04409345902523391,-0.03253141491672237,0.06330327013878667,1
-0.0398994153439583,-0.19094883561698395,0.3442787871741393,1
0.043285220168994935,-0.19972910972069502,0.33567380798628466,1
-0.21359727021187852,-0.17543320558972886,0.4210057446877258,1
0.21134036102016163,-0.2061124475881877,0.39186076703663875,1
0.004148140552731938,0.017760247297249482,-0.08265589411760488,1