-0.09304104037883248,0.42443044812628866,0.016338702975668862,1
0.15352260447823995,0.4036826019233811,0.042541690774603486,1
-0.03447147099586866,0.4211975805604754,0.2692047976032834,1
0.08479290055930257,0.4062390653046767,0.26968314755943684,1
-0.002904108507768899,0.4872655649145911,0.16104683241878687,1
0.05205904598372135,0.4820722795960346,0.154885134904083,1
0.01012108776243148,0.4723825681970258,-0.003627583389430533,1
0.06672731808840626,0.46690989659746834,-0.006885218984557795,1
-0.2260874394161299,0.0765287136673376,0.1837279520124364,1
0.23676951873042518,0.08698269475980558,0.18058496832471216,1
0.19986808662444677,0.09420897819823715,0.2767515099716302,1
0.11549881839996112,0.23630193354585605,0.3988555494467273,1
-0.06652189643902899,0.24439272103109386,0.4094688191388961,1
-0.1789495353365696,0.08946792263888104,0.2746983911664668,1
-0.10783049500351383,-0.40216155730290026,-0.13376245795413855,1
0.05966836928455094,-0.3789709206260321,0.1549729918834754,1
-0.10453078655860237,-0.32567945654900976,0.1535140297440279,1
0.12729399063986024,-0.38142791330610537,-0.12741479770603675,1
-0.19728346745444414,0.33616235029757746,-0.06818661030246043,1
-0.06580426886685498,0.4339777820930337,-0.1722664585889797,1
0.10823952707444984,0.43588227377611094,-0.17026141863714117,1
0.24202675943436258,0.3150570827831358,-0.06825568751929056,1