-0.0007176752766003269,0.14803862285107516,-0.2421880044553728,1
-0.12886386238922665,0.006549580875271854,-0.4656985855787222,1
0.1356529164330551,0.001469393049130352,-0.47125214703255613,1
-0.13005812719739088,0.031439894494235954,-0.16742038691747418,1
0.1235908035339636,0.029494842516125747,-0.16499856743833946,1
0.3799017052256806,0.08254419928856421,-0.1389602582884465,1
-0.3755322532096565,0.08538831574760772,-0.12589611179888757,1
-0.1774182280309073,0.0460176201162219,0.14044557673519217,1
-0.2500311447063754,0.12522139335008015,0.4253145480335017,1
-0.009777597371984779,0.07184477583426267,0.20307023003422012,1
0.21768921043188938,0.1255869466119286,0.4331505591531793,1
0.1683669637575423,0.0390779523391116,0.15945213279812287,1
0.17707940879879958,0.05442509494635554,0.019503202394157426,1
-0.19568522108210762,0.05701282893719346,0.002847321117147583,1
0.12060374763596349,-0.07522679954628608,-0.16498938954194875,1
-0.13365684796649807,-0.07168804482497038,-0.16925796930394127,1
0.00126925352513918,-0.1025147503284739,0.22957054524382647,1
-0.050958750100957406,-0.09525720024667361,0.23695316425608315,1