0.21827183503220196,0.1445865289153495,-0.32052943985590965,1
0.31930348050620583,0.12105575429928703,-0.364888739883351,1
0.44336863659080566,0.07967872484754568,-0.33311555342953825,1
0.22738780845614648,-0.06196012213841162,0.1598911261673035,1
-0.03253220167131832,0.43068597403241426,-0.24539595124367253,1
-0.17019070465086372,-0.16054833147769015,-0.4929265924815345,1
-0.354942710659218,-0.08184939147579451,-0.45232786348328524,1
-0.4481851156904948,0.07422894840312977,-0.3833767518828717,1
-0.4299741981393634,0.23732245574462374,-0.32413379227513317,1
-0.3329381296656597,0.3694509736049931,-0.2743455081838526,1
-0.21111008296255296,0.42547450912181956,-0.25675302577330616,1
0.10161480606538942,0.35561299443052763,-0.28878602347284543,1
0.16191867944049076,0.24552832265596153,-0.3402065218971171,1
0.1822407333913456,0.057898583825564176,-0.420683914463835,1
0.08153315238404657,-0.09107106819292204,-0.47290514617674195,1
-0.05784144932070856,-0.16379938922637516,-0.4927488220617615,1
0.2289002728858503,-0.15101145238622893,0.12496815058466382,1
0.23733809901416242,0.04448103412119542,-0.37064539119586204,1
-0.38876534040641086,-0.0843106600839656,0.40545652241412466,1
0.1205438820377851,0.02218579597428816,0.43892151755900655,1