-0.014713016156422065,-0.015392245471431476,-0.5204564376886822,1
-0.4126696319893728,0.10536525174808675,-0.18473051574808275,1
0.3023336444018665,-0.16441353020369887,0.4169725584294792,1
-0.3721513482107144,-0.18218473451511263,0.429009848997558,1
0.264930174815699,0.19304470619548142,-0.1612417917272878,1
0.3185608730790559,0.20861706643471245,-0.21730898676404287,1
0.38901540260058864,0.2085334351964958,-0.21637529004936118,1
0.3877156634668901,0.1919498312986514,-0.09789587387186116,1
0.3096642272377099,0.19461329720280718,-0.07413895432518314,1
0.13947888019956667,0.052298661306084404,0.09642609482218495,1
-0.13041293509835283,0.02827596247558839,0.10047272462222812,1
-0.05043325866510473,0.05511268818272466,0.16972222770356193,1
0.025371381219498224,0.07811864184604514,0.15577757949327664,1
-0.24843328693876832,0.007900348298880755,0.2351836085120636,1
0.1488762340186051,0.03623850990489785,0.22752731054899722,1
-0.07315995717024493,0.05823154791280216,-0.23151167276296913,1
0.03851807621868053,0.07776820366895332,-0.2651751951489204,1
0.04804629142537875,-0.09179263293955353,-0.11759972857766443,1
0.060528010438855695,-0.12089965905230626,-0.02201154710292641,1
-0.05439076110898605,-0.12000809442751631,-0.01475952420479909,1
-0.06128065988900622,-0.027379095397483233,-0.11883993971883017,1
0.00106209609056096,0.10732100527772818,-0.22054018886741406,1
-0.049296817315899966,0.13955146926132922,-0.10642682004559677,1
0.06661224733107882,0.13855236101995158,-0.15930178284783658,1
0.11854423684557558,0.06565011096349599,-0.012768852177712509,1