-0.0937291181023874,0.4231533348332583,0.011485933170112289,1
0.14487700931616876,0.40770190584615146,0.035412507532445764,1
0.033713834136998855,0.4758578774695589,-0.008817835973945143,1
-0.045273893495057865,0.4389583076899721,0.1638381811006277,1
0.0838172934939282,0.4351187378460492,0.1668068572692778,1
-0.04922183704096238,0.4077490511497739,0.25145668893300577,1
0.07730109416832841,0.42045336709783193,0.2485484367106796,1
0.026145296699731757,0.41646584760658795,0.3765701165876668,1
0.24431847306371668,0.22094307256850707,0.06712088188126014,1
-0.22898912638087415,0.2445824969383426,0.05029484093115377,1
0.020031810869325928,0.4930713182041346,0.1487029887817375,1
-0.1616289203115978,0.37629809545323784,0.008276580847471848,1
-0.041086681490269394,0.4197510597929766,0.004359999181668628,1
0.07378553024906864,0.42645008338446055,0.017979686323187583,1
0.20118995808687812,0.3455265545428571,0.042080833531263906,1