-0.49198763860710404,-0.014521753995567543,0.013882348042961734,1
-0.2523583499299437,0.13335011283295284,0.1954323624146015,1
0.030857074677709873,0.2850902381798657,0.4631345701280402,1
0.034860803403329754,-0.2811718185633669,-0.46195987000101235,1
-0.24688244530175307,-0.10751729452589931,-0.20909116485631052,1
0.4563861844940886,-0.11249778035112024,-0.02288584639754876,1
0.43056091735468893,-0.06944768315848471,0.05251641644627214,1
0.47539175240383025,-0.0217161867201483,0.13062413378181637,1
0.02575365202292143,0.011046802593007596,0.06786269301994,1
0.02692869729678682,-0.044431451629679375,-0.029255213646428246,1
-0.20672978925961838,-0.045864527219682705,-0.05225985358528337,1
-0.2117731466329662,0.026406291905890278,0.06736444075509496,1