-0.057922953101172875,0.20848264701319463,-0.10929483373728577,1
0.12574729055475772,0.21754222360846454,-0.10558136961739406,1
0.044420043549804,0.23992041180926027,-0.11755950155784947,1
0.009911098816180255,0.267523015326675,-0.001130499808222607,1
0.04341188609028901,0.2909267791689558,0.0022522092387191606,1
-0.00577697343247368,0.2502192931241513,0.08289666564041843,1
0.0661784996848121,0.2580787898778303,0.08370163255359186,1
-0.16777504080937738,-0.04755550485427773,-0.07211409188666984,1
-0.19540134677766485,-0.043324993988223426,-0.13573065602998158,1
-0.13565780933930685,-0.017258780377801625,0.009700581025153254,1
0.21683098944011436,-0.03593848411905359,-0.05325955165668206,1
0.26038764493952155,-0.07844438421835043,-0.12886897051324608,1
0.21127501067004598,-0.009144389950178966,0.013666385079346477,1
-0.05089949358433099,0.049939460045402645,0.3678018868334005,1
0.08188184853975117,0.05940066735759264,0.36993090363333037,1
0.3371247055120262,-0.07745390564730797,0.3848046749109674,1
-0.28521040293675404,-0.06694602507795089,0.36414677441084936,1
-0.1293018852438111,0.06978890292380659,0.0893009850019924,1
0.18592399802890203,0.026298526856161963,0.08946363103987442,1
0.031513351407087775,0.2450280611157052,0.18170932555678698,1