-0.4555590245061061,0.4613818169233097,-0.23350476245509366,1
0.13606292223181926,-0.08166268907387497,-0.29584640361274106,1
-0.2725931951753522,0.434199949503542,-0.4126738038816449,1
0.2577299258693282,-0.14753696064889787,-0.3804620280719595,1
-0.027245041200535614,0.1428444470900363,0.36708001465297335,1
-0.1998898314666,-0.06695773479771461,0.3210796210137914,1
0.4288857111739009,-0.19686953814103325,0.2855258408915863,1
0.23697018143892556,-0.4057216967058661,0.24082703717261644,1
-0.029264365983660334,0.14546062274188587,0.050417797507515176,1
0.06695171414470036,0.0012316299314539814,-0.07021675104971575,1
0.35814508125847555,-0.11749457207232294,-0.010692621502103714,1
0.1840118537018407,-0.34444939026023347,-0.044250869651377256,1
-0.15753156434522064,-0.012438539543036226,0.010281449555643196,1
0.000686890210642721,-0.055668120528188925,-0.09069133492289883,1
0.08651694769832385,-0.08431309470975046,-0.08819764426585186,1
-0.37993623703367607,0.3201469957387548,-0.4305920576294189,1
-0.449453780849687,0.4091695927599859,-0.3310889747554526,1
-0.38684810409295656,0.46824058121338563,-0.314236143781649,1
-0.4731835722630102,0.39299101828516125,-0.19449714685963748,1
-0.4120208142730861,0.48309147362465943,-0.18533826939037645,1