-0.2409103455739181,0.03247809962900512,0.4012953354333082,1
-0.11510155639829822,-0.15481305163479386,0.40408922679297854,1
0.3151639863550727,-0.1683506826485857,0.39881832892492886,1
0.42951080776417916,0.02756097665793139,0.3906302392549912,1
-0.4637864285824951,0.047990737829904206,-0.41062634696304245,1
-0.37800816120336933,0.10278675730111327,-0.4100001628571067,1
-0.4815826991800245,0.09030201924173831,-0.3100597829910623,1
-0.3936122505175622,0.14252820412961864,-0.33443188463708634,1
-0.4939094294071148,0.19392127245433433,-0.21937318692762792,1
-0.4638532212520534,0.2219044409956611,-0.2252494485510872,1
-0.47351751370104944,0.20353363896193954,-0.18108506906482913,1
0.4977546514577458,0.021154413107081993,0.31803279233147796,1
0.4438918435700215,0.017713630138947556,0.11924818876107746,1
-0.041169625590704736,-0.15681930340863692,0.3240619639366754,1
-0.15667014733413734,0.020064160647693452,0.32771044434452434,1
0.3865254640192626,-0.19883180543917817,0.3275125684359005,1
0.1830642954724926,-0.17875964500792652,0.01921591201708428,1
-0.0868218292147076,-0.1441036796397399,0.10428586225789199,1
0.2271752990604418,0.012412302109705918,0.00798643416570663,1
-0.14815692735631864,-0.1126823448619717,0.11122424300205214,1
-0.35116211157095667,0.02973433222343891,-0.21669543535294844,1
-0.009448208785008294,-0.10197303995166429,-0.15635911168577893,1
0.2562538437711126,-0.1518505680710005,-0.19840005311434367,1
0.3774819779213754,-0.17891768655789653,-0.10311962711997263,1