0.29629448437120304,-0.015429240260561472,0.17801184005831133,1
0.2482248542379164,0.0029678977275212765,-0.17067914694213004,1
-0.49629697543897167,0.043041366974500894,-0.35356256376799444,1
-0.21147802567436602,0.051065100592821766,0.054549809063156596,1
-0.2195376058711429,0.09837950709823357,0.24298892625854218,1
0.04209479070231392,0.026371222087280932,-0.38971321399092873,1
0.29126818246271924,-0.05109457249044025,0.16321653161561975,1
0.24963537838409322,-0.06434262546456171,-0.1766675956226021,1
-0.21766014092586533,0.05432317400901088,0.36651922014549565,1
0.23246501580008094,0.16080391401859706,0.3494646191346409,1
-0.12517173040165475,-0.2096431064639417,0.35248857392361965,1
-0.1076739154819567,0.21784474072672633,0.3552475005718441,1
-0.05703475055164961,-0.16406065788082824,-0.23438500083858918,1
-0.05098035722469263,0.1627940309094284,-0.23734646763338738,1