-0.0686373468398711,0.006062732777963209,0.46731506749121465,1
-0.2700839094091326,0.1810544537981138,0.45954215504921747,1
0.29122066048179096,0.18668881744562094,0.45772948443580963,1
0.4779904319690558,0.017503606620864476,0.27794372815187096,1
-0.33097945481659996,0.09307443516443,-0.004145168781593739,1
-0.48019715908976196,0.10688735912658309,0.29084953125091884,1
-0.443081342091838,0.09387461973614675,0.057951732367750974,1
0.1913416944379578,-0.0976449228273153,-0.45214437679682895,1
0.19970473687330514,-0.18492629154236795,-0.1328925917430892,1
0.19544177012831698,-0.06746108614005553,0.07536170964902678,1
0.203245292794467,-0.020609777221133108,-0.1367989686745248,1
0.19664245543918663,-0.07345870059907944,-0.46044672497429195,1
0.17064177212864728,0.10947025262657212,-0.46291154569040105,1
0.13445711297805452,0.1260163755034534,-0.476056203100078,1
-0.013710522563180061,0.18309465766018135,-0.14437774880279752,1
0.20315698643858418,0.11573598707970051,-0.12974759034473274,1
0.15753708911146413,0.17858353018554587,0.06759849138900653,1
-0.22117461935205956,0.10941638375128866,-0.04914272379864526,1
-0.1967675599303247,0.1666595943736609,0.12695673380603978,1
-0.4400522191661708,0.13341422386790344,0.306614896047094,1
-0.27987076596668176,-0.0024024784478084427,0.3542884590249047,1
0.1455906862583987,0.1443234307677056,0.20488588021839504,1
0.11709301111315407,-0.03179953044338579,0.1240327430862016,1
-0.16450887390050184,-0.01269579017989364,0.09424414554780824,1
0.34927619941554033,0.07803338043164387,-0.3273083208829959,1
0.3474157246336169,-0.008685705567943902,-0.3167134421573119,1
0.24332359379324453,-0.049835497552607855,-0.33052724717080306,1
0.2377850311347336,0.11228495748185896,-0.36005664790701997,1
0.3773171132139611,0.054592386586336694,-0.18770681992486438,1