0.09722250543552058,0.1883410436298738,-0.025650339798693577,1
0.0865839207699326,0.3164908115697267,-0.10982455763988441,1
0.08300827228265772,0.4966027838263287,-0.16053403504593988,1
0.008021280720074908,0.4868947945127582,-0.3933746574139097,1
-0.15663178492504787,0.3434836605552604,-0.2210907876269549,1
-0.10163406337800344,0.024548126914751722,0.022531675060835532,1
0.11227589333875942,-0.019200089141099802,0.038883313392613805,1
0.18547244819600528,0.12605492574038513,-0.2078494664863315,1
0.12973250703077777,0.13138175829302678,-0.25136254709269234,1
0.0639964668008326,0.1421472691715563,-0.28000288809875834,1
-0.010144366554986739,0.1644499321698104,-0.28696972391225445,1
-0.18345630576995897,0.10590759676068151,-0.11985080653376556,1
0.0817627243781085,-0.15554545690328353,-0.018092968306937518,1
0.15625737819393226,0.3190229014599164,-0.29672745305047154,1
0.10599502753219658,0.35840902003444697,-0.32041507262641433,1
0.010275835427743684,0.31246576376378676,-0.37259531623888286,1
-0.16917779865169047,0.23612937722867872,-0.2299665888628799,1
0.1714891162404948,0.2730499104168317,-0.11679355402995672,1