0.4029549031610471,0.19901449079334132,-0.18799224931712377,1
0.3303454225022664,-0.18286831060815964,0.3743436155085935,1
0.01275792916940155,-0.049965107464376546,-0.5538265032148253,1
-0.43803107217234505,0.0769126831981169,-0.19457275152893327,1
0.004002905188784878,-0.024490470947092335,0.16475473348102376,1
-0.3637008144926792,-0.21046082668024135,0.43185193791235354,1
-0.008439446760438285,0.1219551507306571,-0.20132935327017976,1
-0.11569431287809584,-0.008408254475615356,-0.025442627992781463,1
-0.06456438740287562,-0.018263710097409458,-0.1568815929238105,1
0.11208312784115026,0.014062160875979112,-0.06766732542215703,1
0.07668911797004657,0.014836050284455615,-0.16630700395637987,1
0.11406402484477973,0.0769304361268981,-0.005387038366891875,1