0.008190581307687461,0.45603636179572326,-0.1666730561864359,1
0.014973556895525597,0.4697292266384663,0.48368607014242815,1
0.4658307617628772,-0.010792332965868567,-0.15763702468106622,1
0.46795823164475436,-0.013073990832069171,0.49701918380941923,1
0.23452374767666084,-0.007114543124352668,0.3198305915085826,1
0.38232747959811464,0.07312262170521322,0.3594487155504985,1
0.012856708852968967,0.23987816697474162,0.3264113511201949,1
0.09975552064281157,0.38177518372784114,0.3687127065588416,1
0.10061255352685983,0.3167966436409735,0.334072677947183,1
0.08413087506084082,0.3063428543254343,0.004568870466550745,1
0.10157790596960803,0.37982141747780407,-0.054806561908173235,1
0.013307998963933476,0.24029971220223967,0.007250266725199128,1
0.38790680534239174,0.07277060085450593,-0.04392739235956622,1
0.3140656365156763,0.06520598657978216,-0.000005010144143446915,1
0.2275552879848427,0.0003574074891532497,0.0021956291257239912,1
0.30434267455752306,0.05591285900866838,0.32543838200265157,1
-0.4596018112107174,0.016373401549386823,0.4999901353803651,1
-0.017106173413576897,-0.4634226716241242,0.5000000086542613,1
-0.014085574397210365,-0.46890087164609406,-0.16157673234562697,1
-0.4685904280933899,0.013752337156880845,-0.15645379244252666,1
0.0030576228994859677,0.23074053025829816,-0.4944585324848861,1
-0.22815001927926914,0.01023948126916574,-0.49999947251516774,1
0.2216604376952469,-0.005195340579647545,-0.49999972743492077,1
-0.009840789650048087,-0.22479144790929828,-0.49999955822415875,1
0.23153082708175798,-0.0039053610563346552,-0.22479015474899627,1
0.3079579831447351,-0.000460314550867702,-0.16666304171867335,1
0.004338349621383575,-0.2942672001520874,-0.1707084673580066,1
-0.006102942835618741,-0.23358198961261634,-0.23772180332791404,1
-0.00036701066520006264,0.22754662813607673,-0.23201313626918873,1
-0.002085875928965031,0.29856677217657146,-0.1691097553482943,1
-0.23415078282358626,0.009541058895323972,-0.22504769220651077,1
-0.308373526042815,0.007417440967333877,-0.16841947440710214,1