0.44754177737483203,-0.22613469034050126,0.18171104314779984,1
0.34550016804949934,-0.1382713485728847,-0.16237217676251958,1
0.4038777780754985,-0.09021594557098211,0.1952329033784358,1
0.24763653506477956,0.005632018918634074,0.05493390943705623,1
0.3799425032808774,-0.07934899991558586,0.3832887789563696,1
0.3194481741151025,-0.04848020252277718,0.4452640703791869,1
-0.45777413654605237,0.2522355027526815,-0.1604086667234781,1
-0.4454142053777288,0.2758108305399509,-0.44923882868098996,1
-0.06812594602051919,0.06823054047140026,-0.24855591664158924,1
-0.18912157502398896,0.17603398586459595,0.44136539647858974,1
-0.0842346161769163,0.15573468186385958,0.05126497992393292,1