0.025297924944736566,-0.003478680923979703,0.09574991461355338,1
-0.1795908734704419,0.013622033895566765,0.4704927742563777,1
0.31870806622007663,0.01955733418945993,0.4682580042762874,1
0.26192293908579134,0.015412900972677778,0.19441265613836656,1
-0.21890814520438218,-0.002870489320862979,0.2298652108354311,1
-0.10825741444578375,-0.04551844331466204,-0.058598628393109364,1
0.12418648389299941,-0.0404333782346189,-0.062124564049278796,1
0.006222308415567972,0.3211237522530702,-0.2591485601301992,1
-0.11490305165655512,0.19169444339792618,-0.47694831441664753,1
-0.13692427608696223,0.052642621124006056,-0.18547425078776392,1
-0.37139720517953667,0.22357266614447635,-0.40790733611034024,1
0.027437206120938917,-0.37800578796936435,0.20767322040956992,1
-0.03184163195085321,-0.16951208960321065,0.08916439196431652,1