0.009773226607955265,0.1223260820275389,-0.02961337457054565,1
0.012720824360818561,0.05783853657545701,0.2611795416006897,1
0.006330888209177932,0.09243787407970194,0.4848244233586897,1
-0.0922758739723415,0.1393378785972701,0.48648747352610555,1
-0.04983053013813099,0.17071177742602361,0.4850877929857158,1
0.12691588679712284,-0.04476066059693801,-0.4372060480509265,1
0.2583497907390393,-0.02497847563180039,-0.11742872767431621,1
-0.26937014515308255,0.2420327563513388,-0.3993489181564286,1
0.3433535589811161,-0.22421061863350033,-0.20721795902289664,1
0.3763626551817597,-0.23049418701950836,-0.0007828794017590845,1
-0.18081819100352092,0.20308555327767141,-0.4904684793295129,1
-0.430037418562498,0.28839761606396097,-0.395924488980016,1
-0.0047410431304002465,0.028979599786605803,-0.3428653012355567,1
0.219668210554399,-0.12103220393874059,-0.32883673287061454,1