0.23604974212150331,0.09752505611224693,-0.37439163382139684,1
0.44026408118386406,0.08089608708371387,-0.3394251279777021,1
0.24163438858173225,-0.11220801125283142,0.16949223359167106,1
-0.0666187287964779,0.07044435662038184,0.4958284375515135,1
-0.14851277694952244,-0.4346220441551448,0.2744485172429046,1
-0.3879465421684569,-0.11950574083545007,0.4076115365069519,1
0.17731607992310616,-0.21760196939352916,0.3586117870993939,1
-0.1393038798412336,-0.3844443451867138,0.2730512662277982,1
0.12154710067844299,-0.195967704410944,0.3449849875952311,1
-0.32892829403670975,-0.11153066894520513,0.39327088716920133,1
-0.06611790214378166,0.06046327952187591,0.4502060420732581,1
-0.19241702202522948,-0.15780981240005332,-0.49147105716879746,1
0.18786443372418898,0.09085371919414675,-0.4073343043099684,1
-0.44191207757258094,0.20456650709109597,-0.33267700253722987,1
-0.06645178900820037,0.4311511400438016,-0.26014455612234455,1
0.23123527297890026,-0.083617802489663,0.12900777517327988,1
0.23635687057828286,0.08168395406184459,-0.3152482960850045,1