-0.27280267095057286,0.05434123526218049,0.31875404759148584,1
-0.27953722348352394,0.22824500557313732,-0.10349134360830803,1
-0.2757724580214155,-0.1448976988642252,-0.22793191599359153,1
-0.27959153193241925,-0.31359553697880493,0.19255769045712578,1
0.27786290552050435,0.2111386696443085,-0.09597662052389122,1
0.2798894100676773,0.05977697107044411,0.31028571268834115,1
0.28172954040762143,-0.318893693704695,0.19257833670245694,1
0.29448534281054994,-0.13464696942625565,-0.23213549625424368,1
0.4913852755802268,0.3370394930421049,-0.07932240793503342,1
-0.4826090264924826,-0.24992533356254437,-0.3231520702933929,1
-0.4889550620320412,0.33757844908785744,-0.10940874290663138,1
0.4861328142630887,-0.24799373277565215,-0.32262952002581135,1