-0.04860901152509792,0.26252045075628155,0.05006010731617411,1
0.06594663640182852,0.23063582261535265,0.065439524519467,1
0.05045688615772543,0.31866150667049714,0.05075361691331731,1
-0.06819585020679737,0.35225168567119114,-0.08205706435730575,1
0.010403105054639073,0.3263101193884149,-0.05407914239058853,1
0.09158659571451269,0.28915476692551617,-0.04477982778689349,1
0.163700245617891,0.25909981515543995,-0.05070615087421659,1
0.1891708934030194,0.10669562075157568,0.3826892316716659,1
-0.3116572015908404,-0.2026660360751107,0.3458349744632194,1
-0.18873102129600655,0.16906670456297412,-0.1393947711621082,1
-0.01024106165484083,0.19923278580191206,0.12918301856747383,1
0.12286237930747902,0.03879481519234418,-0.10826733063323435,1
0.24809382320747253,0.10446008731754186,0.15076623374819786,1
-0.18570599584910163,-0.06850299175187402,0.047793339898191345,1
-0.35830077047443676,-0.22558077167487944,0.17083970141953042,1
0.0705250857038644,0.002664927931705474,0.0523625563248874,1