-0.4855985459850094,0.17722645162550554,-0.14319939825010586,1
-0.4193009088670969,-0.008567376333028953,-0.2768469000005802,1
-0.06978676963788652,0.12936009488107894,0.05173305012260454,1
-0.22598720369746383,0.1723949148402013,0.2085584677611605,1
-0.04130031086253172,0.20093142667987684,0.2311093697039346,1
0.006528009005303731,0.06406048318047175,0.050868112688998934,1
0.08660360294767105,0.1298838644461241,0.07208016380067139,1
0.1638608119042272,0.2468714014248201,0.2733215708008472,1
0.2240805506609525,0.09790819501644537,0.06480924172410363,1
0.4839431223895845,0.18161986428538357,0.049555784498763855,1
-0.32108012494428384,-0.01564819103441384,-0.07732093663259753,1