-0.16876637779867515,0.10735633043948295,-0.2899065854295164,1
-0.09837601857576683,0.05178975531206981,-0.4782172553338849,1
0.0003065473643491523,0.1410085800366478,-0.45252384858056277,1
0.07882351619649241,0.18775371765442417,-0.4144835337889571,1
0.17734304363463027,0.16245362286032505,-0.3022858387652101,1
-0.004375880455328177,-0.01972494126731333,-0.04601513699231416,1
-0.15092137583874507,-0.027134991971907052,-0.08337622615081003,1
-0.04129360355106715,-0.11863723681901739,-0.20706701098463975,1
0.06256023490133788,-0.09367930698078039,-0.17743052902279976,1
0.137580273500588,-0.03218412396640247,-0.15892438444090362,1
-0.12749661240303117,-0.002844249742089744,0.22393153564226598,1
0.1410388793897377,-0.030175594782270276,0.1945866991416818,1