-0.4079771655604932,0.1745487488210209,0.19768424981798316,1
-0.263389948746527,0.24918907710483573,0.3899075101546775,1
-0.11768039220231274,0.29672706529441717,0.48149540710921146,1
0.07551196308063054,0.23904171762677384,0.4979082732168462,1
0.4053414811652933,-0.08588375218674748,0.24347509682144353,1
0.276256478216604,-0.16083192118915246,0.0498946981642201,1
-0.0015060007792340735,0.06650013827121337,0.244438822385888,1
-0.09537393858569387,0.07934845245577304,0.20657869255222483,1
-0.1859774678192011,0.04330133204799047,0.14571361271888428,1
0.19614106629635344,-0.07381766158685576,0.1038712384943361,1
0.0758102360730093,0.1654627224908476,0.31646257527809296,1
-0.07513755293003454,0.1945409046895975,0.2730984930479067,1
-0.16905835504826333,0.17142760318816602,0.2339272754054807,1
-0.2655505221956884,0.09776032900341569,0.09962972698754502,1
0.32273563590108883,-0.06448661543499862,0.14850412163388787,1
0.18435827001179628,-0.09203180840761416,-0.15662951112619572,1
-0.03826833177484423,-0.043245687869942095,-0.257589966014828,1