0.08911630271477322,0.20941014645045552,-0.10043723362466072,1
0.16970270774672041,0.19918705060535752,-0.10546571285400746,1
0.042462319101791574,0.298935935195689,-0.014008831625416981,1
-0.08930257830413024,0.19592325424547122,-0.11049280259303215,1
-0.01277889360481202,0.20725014235487035,-0.1099806895486479,1
-0.020117369208207385,0.24202843839925708,0.06340675692168362,1
0.0769909132044618,0.2543354795992369,0.0720307423012633,1
0.02472474901632754,0.23663255643770742,0.18861865453561216,1
-0.11991846873921466,0.12389103760568146,0.08426998059563664,1
0.17564765519995226,0.12930418681928535,0.10061512919487914,1
0.22244698165787696,-0.06256388238271393,-0.06667174137078846,1
-0.16320501999839435,-0.036078126008601274,-0.06592773137462804,1
0.17866527535482884,-0.11286078966354118,0.2795633435332249,1
-0.1563594767619137,-0.13735734000642474,0.29015824723689265,1