-0.13780494277746014,0.23650487364804645,-0.10837033866804635,1
-0.2153061752106904,0.19459138644505136,-0.09838682568887025,1
-0.010431262642120797,0.2625187456109115,-0.11351429136601421,1
0.07573624702561199,0.2641163039093527,-0.11860089328908585,1
-0.09818858501206436,0.3742806119611556,0.004799924269379398,1
-0.1255469359169823,0.2814849097138008,0.10661968433849822,1
-0.01064629382872928,0.3107907254167175,0.09912341437610994,1
-0.06740492896038441,0.3170833747781643,0.2218498075422477,1
0.24722194326214775,0.04645700913282891,-0.05060929657505053,1
-0.20631138747689104,-0.09206219379597602,-0.005091780957139136,1
-0.2063591112747214,0.0969063368477824,0.16155125990847957,1
0.13840361419008174,0.23541019996113477,0.11894959844197456,1