-0.0366147424585368,0.3262042752695291,0.13450280650895224,1
-0.25990996237882013,0.29429637515651996,-0.0022954630977847223,1
-0.09633173612074763,0.36274657304752866,0.007884136576369937,1
0.051733885591553896,0.33908563194306673,-0.0021906785533409856,1
0.2400751638923,0.3135501538858252,0.010158680983106016,1
0.14917506534466218,0.22216892102683972,0.3312953723482963,1
-0.20972761023699427,0.22610703294961154,0.3394022734843296,1
-0.34659349155498914,0.17606734343261432,0.12222828329488533,1
0.28011085353988335,0.23360335922154518,0.13306569457462358,1
-0.12138620421600521,-0.31315812552667976,-0.3637271147628365,1
0.052358414865888214,0.2666965588086596,-0.4006547115405281,1