-0.48348992266292606,-0.02266434014827634,-0.13002429279129196,1
-0.2715297497250157,0.022538840452909714,0.03622612088329513,1
-0.06762849941199889,0.20798804782640845,0.23344430157811324,1
0.10048653347474512,-0.20127042974195441,0.24199282882365347,1
-0.18577162644476175,-0.039822743507690994,0.23900499785624307,1
0.23852609749414544,0.034139327172334255,0.24323893552832132,1
0.28553212371541914,0.04739393617481902,-0.08786933200278779,1
0.3334684991780139,0.04891076344190459,0.12324536236629724,1
0.4883891112197265,0.04136414617003359,-0.057765795739748826,1
-0.3475294201071488,0.03278560030192024,0.06672610947429808,1
0.022323280443122817,0.010972915893298296,-0.24439327212963424,1
-0.17490731155603756,0.018500140227553974,-0.12447195853883341,1
0.055718865848342514,0.2044943023753618,-0.12689719933077348,1
0.23981481930728166,-0.02625316602343375,-0.12297376251292735,1
0.0224442569364528,-0.20657242961609967,-0.12395808422983218,1