0.12746848978769326,0.12889323756079818,-0.4758070504433448,1
0.21299278503408595,0.1714164318004966,0.01992219604632889,1
0.1537757598526956,0.16116730431073373,0.17842089189509538,1
0.2906797834550584,0.1894759787493775,0.4623629273501847,1
-0.45074926225471173,0.13074913251856668,0.31403828546389795,1
-0.268220580190204,0.14877333658763592,0.4676710278710723,1
-0.35158998421319815,0.0502687814712508,0.08290663458157454,1
-0.432779977023979,0.08210013325696427,0.2256735365891801,1
-0.19226098946938416,0.1585614430988455,0.09444731079614021,1
0.41023587693836605,0.05779129519397633,-0.28685270698204146,1
0.18337558410417376,0.09352187923191968,-0.4619964821292981,1
0.19620025395699425,-0.06392922072734741,-0.4585169032717781,1
0.24408340911867543,0.02898637834433726,-0.40210562080073914,1
0.1613597822563283,0.07135360618682135,-0.0687251524895795,1
-0.008539463602218022,0.1911632459802678,-0.12832247303860111,1