0.32381245493888855,-0.13114085793495178,0.4566992521286011,1
0.05538642406463623,-0.29771098494529724,0.329692006111145,1
0.005495383404195309,-0.13760656118392944,0.10436583310365677,1
0.024612957328889018,-0.032256628366817974,-0.170763681340742,1
-0.3035457025171482,-0.15319449982233335,-0.4001023715754535,1
-0.054021063618741705,-0.004947450665484077,-0.34115144545475384,1
0.09037118726164596,-0.17202005243809076,0.029751795754793447,1
0.0980677116520227,-0.15917386943683792,-0.058652256928274915,1
0.10846092018749553,-0.0985303752637674,-0.16658832836307608,1
-0.04535939240819975,-0.08038893754272515,-0.013113027438488855,1
-0.054876652157729744,-0.13443549292585338,-0.10318379598217886,1
-0.46430787006257684,-0.05856966439129402,0.05167861011144004,1
-0.3466705673305923,0.3222807685428253,0.12479491631445238,1
-0.06517283992973949,0.024251904144499195,0.4770300088721796,1
0.47056804263393004,-0.22489143643463016,-0.08376322325636343,1
0.12572479961367958,0.12937134579116993,-0.38403196423176117,1
0.17977865735645504,-0.1314876147178614,-0.4875832397001316,1
-0.15067365320361947,0.07302965821734819,0.1786815357617219,1
-0.17354229410890198,-0.14345110038572928,-0.21067958495743166,1