-0.21281302918252853,0.04505128310418116,0.39897159016066186,1
-0.11144084986266717,0.012062913542076281,0.07696849671837183,1
0.20711533025849826,0.023750449248641656,-0.00364015876862267,1
0.4538811827862279,0.010429942087097132,0.12621061512971465,1
0.45736250856751703,0.04553316382531203,0.4012259583659049,1
0.49398940595187013,0.023837395745914147,0.3133349425466704,1
-0.24651199012607183,0.006210995385553253,-0.12056017024203064,1
-0.36446859604641413,0.10389835343542275,-0.4037240376873234,1
-0.46791332641289096,0.22656892810007512,-0.20646082312399982,1
-0.48070314793832347,0.09515497408319184,-0.30859028074242944,1
-0.384253225655808,0.14644363474134092,-0.3108996048613384,1
-0.13156918267810857,-0.06129002719863719,-0.23914117438384563,1