-0.1874324177141772,-0.016299039419681582,-0.05659113063749066,1
0.1497482523263583,-0.026310285218611395,-0.06065310371743385,1
-0.4774961666764804,-0.06141472591456221,0.012714420700664697,1
0.25924343569059776,-0.02334062169959905,-0.4175679827950105,1
0.3394776039341032,-0.02650995071048845,0.05480016241644403,1
0.42640435003386034,-0.02945701741599077,0.17472579984468428,1
0.4968222877248283,0.08775438654270706,0.006390629791151348,1
0.3460964987963626,0.0028040313224684254,0.010323759290140621,1
0.41350937225039086,0.08930471119179772,0.00872004850316177,1
0.493486924191501,-0.05741327890365655,0.011645733698300908,1
0.11397850883108551,-0.017562294814529533,-0.41903285540457036,1