-0.0031400310192714053,-0.021721813503891463,-0.496118423297056,1
-0.0062963249042206105,0.02126171440191223,-0.4903837943933775,1
0.0560764138953074,-0.12011288271818171,0.03638439368676555,1
-0.13248559531332782,-0.06277795772017702,0.04357454416928408,1
-0.06404541292858734,0.11643900184472477,0.038140538577961014,1
0.12381759882681413,0.06568211267814905,0.04044918750369117,1
-0.015768886927249426,0.07172972822178991,0.14451517942820194,1
-0.1558280319244732,-0.04671512500526889,0.48564144972915474,1
0.03484123176246112,-0.1529142707757688,0.48725948027435006,1
0.16208500726087271,0.040761097062053164,0.47884967065489253,1
-0.039660948854443045,0.15164779500264458,0.4862276287670347,1
0.057338252805760215,0.07373616860171272,0.23773964526104663,1
0.10454012408739044,0.11921508769984112,0.4662945768870923,1
0.12756886240652854,0.05519970643186711,0.36650650115867433,1
0.018295860574749203,0.006471407886495535,0.006916130069675636,1