-0.23924098662463336,0.12195332182044433,0.44225315919967695,1
0.22827067649758087,0.12387983931992724,0.4360109228044007,1
0.4212471197949034,0.05901869601776466,-0.13211520774847385,1
-0.4173852029166301,0.06795677590712579,-0.12897007396184418,1
-0.006096219679142853,0.06673474557310721,0.20913594789933151,1
0.16818669058370458,0.037317668892301925,0.14184757672694292,1
-0.16972802215374963,0.05865116982650248,0.15279950298329015,1
-0.19681351800644334,0.07315971578826338,-0.023375525858457202,1
-0.16230652949158172,-0.0026540250710572754,-0.15742097866723778,1
0.14632594549209787,-0.013039983627725931,-0.15839583599075896,1
0.18507788564341498,0.059618475094202525,0.0029523895534378265,1
0.1288481949482295,-0.0038765649231379817,-0.48456924255192923,1
-0.14356015153415946,-0.01231225810957709,-0.4891969484421613,1
-0.0018153651374199358,0.15489619437797594,-0.27131464447882236,1