0.09162945909400927,0.20597813191791264,0.33332099781431173,1
0.2293636661832342,-0.001581293943795803,0.32285682397506654,1
0.23737957824783432,-0.006531085723147673,0.04541296523561331,1
0.09226412239113041,0.14544029444322973,0.049873291640367634,1
0.38412766438756485,0.07440274651683753,-0.04279121828886545,1
0.37874560613740904,0.07324779085559751,0.36893523280753526,1
0.10213789842148468,0.37847508752799746,0.3772628847484323,1
0.01666563407676236,0.470878858925351,0.4799454523766389,1
-0.44555087617642874,0.04028363440573135,0.4749168934820197,1
-0.4342717800413323,0.05080176814329507,-0.1657116672757119,1
0.02638600114151035,0.4604538940705482,-0.15413565706510218,1
0.43973488004075767,0.016953659238846175,-0.1666629943248279,1
0.4450803057651358,0.011459537939350283,0.46473232880224646,1
0.20575839674758017,0.02373215879932833,-0.24127777963597427,1
-0.0003321952517544302,0.22757987519444012,-0.24069051266473795,1
-0.21316758056354376,0.02910791906588478,-0.23469322137455542,1
-0.20704232805472583,0.03481967045923451,-0.49310149580200935,1
0.016398925210829473,0.22679557583033427,-0.48315425008985074,1
0.21758478411787174,0.011049957915376218,-0.49314185817082456,1