0.034327229910422474,0.28366409046410973,0.45903223409327653,1
-0.23818844022458796,0.14760177013424358,0.20756817060519883,1
-0.03370947798841972,0.13966584847488506,0.19844040068612956,1
0.011650036697097576,0.032794794055044534,0.08664059039184101,1
-0.20285183698441844,0.03591551807755233,0.07546352666864886,1
-0.19506525688186016,-0.03949400475076226,-0.04781138530193929,1
0.016484487219975835,-0.034191679223106064,-0.022934957322942,1
-0.22666486385379403,-0.09571916987535622,-0.1991684462485741,1
0.02615554742781301,-0.2670162371389979,-0.4464621611279713,1
-0.031711638638555306,-0.09856219677746027,-0.18182611192161827,1
0.4507234875234663,-0.11314001153363051,-0.024826513882218792,1
0.45145640899095474,-0.0245159767154286,0.1195548967333151,1
-0.4690426506403722,-0.0023994845976536005,0.017973818804085883,1