0.15814026316784857,0.13500027348063243,0.48391407297738875,1
0.24893541561688148,0.14688901713128746,0.09171780681779962,1
-0.05701664557669653,-0.05911243859823995,0.07713780419429072,1
0.19094645802152904,0.08626999659189768,0.06419520101330811,1
-0.24176356582502123,0.06282421151581,0.08478150300316567,1
-0.10469843300751988,0.0272149431347542,-0.44695504337028296,1
-0.030263722762737505,0.05045331041235096,-0.47196536289548646,1
-0.07018586367009208,0.024851035154880393,-0.36866351358223353,1
0.18788677132440304,0.021030604566081218,-0.3260810467872094,1
0.16467659508490603,0.05534736820641137,-0.411296162939638,1
0.042448444032799376,0.058358125446745096,-0.32913096231892214,1
0.028999203168720955,0.10000362982851403,0.43725146561799527,1