-0.2104349691581544,0.2141133784872189,-0.47321013477122875,1
-0.39942507142657524,0.29928381105663654,-0.4123653384328767,1
-0.3021103465003314,0.2546318094647483,-0.47775816954338346,1
-0.278999156971536,0.23250454796864744,-0.2439446896205446,1
-0.13499183398490677,0.15513310855999551,-0.10530790008250257,1
-0.21265358703860015,0.16955944383226756,-0.25543442977603403,1
-0.07628533861278419,0.07894615671816007,-0.341465314242285,1
0.11929575983317742,-0.038632543224766724,-0.4359199977821868,1
0.38245426861188236,-0.21902659828134047,-0.013880562344429026,1
0.35401802647043157,-0.17350813003180498,-0.22324194365736272,1
0.26805634906196607,-0.02282589602035842,-0.11640551536843713,1
0.011532690679653123,0.11597735073036216,-0.026811342343733613,1
0.01482404703207707,0.05215223311969733,0.24412635597546517,1
0.43131696193281155,-0.21157109776699073,0.1859115143015937,1
0.3086228278647578,-0.24067575823786402,0.44326006692548336,1
0.3783203237997239,-0.13456060433687278,0.4481333406336159,1
-0.03510743725715648,0.11061407957496622,0.45778164065633753,1
-0.09138797236307994,0.020105256798809867,0.4534186245401268,1
0.37446798502246414,-0.06542560411941855,0.49379613296408475,1
0.3219437865979189,-0.09642632723185274,0.48939634843008894,1
0.2527179578929717,-0.22387517922113054,0.48315063478748365,1
-0.048380759794489414,0.1739794549020771,0.4872672154075661,1
-0.08108639159502107,0.14071112879824932,0.483315556375298,1
-0.150001016514135,0.0393029956236165,0.4837263845732882,1