0.037663146079307375,0.29917703914074234,-0.014591567967053562,1
-0.018742176600934787,0.23896961886564624,0.0728449279434632,1
0.08555935502775401,0.24747869234090755,0.07627181506197347,1
0.036568663645915954,0.2356124375172524,0.19006156979604977,1
0.2533787702147328,-0.0666048237568515,-0.1251255608200832,1
-0.11025280377545665,0.1845642399858185,-0.11714387369545942,1
0.1651285818171495,0.20416352574186813,-0.10581604954526824,1
-0.07824203804149199,0.2658551528653322,-0.4362221156442292,1
0.023860515826610418,0.2762845394150499,-0.24876832668157434,1
0.11644730220453292,0.05556217497864946,0.38132073756883366,1
-0.07715951329631421,0.0347668744497025,0.3721885948333771,1