0.16971169558578691,0.08694266015406504,0.47164733575958345,1
-0.2029733156955369,0.08285074377703583,0.44912738268453417,1
-0.18145768855940103,-0.21833627366797636,0.37345595738464104,1
0.1833492608696422,-0.18706579879355645,0.38651751202633094,1
0.1977787577504747,0.23215111208413142,0.10879620041735854,1
-0.16145690397641582,0.2464339785057289,0.09772002475288494,1
-0.1662021984988593,-0.11933051978377207,-0.009787959026588855,1
-0.1607013185011743,-0.06429862209503745,-0.30785254583316784,1
-0.07017844241827342,-0.04797787196755299,-0.3016180874347784,1
-0.08414645437506372,-0.11151467693336281,-0.019796972295130305,1
0.0003296255426279461,-0.11122032228033468,-0.019853621239325117,1
0.015640510073813396,-0.04535443243909171,-0.2975506529693223,1
0.10788227022134011,-0.046109348950800655,-0.29089958234227053,1
0.09085936658053228,-0.10675194562247622,-0.010448942629909335,1
0.18996263522725168,-0.09438379245085818,-0.001888060508801026,1
0.19541118742260877,-0.04052864871916784,-0.2897356814997937,1
0.20614079952657938,-0.01673350213077951,-0.4442405934742023,1
-0.18395481044256534,-0.034453645991187276,-0.47025861650273326,1