0.2924594764099005,0.1806771358401087,0.4498318853442683,1
0.47212270690047825,0.016404367535101993,0.262633486756344,1
-0.08329512148118012,0.006121086398451547,0.4558606396581034,1
-0.27403533136875585,0.17274779542109764,0.4487096346982831,1
-0.470252707287184,0.10686117130435724,0.27816940431345455,1
-0.4387515793310233,0.10911008886405343,-0.03638816883600865,1
0.11683825052352098,0.13122653335347656,-0.47452206717247436,1
0.17847360580257804,0.09350988803355964,-0.4470951143051335,1
0.22017978862738702,0.1284842230800458,-0.34888806498831476,1
0.36386260134797804,0.05951339181095272,-0.19664481298641267,1
0.40190875868538073,0.06660178211465473,-0.2827431820146007,1