-0.22795906532739468,0.31518560188161226,0.039383592381495136,1
0.2654875922473493,0.29683687749265236,0.03905769609794707,1
-0.1796646975890281,-0.12433129868446913,-0.11289009423101565,1
0.2197926369189136,-0.12002107663516925,-0.11388876284200194,1
0.22397916790486372,-0.30880495091274706,0.2893106364778715,1
-0.1929747003834149,-0.30609176761563406,0.28769015046655904,1
-0.19356980990230854,0.07063414664691114,0.46427300058030923,1
0.2190441485983342,0.09026659443903151,0.4670202970874521,1
-0.17595392265591758,-0.06386694590849551,-0.3148364567135057,1
0.20061680894446532,-0.04223957423378999,-0.31844933013857324,1
-0.23271007519507092,0.0004907723134421893,-0.454289866336993,1
0.2524746014156053,0.003917643412360228,-0.4527054208044413,1