0.031561462886560365,0.33981790891098184,-0.2699109383300269,1
-0.0987163606315471,0.10142717242913046,-0.3676150329264074,1
0.13566771498012908,0.09640222468766501,-0.36487822871130726,1
-0.05528497356611717,0.23014449011531235,-0.2990661728216223,1
0.11100790144120642,0.2134414200327972,-0.30086766222559913,1
0.0406318690351373,0.29778304809283884,-0.11620355855647499,1
-0.3521597748834979,-0.2121088767847934,-0.47900129695500826,1
0.3697099636681882,-0.2262480392097106,-0.47239915362802265,1
0.14384775513014336,0.09770010130993145,0.23744731974032473,1
0.19306498893010548,-0.03872864496043693,0.23659088068651335,1
-0.07151582414212321,0.10134065381074009,0.23790078348582838,1