0.1108371677119262,-0.03383299654707983,0.4309825386734616,1
0.2625971494631001,-0.02845552178892241,0.43118211200762024,1
0.4790242984832547,-0.030701838571824735,0.17664605846713177,1
0.42036492498784167,-0.0346659266057503,0.17842158075379466,1
0.49725422544590003,0.08865644147646812,0.0053295760348386345,1
0.41310551215533703,0.0919196195641705,0.005042196037622126,1
0.25699447314837154,-0.021827011809394725,-0.4184566719501439,1
0.11133769020786621,-0.02615114868794821,-0.4313959720907383,1
0.4721923764804121,-0.04343242989884333,-0.1659308150466099,1
0.4345104888453843,-0.032841485429537354,-0.18084705467738682,1
-0.49930138982295324,-0.08201241209009111,0.004524626876431806,1