-0.18597557989493563,0.20482884762746845,-0.4902800789145232,1
-0.3027026366507277,0.25616081693282755,-0.4707248247668203,1
-0.2566940746594337,0.09007892748715385,-0.48813514897582877,1
-0.35029875424778556,0.17066655996196722,-0.46977980856473067,1
-0.43370856531784163,0.27701226410855817,-0.41389986234479603,1
-0.05680497238888371,-0.0046682591280575725,0.26561443231539705,1
-0.033092329236977136,0.052666166384916835,0.26755179692587305,1
-0.15934433246056123,-0.023104089614903733,0.4993990276942255,1
-0.1601554926676556,0.025897898860953727,0.4940179114259893,1
-0.0837017065111958,-0.01771336787558897,0.49771489496385634,1
-0.017272442570961388,0.07141465504637967,0.49764800699295253,1
-0.08615952244716141,0.12338662400685152,0.4991819600554268,1
-0.0478429066508248,0.16343632078629588,0.49972190361959323,1
0.37059845793200185,-0.07251326883438658,0.499608552255851,1
0.31764185251539345,-0.10714364304123247,0.49926928756297983,1
0.2558520786020816,-0.23170815940741107,0.49971933112744404,1
0.24757917121429163,-0.28506391381837737,0.4996498666461874,1
0.3251050346408241,-0.27229401601795455,0.4976597354280224,1
0.4127047236273187,-0.1618588704936066,0.49714772453600403,1
0.4342450361063919,-0.23277408465206362,0.18740217218473654,1
0.4145352557580906,-0.2741151038585081,0.21388971437531123,1
0.38063629098426255,-0.2319314453304222,-0.010517433870676384,1
0.1334486704374036,-0.09043969150511588,-0.432640282899424,1
-0.06821640461909606,0.06253911931587241,-0.34871869257055865,1
0.3255464340840071,-0.1908795578522784,-0.255536309902082,1