0.010916720689255914,0.23646843816669744,-0.000005071970448437477,1
0.010893356376425134,0.23399968609384708,0.3333209281798442,1
0.24323885386313876,-0.0010667058246772928,0.01856610285939997,1
0.24455123497918774,0.00054579695295498,0.33332119386491815,1
-0.22822377121605575,0.015068523068163752,-0.49595311114233936,1
-0.23520419893544364,0.008615419797203927,-0.22218077510476086,1
-0.30008000161901593,0.005157918360937597,-0.172944494067667,1
0.026443384451870777,0.2975828238662128,-0.16667308294993188,1
0.0052366811686153924,0.23368566993751322,-0.22155431210259258,1
0.00111051145818708,0.22892551099262093,-0.4915114224080739,1
0.222994541694983,-0.009766948178189238,-0.49999972806417325,1
-0.011754863651491032,-0.23177761497407312,-0.496831687185435,1
-0.004400306571227364,-0.2319938432866872,-0.2370277689098833,1
-0.0005025138097128901,-0.29858333247151025,-0.17085339297446317,1
0.2343333306643861,-0.009371525011136583,-0.22431757377149564,1
0.3032774770762361,-0.01730170386634694,-0.16939271122615274,1
0.46389164769403734,-0.008713585180752048,-0.16079808128181994,1
-0.011291307515432502,-0.4545942775362449,-0.16666290761112012,1
-0.017723428882660708,-0.4596460827662888,0.5000001166729463,1
0.45774932946058,-0.02693543334604409,0.500000431045079,1
0.012358401625926385,0.4556438701783563,0.4999900636957788,1
-0.45924272765456053,0.027515693551279696,0.4964207867516599,1
-0.4671523104773606,0.012209933200627354,-0.16413056054936761,1
0.010943018603690291,0.4659709409962079,-0.160574612040728,1
0.0892239160365732,0.31109157474365656,0.33313671513758663,1
0.09977617719955284,0.3808931684262602,0.36992976048683695,1
0.0974547841647733,0.3842421869877309,-0.046778254068546965,1
0.0982181938097684,0.33630923763892284,-0.0021471652792915685,1
0.31567165452539747,0.06647798471495125,0.0036339512154182074,1
0.375218182881107,0.07877794805048399,-0.03925688751335077,1
0.32615357333727113,0.07543528307070746,0.33441556524147153,1
0.3703246348784015,0.07354184253400131,0.360630385876661,1