-0.05534493881929018,0.10178941819981085,0.42801291003334696,1
-0.02563461754310266,0.13364525066583432,0.43644753374129075,1
0.012583113763806707,0.14915264591121224,0.4370818500842861,1
-0.17960765862196082,-0.05521044188413182,0.39908703420356833,1
-0.21326143808446166,-0.059389692197124755,0.3972061557237386,1
-0.22386113732462576,-0.10504094050391133,0.38792533255476374,1
0.2605313972604168,-0.4062496209216595,0.2660842608508097,1
0.22058501350126366,-0.4237269104815654,0.2631850414758457,1
0.20252758442841376,-0.4674194897785142,0.24212157449752514,1
0.38398456363100186,-0.24667286200550764,0.2884683426352359,1
0.4156899719398515,-0.20065957617590957,0.291313191977395,1
0.45290741540713453,-0.2064626107130949,0.30135418851278817,1
0.3873465391873264,-0.19291934910728603,-0.0265006547924731,1
0.24000184285416692,-0.35272792560567723,-0.06610126759091939,1
0.034307821531240235,0.07684018375396534,0.27083640803654724,1
-0.11362626236618678,-0.09544865702137084,0.24621812970091872,1
0.27101607533633576,-0.1624250617490537,-0.3766004753533232,1
-0.27876468651349095,0.4302385654895864,-0.40641240345843865,1
-0.37919213497047055,0.3218083010766959,-0.4268140629290915,1
-0.4446364622360086,0.420189515580379,-0.3483224701936152,1
-0.37380161462265493,0.46705161877736256,-0.341647283464495,1
-0.45153287557025934,0.44987804795351516,-0.3055531392639854,1
-0.4617405528532346,0.4527853745868793,-0.2143834864565262,1