-0.3062092128085052,0.050162714146784554,0.16244815153363135,1
-0.36707133117877166,0.050700184541211085,0.16739196072425066,1
-0.3710159903857285,-0.07872147903069357,0.12155944132496921,1
-0.31380800418138216,-0.03911891615141183,0.16232973119387362,1
-0.3839587093823513,0.13231578439665043,0.3207886187008089,1
-0.3878533361000354,-0.10355117554057694,0.3218582299028845,1
0.11556771105040436,-0.09519795805018122,0.31699089717467954,1
0.11664478933441363,0.09377575840588911,0.31791293164088963,1
0.05732625723833072,0.0777026303474456,0.17778187896653097,1
-0.4415091635277498,-0.10047925610446784,0.2554367184963232,1
-0.43923391512886034,0.09953742195982817,0.2698564288858102,1
0.08152304527232668,-0.09172687836678528,0.2219818082600593,1
0.31529315272613423,-0.10862684894841146,-0.2617674639197924,1
0.3898763745256444,-0.09241371362694561,-0.3186476359218944,1
0.38471105104229686,0.09347169298167546,-0.31586926418143546,1
0.32174218612469873,0.11993145016036466,-0.28515964648269576,1
0.4921241083827541,0.010516132778020548,-0.14895910438350734,1
-0.4745468943618637,0.00691593110499511,-0.22993852275617588,1