0.46073610375951546,-0.1148064434699303,-0.025117555372673017,1
0.4647837717531438,-0.02150783818114821,0.12962406119676206,1
0.033708494220135776,0.2838266117370045,0.4593937988501047,1
0.032532191919742104,-0.2716400769949612,-0.45170366384307137,1
-0.4855418336570203,-0.010951090501374771,0.018034368786460142,1
-0.2414394948310952,-0.1030766631578921,-0.20792621124328192,1
-0.2440504448593206,0.13707994644537358,0.19050901090983085,1
-0.026689933757230832,0.13633511502129902,0.19874016916618675,1
0.03360161773285597,-0.008784926657231517,0.08669242580062064,1
-0.031250069070361874,-0.11127720879026537,-0.2103071933213938,1
0.03677921228949621,-0.057884714171183904,-0.025593187171294662,1