0.011833750069519144,0.028065468965342122,-0.45284788320240654,1
-0.017721329406164443,0.023682268729099287,-0.4506515373380562,1
0.004768283342276414,0.038926271143431945,-0.4356986603938905,1
0.005909604273181213,0.03603258539453624,-0.4121606469034498,1
0.050237039480257706,-0.024447234273623275,-0.4311557359748487,1
-0.029490789514655002,-0.028742419908289296,-0.4205383781352605,1
-0.24593173418084713,-0.006274999501486467,0.026241705926930425,1
0.2767438875145189,0.023641248623046618,0.012277931794308916,1
-0.08872197423330985,0.08315718169403974,0.46982159875927304,1
0.1277396848624135,0.07795054727934758,0.4719840791941282,1
0.0920335249333526,-0.03887707885097136,0.4855996769422817,1
-0.09810857061244094,-0.035849613731171015,0.47868831773792414,1
0.07759467133506248,0.006859091347143131,0.1797993910386403,1
-0.06883248846316914,-0.022700158848601548,0.19497439898741034,1
0.017717267085753496,-0.06915115265947946,-0.32937366326509,1
0.12391788141623627,-0.051825589521904886,0.4493459586271772,1
-0.07544691739144515,-0.059228745252928164,0.43108433576184846,1