0.21839468780467314,0.06693456922248594,0.4989575783837399,1
0.2148619768430791,-0.3164801387302243,0.3142329233931121,1
-0.20708210859621176,-0.330855235041902,0.32277315269063217,1
-0.1960840107176189,0.05693590754034305,0.4881288040607428,1
0.26946510998787154,0.2877070396274041,0.06281998584104797,1
-0.26150679119192704,0.27936505602418177,0.06767141402981791,1
-0.22495763763464405,-0.23290956246026617,-0.10840805432758627,1
0.19976228665880402,-0.2318134496657307,-0.08463718802390574,1
-0.25226708545810483,0.00239399679119523,-0.45617064048569244,1
0.25198892729035726,-0.001034978647560969,-0.46454168757623915,1
-0.18626938019243094,-0.12329870011887856,-0.12468453101522203,1
0.20831788370819698,-0.1171675631859333,-0.1110332722434452,1