0.2790684038114485,0.03400855187170526,0.3213759223707727,1
0.2835140465354512,-0.3230956761756394,0.19135765132496663,1
-0.28274824894427053,-0.32628603339225304,0.19042979287786488,1
-0.27640132447873716,0.02428651757693112,0.31622432875730466,1
-0.4982689931028599,0.335524235175122,-0.092482158937782,1
0.4982385435961576,0.33541611951630834,-0.09094525106867035,1
0.49212095810717793,-0.26584581998836887,-0.30775096963572013,1
-0.49572341857967306,-0.26375453338636556,-0.3026899708493591,1
0.26229967867363335,0.15621296304327248,-0.1233075298232702,1
0.26318112667795834,-0.19883443318048188,-0.24466597550216562,1
-0.3104590797290232,-0.19512016760801165,-0.2438805597022622,1
-0.29752966095666133,0.15744546611563503,-0.1198326226745543,1