-0.3964954202562705,0.4465082265245603,-0.45096512626582763,1
0.4290735222244013,0.38796010979076645,-0.008976418335440605,1
-0.39639566814975513,0.42544614708363926,-0.38549216180006285,1
-0.4428291840637506,0.39489135082112997,-0.37810064879182237,1
-0.4301170803125527,0.3326337355107417,-0.295079334869798,1
-0.39928179526760066,0.2818151231412115,-0.21465555400575775,1
-0.3386422211067949,0.23513358922447233,-0.12880606283115106,1
0.2156340180858809,-0.40468984220950954,-0.49025569017326553,1
0.1990033946504557,-0.40231846505500623,-0.44705596213637033,1
0.15961548284670002,-0.45612689443430643,-0.4245857117337337,1
0.13626852607699114,-0.41486370758576907,-0.3667510214350438,1
0.107391459314929,-0.42140717042897435,-0.314386275881549,1
0.0719256358763034,-0.36889092313076643,-0.23669963383767212,1
-0.20536881561992093,0.034362202624480975,0.4479748985156249,1
-0.050947262273091515,-0.17395399995583302,0.4526931975134824,1