-0.17978625434250694,0.1477214919964459,0.4543238045584244,1
-0.2346352260207189,0.08627904430610855,0.44622298065751864,1
-0.20419610605911917,0.05982688063439301,0.22508265365419955,1
-0.14071974187452374,0.15284288757629227,0.2498491958578387,1
0.24940172044158038,-0.1967274277610933,0.4516601493871626,1
0.29956595576536116,-0.24048262247521634,0.23299672664759008,1
0.377681759955383,-0.0680961175981798,0.22957611763340768,1
0.31550691374780726,-0.060635278236817136,0.45236026028329856,1
-0.4823092728785925,0.24479548353921032,-0.16013664430231955,1
-0.4442709346590741,0.27843939485563884,-0.44778071755589477,1
-0.4881049816852916,0.19567766963568794,-0.4436639840191693,1
-0.496627292920762,0.1964501597898155,-0.3286350037131185,1
-0.46130593565673106,0.2730930452156651,-0.3333440415721789,1
0.449045820637753,-0.2371723157356591,0.17479531314527286,1
0.3392826085389292,-0.2001273756453047,-0.16096851576813326,1