0.07992936681720675,0.49300833351096684,-0.15831421457851896,1
0.020329585416964946,0.48519675335447215,-0.41308449514390766,1
-0.16199015000843175,0.34248427048601804,-0.23822007238174503,1
0.07292635947151726,0.30408909990102345,-0.10852032843780598,1
0.0932206415457475,0.1913649204386334,-0.03278365283594964,1
0.18421323441420956,0.1287507145348492,-0.2080941083411083,1
0.11704817681583313,0.1228214466383335,-0.24919433265514057,1
0.04733534815646001,0.13449918943317218,-0.27650023156783754,1
-0.015526551359008378,0.17147478158250573,-0.2922783119166131,1
-0.13801269335687108,0.11351284763705525,-0.1647751470096287,1
0.11131681197744458,0.34321490001993426,-0.3203331243127441,1
0.14801833821555643,0.3052198102969772,-0.30261787325316303,1
-0.011373510891159677,0.3678128514567658,-0.39175573108599415,1
-0.16821395197091038,0.23199507967879662,-0.2282344323974057,1
0.18550190846631775,0.256709099976435,-0.11837566901744711,1
-0.0061080260417230025,-0.44237491269173246,0.3344500598527502,1