-0.4841189521801581,-0.008522960643090105,0.012677272854303201,1
-0.24804707976456863,-0.10396196164229021,-0.2014197590793314,1
-0.21503092330422702,-0.048985522869648856,-0.04983426083342235,1
-0.2109071138578319,0.027841283973189412,0.07038948125236766,1
-0.2485035460115792,0.1366717234979209,0.19444615946427102,1
0.03887162764044805,0.28597989608332997,0.4650004391894932,1
0.024158904339517562,0.01256103116933327,0.06856366886953724,1
-0.02514512400475466,0.13159893221024546,0.193806296901068,1
-0.02600144082118383,-0.12037016874177153,-0.2241595054840112,1
0.041114682300050776,-0.2836520870157979,-0.46504941925867394,1
0.47367730604652225,-0.12295652091990084,-0.035648717761513016,1
0.4632494209060439,-0.02290825587338169,0.12576480873387041,1
0.2763452485102449,-0.04990980303430388,0.07645474152954568,1
0.2779590415418718,-0.08977450485245031,0.0152659948445093,1
-0.16192515302868704,-0.17156629415065594,0.10097338863185801,1