-0.1656908230792573,0.3422628442260569,-0.23946120055496034,1
0.012937127728843478,0.4878842031615762,-0.40766571870720014,1
0.08104108762849282,0.4990825250806875,-0.16620448029603008,1
0.09844536879426447,0.18085989562584986,-0.019888294102677118,1
0.0809771990561074,0.2978882976731412,-0.09810859052044277,1
0.13390405205622002,0.2479499171651891,-0.06048636787641745,1
0.15825671711385725,0.27482660585240093,-0.10929980820230542,1
0.1174849816828876,0.34616370667711244,-0.18092293926072525,1
0.15870783548363307,0.3226596706956553,-0.2917497377908667,1
0.10111776970681174,0.45580302054110056,-0.2428694592394243,1
0.1060390748470661,0.3607241482539605,-0.3191660467439844,1
-0.0066020800361448195,0.31326196497461156,-0.3793921725866425,1
-0.041499007164319535,0.16994345800671073,-0.28848642419239967,1
-0.19603552799678758,0.223984622009318,-0.21156517437561903,1
-0.17792328271506352,0.11197605786374343,-0.1407962278121404,1
0.051155574431790196,0.13452349399940822,-0.27690074838632234,1
0.12691260269522764,0.1337035253182972,-0.25400445138107086,1
0.19251819511583435,0.12669415381552707,-0.2023603412534311,1
0.08240719948536318,-0.16023895766807666,-0.013782138145014946,1
0.010307231686011498,0.015531617469823733,0.05935510322744815,1
0.03465661938434239,0.09674779288523838,-0.03599116293865845,1
0.019336343077399926,0.177479372554932,-0.1693138976964158,1
-0.0642817654773054,0.20112563908411651,-0.20591238673495182,1
0.1685170604923122,0.1423878126008491,-0.10129706759623458,1
0.11098168428733834,-0.0025001749823621022,0.040434797609513295,1
-0.10046530509199192,0.062002184005343075,0.025398433762668482,1