-0.49080663275572267,0.04364725956694748,-0.3517299519621542,1
0.03535501495199306,0.024386033809466134,-0.38907792417489073,1
0.29399314298667356,-0.03556769804826576,0.2595355947610397,1
0.24270720898460033,-0.036264034262669886,-0.21581896993398922,1
0.4971708848237784,-0.05944721236039971,-0.05615443700044842,1
-0.3455816504566138,0.07392507399071913,0.12516299285809573,1
-0.22177969715004142,0.039214940759693284,0.05089441565765673,1
-0.23841252812189517,0.0481465687378419,0.254972803870507,1
0.031875803275547426,-0.23855134236729103,0.37744766963854065,1
-0.1829626214723875,-0.11250646433598027,0.3803520950463095,1
-0.17053023152752833,0.12395068224323624,0.38361418109574036,1
0.03691698270985386,0.2367024233333629,0.381341978537763,1
0.23472268118307396,0.12408261090351846,0.37866477298824947,1
0.2420720739670762,-0.14404432587561045,0.3570265756170665,1
0.12678728206362522,-0.15357303831840913,-0.24312819780732758,1
-0.06806009311173666,-0.13958235755477144,-0.25768520082954494,1
-0.14536039402737178,0.0016336517235693293,-0.25816177161811305,1
0.15847345018537728,0.13856279099842972,-0.2273067078162534,1
-0.05132481174014836,0.16193356608064258,-0.2385936006139563,1