-0.4994663681326935,-0.08143961988724024,-0.0004017157363843671,1
-0.20889459475802608,-0.028956231788155762,0.05694943176759054,1
0.10787678753416541,-0.03382042116042694,0.42938108596055946,1
0.4196500842935871,-0.03728565661238692,0.17857586134502812,1
0.47248244221470337,-0.02967710491050335,0.17647723864370501,1
0.48935290587903424,0.09415668258996934,0.004732144343662981,1
0.3276099403416719,-0.029119467047620695,0.04954166057717657,1
0.34455677139976704,0.003099430814356152,0.008031314519624022,1
0.32848949427203067,-0.027234489865660905,-0.04853887443284233,1
0.2647561894177889,-0.028799456938402912,0.4260910792059768,1
0.154150594606416,-0.02844672603084042,0.05811590814700926,1
0.15290048371050757,-0.030557620372827388,-0.06275118085834783,1
0.2621598720718104,-0.025545721626867676,-0.42645219966946113,1
0.11551368818707147,-0.018769621065478526,-0.4248985324460964,1
-0.2041058682460899,-0.02216727376461214,-0.05109110185121846,1
0.4210620003561918,-0.028289587362450686,-0.1719978010857341,1
0.4805471757384372,-0.03285814090664996,-0.17286590905390653,1
0.4692920625240933,-0.029892863543848014,0.04208184729340336,1
0.469665758421945,-0.02993443480941016,-0.0413770974025342,1
0.09533496833524513,-0.014130416065008311,-0.002150137178805897,1
0.4897612996777889,-0.06679385717536679,-0.0075186263855870905,1