-0.48748554588711834,0.19076331544301217,-0.43932923435748195,1
-0.45123360274389035,0.2721453431577032,-0.449264999420283,1
-0.4971376727595762,0.1783827011256358,-0.31848966361069186,1
-0.45109489023055227,0.28426347084727754,-0.3174760891713332,1
-0.46041673531730465,0.22294782399118573,-0.14948643588473565,1
-0.22358698910651986,0.05435937488819498,0.45442979873212375,1
-0.17728980784577608,0.14048999515184057,0.4542146535369982,1
0.33362789591344777,-0.08479027687878471,0.45473392597013884,1
0.26174386133388283,-0.22507685548434297,0.4543528804506477,1
0.4473530036790405,-0.23024629854814815,0.18321116797075132,1
0.3667864396239964,-0.07507276333450097,0.3905977152603639,1
0.40550519511240934,-0.09182143447183311,0.19480465082310694,1
-0.1531917327443919,0.1444948824744059,0.3940048354017691,1
-0.13100186285705862,0.15242802943626543,0.22255637670058337,1
-0.08082368425717426,0.12652411688033016,0.06723960814350671,1
-0.1952733878483252,0.20010603540485183,-0.021228089400221917,1
-0.28369375699622235,0.0490742657591583,-0.02163415459272544,1
-0.20419880962062487,0.012604467745902515,0.22430112948039427,1
-0.22012322486948666,0.03427402950151315,0.3839142517894747,1
-0.16073763714630795,-0.02099084127957293,0.062426386510568616,1
0.14520017297473076,-0.200782058990169,0.08280198469792818,1
0.3161420490181901,-0.2812278951698657,0.19736716867137355,1
0.28144828062289795,-0.2685091244463371,0.3779766330514776,1
0.3255485018840458,-0.17666626451658768,-0.18443006221202363,1
0.2908172982242405,-0.14505993476963264,0.06807394172378345,1
0.34998612359371073,-0.17804894517705305,-0.14320736799295664,1
0.257578536409177,-0.010704093319981511,0.10246798653589106,1
0.24935422284894443,0.003886641713831296,0.07243993892333367,1
0.1334977906242909,-0.17771623948723986,0.054011470035953746,1
-0.3403317399806576,0.16965549060540186,-0.27008038966663683,1
-0.0763608761903185,0.034881886758771685,-0.24872156625239805,1