-0.2947295904159546,0.03181978687644005,0.32008999586105347,1
0.26829639077186584,0.03395485877990723,0.32131004333496094,1
0.2876390218734741,-0.3113763928413391,0.19291730225086212,1
-0.2801942825317383,-0.31334182620048523,0.19280947744846344,1
-0.26542794704437256,-0.14810587465763092,-0.22804094851016998,1
-0.2768927812576294,0.1993272602558136,-0.07341182976961136,1
0.2750450074672699,0.19657330214977264,-0.06475020200014114,1
0.2873254418373108,-0.15901094675064087,-0.19895467162132263,1
0.4855080842971802,0.3371323049068451,-0.0777532234787941,1
-0.488244891166687,0.33112406730651855,-0.07517000287771225,1
-0.4954186467808812,-0.26002007586176035,-0.31437265831392835,1
0.4864404036273582,-0.25992817031238147,-0.32037620450795856,1