0.18888294429421798,0.09846720225011002,-0.40465808467266795,1
-0.4424304205957532,0.15879847481938086,-0.3504845079705743,1
-0.36215047464577577,-0.07646283647614871,-0.4513923765618886,1
-0.030915538466682824,-0.14828798524968223,-0.4944611831091614,1
0.08619631724256449,0.34794709016513586,-0.2930125560368153,1
-0.23372083292238044,0.4033372912317109,-0.25251788832601574,1
-0.23570886902594923,0.055632897190586506,0.42982901211086766,1
0.07189354104049422,0.02787646598828694,0.4148856341000468,1
0.1446369687972182,-0.17001121038756603,0.34557874843205316,1
0.0015775718443659104,-0.3735635185358297,0.2235141351542672,1
-0.29395724046417493,-0.32113531060464146,0.26911848783454717,1
-0.34704253964317505,-0.13741601014029403,0.37715226757137366,1
0.4488532160442066,0.06179594049332637,-0.33423949292699007,1
-0.3709961570562552,-0.15183410856578128,0.4145203121143298,1
-0.2778948713135949,-0.3711747062614055,0.32017568900319615,1
0.04553156245776391,-0.3879207285184556,0.3018743177492125,1
0.06212964460512793,0.019302048590922216,0.47112853259928117,1
-0.08803308752942884,-0.1616307923442859,0.3729250325993191,1
0.23578841281081886,-0.13197870833354047,0.16607505682240206,1
0.3046193622428828,-0.0988786175896551,0.12251341692557456,1
0.23120529365334241,0.0846439266379817,-0.37950109793761566,1
-0.23498789348351512,0.04452936516214212,0.4889131436287476,1
0.18094329037976153,-0.17551810228673737,0.3781416012884932,1