-0.0024995604513844416,0.22408938095834313,-0.4999999003022222,1
0.007322916268254431,0.23471833220811453,-0.24113533879192894,1
0.0042059899580537685,0.305429960320039,-0.16838212110758866,1
0.32447468734122165,-0.00437021879009053,-0.16666297718243883,1
0.233463971624722,-0.010182528068777508,-0.22467989872272853,1
0.23332048486331214,-0.010289138056784886,-0.49999991601303684,1
0.46812936266084315,-0.013257720196580891,-0.16349078696351516,1
0.026083911275972593,0.4602124743519287,-0.16667310881267827,1
0.01831102842822485,0.4691147685166328,0.48722457260518537,1
0.466099566342455,-0.011081370032009374,0.4891758811184621,1
0.10341711537105347,0.37784853966261545,0.3783761831025828,1
0.09963720977624158,0.3768096927061233,-0.03801494667006544,1
0.38226285172962693,0.07564698191757113,-0.04227491231594227,1
0.3754610977369186,0.07570249603799262,0.370671232603744,1
0.09235240122327859,0.3140104202558338,0.0032632071510474425,1
0.00827854034049258,0.23560935378234138,0.01109305831094054,1
0.32183929999134553,0.07222906446645139,0.0017991982574705467,1
0.23154578649806287,-0.003922031330348963,0.010485020554012126,1
0.33343571843796393,0.07482996719273993,0.3204924249217158,1
0.23396778479527852,-0.006518971824822639,0.33178196269807864,1
0.010403727578888189,0.23322504475626982,0.32707847999543394,1
0.09478359319189167,0.3162767680573957,0.3275395478312617,1
-0.01586770663389292,-0.22736715806274566,-0.4875593165573805,1
-0.2326793486028773,0.00513563715091736,-0.49945190613545076,1
-0.23105283476628147,0.0033914366151350517,-0.242090277060808,1
-0.31408297040688327,0.010628940714654311,-0.16667301229936315,1
-0.4571269371416107,0.012660443740108662,-0.16667305900801477,1
-0.006260728412347705,-0.2337294345516442,-0.22782695658175234,1
-0.0077983266909921745,-0.3004409582873317,-0.17447142195903376,1
-0.016284985673811647,-0.46989325813046334,-0.16666293635068996,1
-0.006659784873343622,-0.4609247292049088,0.4999998576445752,1
-0.4598649159865449,0.004395232053329368,0.48889467976287726,1