-0.1938091218471527,0.04663361608982086,0.4931177496910095,1
0.20023788511753082,0.06919879466295242,0.4919590950012207,1
0.2120749056339264,-0.32566335797309875,0.3225139379501343,1
-0.20874884724617004,-0.33665594458580017,0.3209642469882965,1
-0.20150066912174225,-0.17189861834049225,-0.036221764981746674,1
0.1959981471300125,-0.16488182544708252,-0.04729347676038742,1
0.2752242982387543,0.27360591292381287,0.05764837935566902,1
-0.2754111886024475,0.28134822845458984,0.05512721464037895,1
-0.2014265207671153,-0.23436341584679754,-0.12702026282193768,1
0.205880448676532,-0.2344388634993062,-0.12610151583476537,1
-0.2522238447336371,-0.022833557749924627,-0.3267288123190213,1
0.2542476800065663,-0.0317205288793998,-0.314360337298746,1
0.25590807006077587,0.003174039640973625,-0.4565392800094674,1
-0.24530782129159628,-0.0036645780417776663,-0.46743687574013343,1
-0.17590608989259682,-0.10291323364437988,-0.3139664408552796,1
0.18123783580428776,-0.09500820344878402,-0.3091584515041326,1
-0.19693820051275937,-0.11784207615194398,-0.12014401349922657,1
0.2081175929610471,-0.11492562310257537,-0.10569374501450984,1
-0.004274569415975184,-0.17540331980610377,-0.10539297234203915,1
-0.0002934131796720821,-0.113932869894735,-0.4976475071431833,1
-0.005908366562623016,-0.1388060182088323,-0.3383887307533137,1
0.10304558806527497,0.3483444565307209,0.06121816366750554,1
-0.10726114609083348,0.34776018997807767,0.057547708281783905,1
0.24368950942741585,0.23781381586459105,0.01493044883791228,1
-0.2408363547341963,0.22588966189000326,0.013755928706493337,1
-0.19755595193070885,0.2639457536079979,0.09716680603551087,1
0.1997345505025958,0.3111240173113057,0.08067824294277504,1