-0.09078455087236748,0.13507800292418182,0.4995643155447653,1
-0.0499041349426812,0.12550704521669775,0.4990225797450525,1
-0.046575215848430496,0.16954369676192016,0.4999452513780078,1
-0.16565768495245203,-0.020450787000950932,0.4995713582123191,1
-0.12762458795195314,0.0003664386001349107,0.49744673335750295,1
-0.1619324476412214,0.03684149374374357,0.49807531616194034,1
0.24207742254983788,-0.22736739912979154,0.499618542447138,1
0.27080496068102167,-0.25954112598929324,0.49620772057612095,1
0.23059304946616455,-0.2802689903744895,0.49995133252160706,1
0.31589353332203274,-0.09989599891228274,0.49932341987422757,1
0.36147121707221164,-0.11698647617136704,0.49909706292016565,1
0.3640354047182601,-0.06751632501807592,0.49986929542098135,1
0.40414737990304417,-0.17274024940089472,0.4972926281069536,1
0.3454027436176994,-0.27154400509025045,0.4970508761811839,1
-0.05371209184418668,-0.012958351329302786,0.49708211003530955,1
-0.002814871795417062,0.06579695240744776,0.4966649776981177,1
-0.10813177734184798,-0.0053530696482756435,0.4606777330960503,1
-0.030252096989159316,0.1130945311539382,0.45662176425341966,1
-0.0299247780567507,0.05512213696536922,0.2184659973841213,1
-0.03327856861101891,0.051702439841144476,0.26793936265637874,1
-0.0524930166034524,0.014249584197237208,0.2768494977976266,1
-0.058608536580966264,0.0040823707818175015,0.22909119325650182,1
-0.07090091026314836,0.12694474167362035,-0.023764267454962712,1
-0.1448829579428612,0.01920178608753076,-0.031574973771365866,1
0.44122089404535836,-0.23130512120726454,0.21087307304000064,1
0.4138948878576857,-0.27575755400402197,0.2100540062900173,1
0.3666634561521109,-0.21023321512203097,-0.20401247842299858,1
0.3851020842387154,-0.22381846043778708,-0.004742592598412032,1
0.011771451730572036,0.09305254166445232,-0.007622198447115286,1
0.24269637285020806,-0.07827731680978989,-0.08451898423598225,1
0.2317583842048596,0.01019416073537327,-0.19414094873214172,1
0.19926770254190845,-0.16822743439304289,-0.09317903646184358,1
0.10078342556778175,-0.19803375886557673,-0.20744575964725792,1
-0.2501185701249553,0.09092628307869854,-0.4823379762557289,1
-0.18268743179425329,0.20578938202345132,-0.489255617175945,1
-0.27152871034806103,0.13801241676520198,-0.48354862285162314,1
-0.23452933313460533,0.20260186688889328,-0.4832674243481628,1
-0.41906164771617727,0.269095750239321,-0.45428315725681934,1
-0.35552339897515384,0.18475332615685414,-0.47186459701077865,1
-0.38077303517473116,0.2854169187230191,-0.412031350000424,1
-0.41589948998399384,0.23184991092198715,-0.4086072253079296,1
-0.43324458503133556,0.2822586408680072,-0.3944679146915604,1
-0.3288562971319253,0.21762571116485452,-0.3917125641529342,1
-0.07234810659561108,0.05731148957575066,-0.0017145775516169692,1
-0.08154385001005232,0.06405565006797043,-0.34667610097051665,1
0.13930851395622823,-0.06815916104180486,-0.4383044359660432,1
-0.06255687329112897,-0.03294951087223508,-0.01003206643826604,1
0.29930782402149836,-0.2547062691850024,0.44839420177749845,1
0.3674970817344456,-0.1442769790540246,0.4475958765270922,1
-0.3168926330201587,0.1503275450579764,-0.3968891198958582,1
-0.26617317177699973,0.23856071128554002,-0.3980741869922124,1
-0.31345595459707054,0.2523903968474466,-0.4763401490403636,1