-0.058727233160000836,0.02632222509751081,0.4835075865399805,1
0.3258933830613664,-0.14096542424693204,0.4352055166724842,1
0.46981520952029676,-0.22354385995410508,-0.08018654445422824,1
0.18817583986396746,-0.13146102828067718,-0.48823817962231386,1
0.1280492894386629,0.1306451325654283,-0.38980186193404776,1
-0.29258275537118283,-0.14452034296324556,-0.4049093034037261,1
-0.4744520417392708,-0.06150907319791343,0.05031315820574356,1
-0.3429055557555203,0.32280825976640304,0.12709579099901336,1
-0.011318089103875155,-0.019626905893389612,0.06199168771899601,1
0.09554970632066973,-0.16177737380745955,-0.0779353904544397,1
0.08052393169579641,-0.08375111788895806,-0.16626835802821782,1
0.01906232317392864,-0.03163361296590117,-0.16849852364756157,1
-0.05112998859188722,-0.13480674194193945,-0.11191833408284221,1
-0.052668348531931586,-0.07359519051907115,-0.03111287732683804,1
0.023387479908978825,-0.13216503268931112,0.10286611845166446,1
0.08819663327725294,-0.16860844392612312,0.03297999758507192,1
0.08314634463565918,0.011622479849223932,0.06799496084536549,1