-0.36884064703664254,0.05619501145939365,0.16702652624427672,1
-0.36956152423344957,-0.0560802926025783,0.1636799293943444,1
-0.3134275570800238,-0.040730463547021145,0.16502571394333887,1
-0.30617406316932705,0.04218095448050052,0.1619384666617829,1
-0.3880106479514307,0.11179675963371771,0.32309801679107863,1
-0.39139966098352064,-0.10317581241874851,0.32218025877278184,1
0.10333178931132991,-0.09752445608785187,0.31607026841478547,1
0.10179999358094438,0.10064549001279044,0.3176686014323328,1
0.30630785584945186,0.1289537929863065,-0.2601836946289876,1
0.3086660315869816,-0.1315063498930238,-0.2595612682465469,1
0.38189642388353384,-0.08561383617540397,-0.3097322383665022,1
0.3912649510719374,0.08705615222222307,-0.31379410697383486,1
0.1729815778194892,0.033046451427386714,0.10821160237746574,1
0.17527743026559417,-0.03707025648520901,0.10229901042031764,1
0.40304611841000826,0.04651708979449698,-0.2547771206356271,1
0.4027179884174607,-0.044388809124732254,-0.2579441608090326,1
0.4978296182614036,-0.0026817157561792038,-0.1612923316592239,1
0.1583319651530164,0.09144220444184725,0.008190482292729007,1
-0.31547736375638524,0.09717763395236845,0.05420833964691618,1
-0.45252143143879664,0.09266083856576812,0.12978256578511704,1
-0.4474886427618774,-0.09492318055817184,0.12827783936846004,1
0.02417422133427887,-0.0922549803939343,0.06640778638485995,1
0.08411929153546183,0.09216864444883899,0.2302799291329396,1
-0.3998513777789965,0.10089829019525132,0.26085042090269456,1
-0.4019722090101635,-0.10063644913037684,0.2571133193534645,1
0.0943857636298544,-0.08566615188024684,0.2286358902331611,1
0.025294772913508234,0.10727260722484924,0.036048722410533585,1
0.048347519656368965,0.006530912625197227,-0.23052432684058966,1
-0.3021978262273757,-0.09324153227645304,0.056949725968733045,1
-0.46663695689208984,0.0014202037171114623,-0.2419917032613581,1
-0.45490665127147056,-0.07128889683145534,0.032924661598131344,1
-0.4661281035046885,0.06420974374176691,0.050813251231938805,1