-0.043819373111387505,0.2653790506519713,0.05183206542661062,1
0.06347804227802323,0.20317951144587276,0.06277770191723892,1
0.04900057337269147,0.28431939493865416,0.050069161538522935,1
0.01889995748421449,0.29475274692920655,0.04183005195119585,1
0.04187837117656745,0.31290458514703556,0.05932588842742059,1
0.09671588410081289,0.2846589096065139,-0.04439005767574139,1
0.155395411863952,0.24794131357831528,-0.042851402455812426,1
0.011961853398247069,0.32714576686182856,-0.054583151169126654,1
-0.047097577329632934,0.35139769273574417,-0.06179401761854331,1
0.07061624413378609,0.35022751978150723,-0.05301932061854897,1
-0.19105399941108014,0.16871638989313653,-0.14206673877763454,1
-0.1751587683556151,0.17465292210475658,-0.06313187017926003,1
-0.181303635438249,0.21854766469597248,-0.15246180179341876,1
-0.21284647761259867,0.21804835074939355,-0.20135810265616083,1
-0.24192910051444128,0.17054395319464843,-0.18239039045482497,1
0.13199074683041634,0.034386406462260766,-0.11936746267899068,1
0.12622445178099279,0.05294043268139248,-0.047710463274263426,1
0.1637022720174851,0.057691510676734836,-0.13790493465969278,1
0.16055421642302437,-0.016926328423661374,-0.15108584139219228,1
0.1854336470693485,0.024299520442256917,-0.16880259434555678,1
-0.009173017844381848,0.19961485255496847,0.12876513415887308,1
-0.08164776564583864,0.31920863054990356,0.01563431921647762,1
0.13774164207671347,0.21474512250444633,0.04481825742139345,1
0.18670462972841673,0.1275961663079297,0.34921377445162083,1
-0.3102673648334653,-0.21616873534562853,0.350249052715335,1
0.30555554538232477,-0.04955794289857318,0.30350915642266985,1
-0.20758042138242272,-0.38831045359142724,0.25277330090360817,1
-0.1458556537938186,0.14249314482214626,0.048166215395137824,1
0.07808532182566301,0.038674881345547,0.03815443562510676,1
0.04746873777828259,0.40283877378039873,-0.3524423882695038,1
0.16474174660212298,0.338056847342021,-0.3531917691345985,1
0.08896614354125698,0.40493906046078193,-0.29047426564509277,1
0.051611365876037485,0.41722361291693355,-0.3036263916129559,1
0.14602367982727976,0.37667042801421885,-0.30232601616399113,1
0.17289186147322966,0.3522800472268552,-0.2947748796709331,1
0.11886338866105406,0.33869821143069545,-0.38156066386809545,1
0.07512967107097246,0.3604685711123693,-0.3864273134760775,1
0.10977959544444466,0.4111549038883477,-0.21493290537901077,1
0.09290001941013565,0.3554566198282398,-0.3483656444011849,1
-0.17083789849986708,0.3108007994755164,-0.3085439823559204,1
-0.18999228280469893,0.2942698346826882,-0.23192595903149593,1
0.24130111173836155,0.10683474845612717,-0.27435192458588575,1
0.23187345951745753,0.08938945779282292,-0.21004690847682805,1
-0.15876500409166816,-0.10481904065030245,-0.1360996669094725,1
-0.2032949322619808,-0.1542146993747271,-0.15986932838250567,1
-0.09658115645640386,-0.16902407556611987,-0.19161558513369958,1
-0.07468731753624791,-0.1834947762369848,-0.2750102730605329,1
-0.162024834638411,-0.17446097265095728,-0.2922876283536303,1
-0.2315571530017566,-0.11088143054924182,-0.20138367977616567,1