-0.4390612840652466,-0.467529833316803,-0.19966720044612885,1
0.42698991298675537,-0.46834325790405273,-0.20410923659801483,1
-0.4676333086990381,-0.21409262265185958,-0.30986236519895183,1
0.45841584040882744,-0.18918965879573824,-0.3066258073126704,1
-0.4257621480619844,0.45013410178768676,0.08241205655951919,1
-0.03246544290828579,0.480300643160809,0.11324265434536396,1
0.03437611487175607,0.48026308953797237,0.11032974126412617,1
0.027979466106928808,0.430390882081102,0.16702135533651175,1
-0.030963674735312363,0.4251201544923042,0.17323655970397178,1
-0.11826134493734886,0.3216740705144645,0.29833447756810827,1
-0.3337342998087096,0.3182418973074248,0.29578813682058636,1
0.11731948255796665,0.31247256421654646,0.300857632098918,1
0.34423640642943365,0.32015214464921815,0.2869637268383336,1
0.4250475742254878,0.44154787470624235,0.09386778791577433,1