0.07860967652380296,0.41327880446178555,0.03350601027372266,1
0.18652147191757557,0.3842803281035747,0.032404140270863746,1
-0.024477043128963594,0.421810457633334,0.012729894573033834,1
-0.16150187628477075,0.3729638807423902,0.023021848824775204,1
0.13512437011617856,0.43992828893266767,-0.049461485558136786,1
-0.08376622854230009,0.4450247052434322,-0.06474252862530128,1
0.032027377088803655,0.4747223912645093,-0.02136148832130963,1
0.019352318030690555,0.48595960550002953,0.16116387514101477,1
0.04575389348606562,0.45448541931298236,0.18567314171493532,1
-0.015753875419833786,0.4452898351275578,0.18204684543626842,1
0.08139342721885945,0.4096203773504745,0.2605907270029689,1
-0.04998108114922939,0.4085684119930684,0.24844255942913226,1
0.012501992040418686,0.43023558800058315,0.2973651106117577,1
0.017861056849756418,0.45328807440612484,0.2310504096901671,1
-0.07308083734767284,0.3315256231615793,0.38297982894343185,1
-0.06212613858427407,0.3936190993658073,0.2929180543469503,1
-0.19799639099571398,0.07680953840465166,0.24697606836827024,1
-0.2518370042054153,0.02421054231520188,0.16504033729406248,1
-0.22084502400843553,0.12254500442098315,0.17365245265236579,1
0.24309593913127506,0.10408661453427315,0.1616064923206284,1
0.2634464802763149,0.03518344760278591,0.15139563213219098,1
0.2251569582427237,0.07764496579361824,0.228509125289738,1
0.14945813152698972,0.2456910311190369,0.36018122008382447,1
-0.1744941951626766,0.10321584735634293,0.2839849316251799,1
0.20218024797822665,0.14366892769128548,0.2703390571434192,1
0.014282194867953318,0.40899390567812527,0.38307692314540265,1