-0.20568646490573883,0.05291024222970009,0.4837755560874939,1
-0.19309121370315552,-0.23196525871753693,0.4052121341228485,1
0.168522909283638,-0.21824143826961517,0.42303305864334106,1
0.17434075474739075,0.05855593457818031,0.4988551139831543,1
-0.1840943362671739,-0.1381663599842023,0.06422822516439819,1
0.16630944834523048,-0.10514657659510929,0.07597570198737968,1
0.17263803918943002,0.15573294061269366,0.14241812661819808,1
-0.20144704409468855,0.15046254890904553,0.1326333991987998,1
0.1977367290347863,0.22645845609536466,0.09792314727464402,1
-0.19832664687056845,0.22344592607133662,0.09737244595660893,1
-0.18870000745657345,-0.11984560202022962,-0.016389972122621055,1
-0.0902135173349925,-0.11133168969103505,-0.021232062286249853,1
-0.00265441957433854,-0.11128666750964805,-0.021534538899552924,1
0.08152583200615271,-0.1077049695541697,-0.016972814629598876,1
0.18139308244021013,-0.09309314212077413,-0.02094174663317183,1
0.18362363671972926,-0.03851103846391357,-0.29575769267467455,1
-0.2282368751468109,-0.06389729537566957,-0.3463703763704684,1
0.21022515313951584,-0.026187516555571944,-0.331544650277992,1
0.21261851179339075,-0.023207903524244067,-0.4477723041249291,1
-0.20993506259084782,-0.048612080313830575,-0.47416651972232593,1
0.007779636814835789,-0.04752743877398036,-0.29495075431267415,1
0.09492227802606398,-0.0447603371990567,-0.2882674524264146,1
-0.07927980667037582,-0.047535008093761266,-0.30399532037877697,1
-0.17683327175711863,-0.0619101852616174,-0.3090780583610695,1
0.22873363514825534,-0.17916431139273628,0.03310117748767316,1
-0.21474682524680233,-0.19092537922876723,0.016828820486560203,1