-0.10055431284651842,0.37453899883202135,0.01961566621300491,1
-0.10608228595212374,0.29386712701610834,0.03660144772927973,1
-0.00979089363889174,0.25766630649607447,-0.10515965671946736,1
0.09101032211956905,0.25653614574682004,-0.11382818711227596,1
-0.13597142871341228,0.23329471336394392,-0.10227937997345848,1
-0.21024903642497939,0.20249028520851242,-0.09475177118625103,1
-0.09468981396426002,0.31052031651974277,-0.15249117270867832,1
-0.06078120823909927,0.313106861272862,0.23179470348348424,1
-0.2115934404460954,-0.05542056009895857,0.08167054730356393,1
-0.24937803047940377,-0.14470523232645682,-0.09436938715039433,1
-0.2413520996416147,-0.18071051935948357,0.00528173449903746,1
-0.2300241066150111,-0.06326050165125474,-0.019323966617837585,1
0.24527852104696324,0.08092196265110019,0.04180458376854655,1
0.2955548587575061,0.029550190308139435,-0.15013988824901928,1
0.33822468812633666,0.00602769612288423,-0.04483685097057588,1
0.24307852246277084,0.06954948308064623,-0.0567168062309794,1
-0.005435898790853599,0.30503467600989426,0.10462443731578563,1
-0.12828303684327835,0.26640268308691795,0.1138499017873631,1
-0.07881469815472997,0.3314361549066698,0.0886948223318118,1
-0.04476632156323762,0.31619411322105084,0.02435827694541387,1
-0.17137553380476267,0.0072033214353171005,0.20253168038873026,1
0.19761318887563356,0.11655378957922147,0.14585738767020517,1
-0.06935029615807675,0.30962628462293607,0.1438276509906813,1
-0.2106886915552142,0.2589020124461645,-0.17896216514254792,1
0.006812518107495752,0.3187057613086908,-0.19742147746922256,1