0.07585851090003115,0.2620762548692491,0.49069662889278337,1
-0.12212477573196301,0.339633081487189,0.4668057861706085,1
-0.28219665222887946,0.29170015145478645,0.37308578551027455,1
-0.42019697230395114,0.17616623686753685,0.1740977432486105,1
0.0742389314214782,0.22098821645886857,0.39877722020956075,1
0.07143223194196446,0.15726354707110612,0.3010281887008233,1
-0.09417002561287213,0.26919928087034417,0.3836098480538161,1
-0.0734013591167697,0.19041008728117587,0.2668087463363139,1
-0.16467987156052655,0.15414023684546801,0.19676470464481127,1
-0.2236852679551431,0.2158037000583768,0.290480229876937,1
-0.3398678255704235,0.12847533671942146,0.13126539100960136,1
-0.2668507341960526,0.08750134757658148,0.08753583204195686,1
0.27828603988242584,-0.09311031339488096,0.01365300703216521,1
0.4011986483270157,-0.03344570654463719,0.22173896160902307,1
0.3212537174238803,-0.06928636751628581,0.13824952454649164,1
-0.0708372198323386,-0.17473198306108118,-0.18185555782414253,1
0.12655151951997068,-0.21205173616643647,-0.09621219487729538,1
0.011735163468770238,-0.1939606809651935,-0.13842161821847648,1
0.028106449760388896,-0.055059642078811644,0.12540203437620423,1
-0.01743028661444246,-0.12916979356290276,-0.05053543317026021,1
-0.18873451055199164,0.03450633050272209,0.1471625408750602,1
-0.10253430806968189,0.07531815537492809,0.21076380653675764,1
0.013213930806254215,0.06750591055112568,0.2412339683389093,1