-0.0071816673518111385,0.1478268155648969,-0.24060611826405714,1
0.0019040541213071749,0.062061154570788424,0.21381403048842726,1
-0.18837526706411922,0.06071324886787324,0.005768066182209763,1
0.18819983232960913,0.05535912828541201,0.004536350925640753,1
-0.010513046204983445,-0.08063622615518831,0.24044808151400232,1
-0.20637639342903236,-0.058086513695991826,-0.009395309886780945,1
0.1965362282373407,-0.05741738315901501,-0.021496927146426703,1
0.4280722496813864,0.028895232083125055,-0.1512145737066719,1
0.2417188726229299,0.04585053276351081,0.49080394259141596,1
-0.2572716602416856,0.06763220492723554,0.4862157832072418,1
-0.4343598294689125,0.004935997923849578,-0.1473850114787863,1
-0.14976693659261253,-0.021146910056828117,-0.4889280676462917,1
0.12374647740513067,-0.028404214115953286,-0.49383890874830483,1
0.03475314935386345,-0.038031333089322494,-0.4788447996195844,1
-0.07205891077772622,-0.033246199469561574,-0.48673272786775884,1
-0.18216366656011518,-0.013384295666151624,-0.4090032028893327,1
0.1660216824775098,-0.009727921367160164,-0.40070259640186023,1