-0.4341533998406357,-0.017923056428733375,-0.2884416991399368,1
-0.49010034376138867,0.1740854307324451,-0.1545341266282243,1
-0.22296843697906166,0.138160611550866,0.23225860653711772,1
-0.03110452581450307,0.1681565904708675,0.25232767964728,1
0.1666892313010604,0.2196467565269553,0.28976733201501137,1
0.26678672517554247,-0.21512449807121303,-0.0024668191512937643,1
0.10051681387376421,-0.22324736294050496,-0.021863283044992743,1
-0.07365176628566061,-0.2802516196768634,-0.04838976673566897,1
-0.1474938883972925,-0.006524061166095496,0.017054203990138683,1
0.219448290144443,0.07546786062464528,0.06444476126093912,1
0.4972502753302068,0.16118719293693484,0.0662994709675615,1
0.31044841219941244,-0.09373056147404979,-0.08625673656870969,1
0.10475755413145649,-0.1413766166149375,-0.15588538694355747,1
-0.0796746705719662,-0.1652494934375841,-0.12063499485704354,1
-0.18668373509627723,0.20695400507320694,0.07347660759024807,1
-0.025857148650725525,0.26130994234294713,0.12229135788578055,1
0.17651038325302326,0.29237215588377485,0.15882831507210549,1
-0.08607701035824894,0.1378398929744462,0.008389193219003332,1
0.013694109812678601,0.1635517787045324,0.031234237174733614,1
0.10932896073292842,0.16972977373426712,0.05432051131750093,1
0.1977751992958403,0.009229303218551088,-0.058122934194086096,1
0.06098241055493647,-0.02362971927730184,-0.0967100375008847,1
-0.07085645446145816,-0.03595877639254408,-0.04670111223043216,1
0.12257571179823018,0.02241726294940799,0.014259534700450646,1
0.030283936120766825,-0.016319298742777544,-0.015267601915470441,1
-0.06459121728080094,-0.019502344918409298,-0.023427024154459908,1
-0.07191483056803791,0.06549884065323802,0.037313871054156234,1
0.024029547530417028,0.09072166810771176,0.04093143220599471,1
0.096645780509519,0.08724855460834835,0.06307709705678355,1
-0.30474091803700265,-0.023466372939673796,-0.08593193592368886,1
-0.31476059076534746,0.03652273475567114,-0.03790172508341083,1