-0.14106331765651703,0.12234098464250565,0.1243252381682396,1
-0.22397536039352417,0.04975103586912155,0.09176626801490784,1
-0.1532599925994873,0.04098453372716904,0.12347922474145889,1
-0.13260619342327118,-0.06716980785131454,0.12458983808755875,1
-0.21376052498817444,-0.09662353247404099,0.09681928902864456,1
0.010136157274246216,-0.01630823127925396,0.15399473905563354,1
-0.017627989873290062,0.059808146208524704,0.15609201788902283,1
-0.07760059833526611,0.0333295539021492,0.135196715593338,1
0.005470355041325092,0.057603687047958374,0.12948977947235107,1
0.03578010946512222,0.011145755648612976,0.12414742261171341,1
-0.06755022704601288,-0.02650613710284233,0.13475091755390167,1
0.16140532493591309,0.08306597918272018,0.12903913855552673,1
0.11172408610582352,0.06571418046951294,0.11429266631603241,1
0.19301071763038635,0.09515246748924255,0.08271969109773636,1
-0.020126428898635196,0.02615155221368437,-0.1343551954031598,1
0.08818533987003807,0.05349064789583269,-0.12432323693983725,1
0.07374744258458721,0.05173780211615986,-0.16010803397074772,1
0.48598583468005874,0.14524721978574062,-0.1383366756317752,1
0.49458203983549165,0.14256713474326377,0.1223368958432074,1
0.44915392127066234,0.14810357748057967,-0.008976351376985825,1
-0.06957597116555325,-0.1440543124755656,0.12379165966187008,1
-0.49984159033366643,-0.0368659880634119,0.0029879955317193563,1