-0.07462943345308304,-0.056499313563108444,0.4907538890838623,1
0.10391948372125626,-0.060231178998947144,0.49102646112442017,1
0.13822272419929504,0.07207285612821579,0.4840437173843384,1
-0.08140024542808533,0.08367113769054413,0.48322033882141113,1
0.2669311463832855,0.010080976411700249,0.02297075279057026,1
-0.23526397347450256,-0.00936887226998806,0.03839614987373352,1
0.010523620061576366,-0.0079960310831666,-0.004372607450932264,1
-0.05122743047859657,-0.004563265259375782,0.18991609172430995,1
0.07475892299708697,0.005878054745534822,0.1846464271157175,1
0.1180868230451318,-0.018182606191466055,-0.32237016007890373,1
-0.07613899730495943,-0.02645880866678363,-0.3216987015729175,1
-0.14731034996266734,-0.005994297134535476,-0.1526114467280666,1
0.19117942725393136,0.0016742923619023076,-0.16367523128882094,1
-0.0008797133348001918,0.04310063439901235,-0.4305424662924656,1
0.021290560178135243,0.02521017560753913,-0.44889204779825753,1
-0.011968960712392507,0.023590624168496444,-0.4466199519276969,1
0.000017779809668772018,0.034704302856576774,-0.3909803460478102,1
-0.03701659077472863,-0.03283839916213571,-0.42239965878579655,1
-0.030288150829052965,0.049141022219609726,-0.23295750017072162,1
0.07592303187525956,0.04581996388489768,-0.23354530344010482,1
0.06809146488629172,-0.05689871254446604,0.007577907013879198,1
-0.037443906866820635,-0.07377731438753835,0.012424716236208333,1
0.057551437246553316,-0.07811591505032345,-0.25762804508802484,1
-0.0034138098244953508,-0.08373431497032915,-0.2549482662101141,1
0.04051564779893191,-0.01916522589696834,-0.4243084611783147,1
0.12240500285698053,-0.04166101446482229,0.4056706617129019,1
-0.09316228721250064,-0.031176730974782352,0.41535211155028673,1