-0.004921586836478031,0.238496992302498,0.0681110817662991,1
0.08813293071865291,0.2145123885139939,0.0812495971081395,1
0.06228347854250596,0.10546476792885788,-0.25225835993954104,1
-0.011195247895210647,0.11740774243080576,-0.2609312984924238,1
0.054635046245596064,0.025918767592320924,-0.24475441644680623,1
-0.021467192700385884,0.04454120381615012,-0.25437882244713017,1
-0.0497061201990352,-0.005247061517645424,-0.2586341890216874,1
-0.05888735651068122,-0.07392467685085568,-0.24573968331817686,1
0.06607629018832495,-0.07356800308148337,-0.23773623827661383,1
0.06569725454565944,-0.007379959082529086,-0.25367390987309834,1
-0.040147142763714706,-0.10759458444219083,-0.22111953290342323,1
0.03722634075809958,-0.10741463872442636,-0.2143543168198363,1
-0.04397919656978155,-0.20741137931559894,-0.1965937792078294,1
-0.0032011583505804353,-0.2123299985817929,-0.18339259922104256,1
0.003456681077321999,-0.1915713574185549,0.1268372814924481,1
-0.06817393772302127,-0.18983161544786287,0.13150347066824774,1
0.105122733219709,-0.08089306552047537,-0.2433949590879445,1
0.11671398053976511,-0.016833807141003354,-0.25916276748385286,1
0.2092059197729237,-0.06539601094833647,-0.17932367343627575,1
0.20246729922982487,-0.015597454439621128,-0.19769077632336968,1
0.19911392479908704,-0.03217380972544359,0.12463986843342073,1
0.2000852056961142,0.03500321781524329,0.11435050278535175,1
-0.09984093245715986,-0.06893046773700528,-0.2623238657399849,1
-0.10130404359207295,-0.0035436527113179572,-0.26576271261323025,1
-0.18978280302052186,-0.05170988675173316,-0.21240826159121884,1
-0.17822282326552355,0.004825780888783132,-0.22886647180268416,1
-0.21083924934159603,0.0746971234734981,0.0866408888671315,1
-0.21834236493095194,-0.010543068693670276,0.09145270123490684,1
-0.001806525044855345,-0.06825088609254548,-0.4590685178416431,1
0.00004137458173270048,-0.04642530672295858,-0.49740345959431553,1
-0.00831441827105417,-0.11860692034023822,-0.4751112422971381,1
-0.10952618181193813,-0.015221320627252343,-0.3941835542352965,1
-0.11026444704747451,-0.09453411366417508,-0.3899952883429919,1
0.11599017215762142,-0.028024666993620106,-0.3929384454470023,1
0.12040928909209397,-0.10626039463060355,-0.36664713288066547,1
0.15899405399521527,0.08474753604335294,0.04341498940536592,1
0.10842659531565357,0.13828609154693383,0.02473803794269691,1
0.18246806509861924,0.1334661801999738,-0.03520626936091653,1
-0.12333499763958633,0.20158211276740756,-0.05357784365521434,1
-0.1998302319605245,0.125507505818008,-0.03605429733112828,1
-0.06506731490731743,0.16116186472723312,0.019754386327175632,1
-0.14920101931727392,0.07308009476818566,0.025907098643135562,1
-0.19301412497889275,0.1855805781627788,-0.010335337356125573,1
-0.12566473957267865,0.12972829615624087,-0.08306224446885946,1
-0.14788019019732804,-0.08195920598224565,0.04671991600712766,1
-0.0999745124570105,-0.13125463673156781,0.05490541013540129,1
-0.16764588045694884,-0.15361775280163342,0.0023299799246991603,1
0.09196697839712117,-0.14117955553158937,0.07934489855619434,1
0.14438346854378414,-0.0777681336327623,0.07221154637065388,1
0.16666795853249194,-0.1629980670762906,0.03807731517664881,1
0.03435660571923466,0.06286959203668435,-0.050963015027736924,1
0.02005362708316178,-0.07758402314855123,-0.03581384426950496,1
-0.15236382423722436,0.08596522863404288,0.4445583078480911,1
-0.06920204008346264,-0.046769204441018175,0.47006310293823006,1
0.10662683269947187,0.08303885790184795,0.45344946214366594,1
0.011512439569511201,0.2026766633398115,0.43262731459175896,1