-0.4641539745866987,0.0089943444026509,-0.16110897585401684,1
0.013667471844322154,0.4685114168761357,-0.15950733875608702,1
0.024762647866546305,0.4621961680129485,0.4962965785629698,1
-0.46823714221420376,0.019128876867701427,0.49352943935708443,1
-0.014493278722257585,-0.4678925330171709,-0.1666630265124489,1
-0.016896570950230227,-0.4706313154293156,0.4999445009848422,1
0.46845233115923834,-0.018928223756562667,-0.1611781905546419,1
0.4687518158054007,-0.01476577918045538,0.49999992496946355,1
0.23715577742198546,-0.0008682736462334029,-0.00000498621706024327,1
0.31687279040817884,0.06759792273453058,0.004974254687431512,1
0.3865314909366146,0.07297690902533887,-0.03614438499345046,1
0.388362478001286,0.07228195441100604,0.3823571401113717,1
0.3157945700708107,0.07602974991488986,0.3333211383682728,1
0.2362341072446818,-0.007315424414020111,0.33332110177847407,1
0.014240791070300976,0.22911024719067535,0.31922232917861803,1
0.08245621259093486,0.3047818752325354,0.32371406372101363,1
0.0996517951575413,0.37733717367808556,0.3670900208312051,1
0.09966666183063855,0.3776681974752887,-0.039963521956680514,1
0.10531871949057092,0.31352145859736535,-0.0019647891646716875,1
0.011659006830629703,0.23187872832783318,0.011533345724933585,1
0.31756283645251193,-0.00894388405254909,-0.16666298182165828,1
-0.005069420362697863,-0.3035634971539727,-0.1703267799518362,1
-0.005304966768687414,-0.23283816370213656,-0.2315365865657648,1
0.23547869732652637,-0.008138764198194814,-0.2421967531770406,1
-0.31009583334260443,0.01268151344808037,-0.16813125409248766,1
-0.23221507532114777,0.004637861119663217,-0.23897838728341403,1
0.007363795584947264,0.30628992049062886,-0.16990684773166742,1
0.008780972941896614,0.23496496852996018,-0.23760708741800385,1
-0.2303935190852815,0.004902884205286728,-0.5000001644355789,1
0.004191718704596892,0.23179862608136437,-0.4900601262125628,1
0.22813198102221843,-0.00026061248719333463,-0.49949445702916106,1
-0.0055515656736812024,-0.23306712614507408,-0.4940778333529008,1