-0.010501466911837731,0.09986901170044082,-0.356853904917777,1
-0.0154736453791533,0.15585170863441128,-0.2864918467764202,1
-0.07147647468557458,0.12247255088183983,-0.24367871577083377,1
0.06616404170346308,0.11260659277920437,-0.23702861930036995,1
-0.024369516236386793,0.08718208706221458,-0.14723166955956737,1
0.14838824966845498,-0.01867219934817843,-0.19541688071164198,1
-0.15935754141063785,-0.024018671044252038,-0.19148305986926495,1
-0.21411628847991915,-0.05270592229483151,-0.011257413420206377,1
-0.20782851381630007,0.05813487913015924,-0.006568632112605277,1
-0.14679542064247952,0.07524471099321278,-0.12193877254707747,1
-0.18592187161144535,-0.0608188660288867,-0.12196107475064977,1
-0.4276947943008371,-0.03292752415377853,-0.0945100247555315,1
-0.4021944298327292,-0.03403158534026085,-0.17607818872882253,1
-0.4007465534481236,0.05102715226615118,-0.17634506235605185,1
-0.4205085383076115,0.05776537153344741,-0.09011819325282211,1
0.14209405724299373,0.08266533852002211,-0.11315551901038062,1
0.1877784739870515,-0.05831866122282625,-0.11775185943187927,1
0.21501668181969097,-0.0474389064604821,-0.021585426803449326,1
0.19760939524833787,0.07773284515579859,-0.024705560249787206,1
0.3937482723913451,0.07160846930493508,-0.07740417941567779,1
0.39490643534420566,-0.038011532155553154,-0.06865453933465973,1
0.4013430430340166,-0.03562291228654546,-0.16916005672004264,1
0.3807934839532312,0.06462203676435374,-0.1762315364978062,1
0.15039225565563985,0.069754180813624,0.18797587703918278,1
0.037043832153389425,-0.07853490160443255,0.25713438243447495,1
-0.04584701222260316,-0.06484806408452012,0.25306855530971583,1
0.02705750116035599,0.05716897996613968,0.2295704043132767,1
-0.05335788905260275,0.054412634713238206,0.2409744654991831,1
-0.12578164049532237,0.07877195510181534,0.16781645609703905,1
-0.17439213924544328,-0.0923236594770005,0.18831876967709024,1
-0.20229823052312912,0.10487381505079864,0.46639445603739515,1
-0.3095795380624562,-0.01029520066329992,0.44809498218912735,1
-0.29724433722985344,0.11090373448560364,0.4153023788233676,1
-0.21104657642536867,-0.003427632685667259,0.4912885775929936,1
0.2569667100661306,0.11893994063097701,0.401396453280463,1
0.170353870488964,0.11863991001681562,0.4478235037593443,1
0.17831760251244844,-0.01315994454741376,0.4881826497661513,1
0.2861878337828365,-0.008117230574669887,0.4455704084699974,1
0.0058750303395441045,-0.12154358512231233,-0.16460654019682438,1
0.006693123639083254,-0.1612007966032578,-0.3058176911162658,1
-0.04503099779602593,-0.013043430311636461,-0.4770224268391566,1
-0.1815932341286537,-0.015838137755558534,-0.39719295595791726,1
-0.15178128762545118,-0.018013322812161836,-0.48674804129804005,1
0.16759771650928723,-0.017847386426684597,-0.39897823733803883,1
0.03468887364701723,-0.01132614236472107,-0.47815420081106374,1
0.1276912079554675,-0.014886937573568737,-0.49287308710756194,1
0.1824497475800091,-0.06977444747405981,0.19794674835936754,1
-0.19612709848211285,-0.029111029447603576,-0.2784390627784722,1
0.17523413480824057,-0.04557294935405787,-0.24949815944398296,1
0.17847465615640523,-0.009901059819902968,0.13838264107913067,1
-0.19432684022478352,-0.019462877183685334,0.15787771274170353,1