-0.49976796701630477,-0.08163356978574543,0.0015817197205210686,1
0.4991485247064892,0.08530494224852614,-0.0010601716831477314,1
0.4965984982920335,-0.02822427371803382,-0.00002819482673921403,1
0.1207183699704254,-0.03422974637350085,-0.4352757484166689,1
0.2640196128613992,-0.02890542612900504,-0.4341773715303918,1
0.4824365818446211,-0.035706203887471144,-0.1706680342804865,1
0.4142532142761459,-0.032159274170948215,-0.17357604343515653,1
0.152672781767362,-0.03172996424053309,-0.06862569751758321,1
0.3286824906337817,-0.028497056449336977,-0.050471688784659574,1
-0.20290818631481588,-0.029572935473697548,-0.055310259547894036,1
-0.268514025878116,0.008739763780659881,0.008911038415539973,1
-0.27547961511101365,-0.09437981754781821,0.009909515949049818,1
-0.2018462417628274,-0.033259266467295934,0.06195927291913517,1
0.15520033033939284,-0.03831497714296073,0.06499853715487536,1
0.10999233301905586,-0.03023198701614027,0.43088511418444775,1
0.265031697383167,-0.028900685143392057,0.425600294270408,1
0.34446339246967905,-0.04371473404881704,0.06618848934369714,1
0.41272733362671615,-0.03214659329212197,0.1679539706311976,1
0.46791864903148933,-0.03512543781022215,0.06968671864477716,1
0.4803378627325829,-0.03234655226195082,0.17373422364824065,1
0.4142011862841408,0.09198686251203303,0.005349350794117136,1
0.36615287317988543,0.027795497073492214,-0.0023322864557392963,1