-0.34482786742671245,0.3669387574484859,-0.43277168144224875,1
-0.17536307928914585,0.15637840725506766,-0.33640892696262803,1
-0.26466334775489697,0.10743648827459218,-0.3438082873543995,1
-0.2470586844898203,0.2361162923182844,-0.48059172748021694,1
-0.1947051971896041,0.20510940966615404,-0.035968396825388105,1
-0.30505040676329387,-0.0193516899660231,-0.06837505718480541,1
-0.13970799637090264,0.020953858706925857,-0.3979802122975419,1
0.05523947437752047,0.02771155457837937,-0.08683383091269797,1
-0.45154279003845976,0.18040990021258388,-0.011673723252775381,1
-0.3572118412498625,0.11070995362247515,0.25383015464500535,1
0.46855819779124297,-0.28873209421390844,0.20139593875464656,1
0.5229280898767847,-0.15896720975478384,0.24047014873340577,1
0.2681571036784671,0.06617177483305259,0.1862003812064792,1
0.19978882316050495,0.00807103648895735,0.28714948309629706,1
0.12132382275969529,-0.2605987392978962,0.12191564767651618,1
0.0853402790574056,-0.2476111309520423,0.2224908789756591,1
-0.14817045121191796,0.17396917748673135,-0.4510609949420976,1
-0.2590429635450331,0.09945029979146902,-0.46766369968366383,1