-0.4282802015199699,0.2798560767727505,-0.3898500111186216,1
-0.32223846791095245,0.22465008485453008,-0.3925229242530748,1
-0.42036286269908807,0.27221044956162554,-0.4524412521873282,1
-0.3361450993649071,0.24622676700304913,-0.47143910686775037,1
-0.35671148343922043,0.20894511377406655,-0.47282497524935607,1
-0.27999597345885973,0.12560313272133428,-0.46980459107184846,1
-0.23215697863915974,0.21269654128028037,-0.47076817713864105,1
-0.17967367102692222,0.2061487709948917,-0.4882305928732631,1
-0.25703181795508223,0.09210343464762882,-0.48953710237697523,1
-0.23307727594844874,0.15904169243036215,-0.48085334071995644,1
-0.18142885155087973,0.13575633542664733,-0.23904297126052348,1
-0.3112840168702885,0.20330496343056747,-0.20684548235400535,1
-0.10785936710223026,0.07987349731284565,-0.010375443310686738,1
-0.07932792721935566,0.07290621962840427,-0.3437944849571579,1
-0.0007228958847131928,0.012387559629702282,-0.34983340110512273,1
0.13243617806986352,-0.04359636383485732,-0.4353117171916574,1
0.21163998503965053,-0.11652212972687092,-0.3357799288071011,1
0.34191718271308813,-0.2024789749116236,-0.18638793779398988,1
0.38411962107827974,-0.2284541125912951,0.0018220468003229406,1
0.02359196139197317,0.10997512889970579,-0.04102037969937228,1
-0.0675720790248436,-0.03388065066806787,-0.0053035044902265405,1
0.1701420495770325,-0.18690760620812274,-0.09447213805115084,1
0.26396168337913783,-0.03834430199884231,-0.10085549157115014,1
-0.17624232595211148,0.11635825477861328,-0.07880225149015785,1
-0.06864721611941271,0.029328149642836365,0.00657633839287064,1
-0.05688148189245658,0.015719748737297256,0.23199294769640832,1
-0.05076476820937231,0.006223117750452034,0.29496560313009323,1
-0.0400430858146521,0.06503624535705205,0.01023290741749805,1
-0.02741985843052519,0.061208766223496414,0.22906890924004253,1
-0.019778468054377274,0.05698503486839568,0.2906406663132516,1
-0.11081793602685202,-0.0018582240636897395,0.4639192730473694,1
-0.168672358730851,-0.019146318625970736,0.4885121204798522,1
-0.15976261883605813,0.03662147723222409,0.4912687823017661,1
-0.05080864934687934,0.12767856170844993,0.4789987574410204,1
-0.0941657586384873,0.14279970198965208,0.49184881582255174,1
-0.05598785807947265,0.171409804992048,0.49904641416083095,1
-0.06806570903718606,-0.00498889817215889,0.464200352524507,1
-0.0022500636274240815,0.08057974965325486,0.45734647114852084,1
0.3976282732924412,-0.17239142329481094,0.16484225578257422,1
0.41270538388353284,-0.18515036143831853,0.24982796811982827,1
0.3378413329910044,-0.2527519878279273,0.16602684606255513,1
0.3551737635132648,-0.2577195024692402,0.2613460816213542,1
0.22974845366106078,-0.28687456288790835,0.49126851187061365,1
0.2360478778302867,-0.23276398491472672,0.49208352253241805,1
0.2689962789833328,-0.2644998984975071,0.4766647875349558,1
0.32123336911843325,-0.10298435122548066,0.4841763246454732,1
0.3539985522010842,-0.0733001868481511,0.49473278110438956,1
0.35773071152930025,-0.11336277197646849,0.4835681110387279,1
0.4111314938578222,-0.16564127821357788,0.4528321398042041,1
0.3251652681460544,-0.2783795311184747,0.46306271304747115,1