0.10457105147833734,0.41123318679403375,0.02720209198593082,1
0.20697288301004324,0.34042501207205555,0.04266086960227311,1
0.07261440050599593,0.4632251815320825,-0.013191826320424787,1
-0.012717166140328917,0.4663810887294484,-0.04467417156033204,1
-0.04351209999125061,0.4133100087885775,0.020049753463723396,1
-0.1550529534489793,0.38450632543514795,0.0144835208896813,1
0.03735656712288049,0.48509437292322554,0.1629543979772725,1
-0.021569835708300622,0.44003172117460354,0.18478405495309091,1
0.06544641835995363,0.4387159018786543,0.19153696546740564,1
0.07556367763473565,0.41178325839805896,0.2664697650979191,1
-0.0563588496144497,0.4011709751623911,0.25962764411202255,1
-0.06955191765717528,0.3472040465913748,0.3332260420052493,1
0.019016459103893823,0.4292546001848363,0.30111401906277724,1
0.2537087844497873,0.11261418243478993,0.14667333449933295,1
0.24653507507210076,0.2955777890995572,-0.04604438920527876,1
0.010597427377840418,0.4480219099391266,-0.24522809926831623,1
-0.17300507639126783,0.3758705348013927,-0.1382322720741117,1
-0.23380492086859395,0.2765174476679637,-0.005938227960731263,1
-0.2302363066792436,0.13351729205204085,0.15740310611115027,1
-0.18764781983956058,0.07644128576510206,0.25871176122398254,1
-0.2918915055948942,-0.014359250528488734,0.011704808565365364,1
-0.3072180141352546,0.08268745231125873,-0.06815385181639778,1
-0.25194937012875673,0.29037275606067725,-0.19579174037904678,1
0.2273219757179865,0.3678979674485733,-0.22196557613940215,1
0.2975041509189429,0.27515872180289724,-0.1672121124858883,1
0.32517284969420457,0.07487135133229561,-0.025487379547387112,1
0.20992053234392038,-0.03893907830051546,0.18077172146053755,1
0.009741530397867182,-0.1700624076943934,0.2736941524680598,1
-0.19968074356232224,-0.043586832539832976,0.18504351801362118,1
0.002150356913874711,0.4163613177549824,0.3754710388101968,1
0.08935324120355134,0.24811036334273911,0.4121461276228482,1
-0.0798658995152391,0.21966580651574352,0.4133096765111314,1
3.39327625997754e-7,-0.43322040647603926,-0.15456094773459256,1
-0.1640282861297223,-0.3616554816429478,0.02342403010061833,1
-0.0023152635608358895,-0.27335746580757403,0.18226269342941648,1
0.1548141731389876,-0.34130943766110055,0.007871826555368111,1
0.0036488381171158046,-0.4961439387390029,0.035932388520519415,1
-0.03140586365267703,-0.15873857834415261,-0.4243171098125762,1
0.06504991684363936,0.1746777412221796,-0.48293549706467775,1