-0.4655305897539581,0.4673923204772531,-0.30010629983425485,1
-0.46232015359011313,0.4560654892090259,-0.24210497223670924,1
-0.4738202034977861,0.36110264477639064,-0.20745208320260477,1
-0.3948417418302146,0.46972955490905654,-0.187230326915508,1
-0.38554086889054395,0.38156195524601483,-0.208620863958624,1
-0.3918204847176303,0.29443317632934196,-0.23762778140253893,1
-0.3074186142605777,0.39633267375191305,-0.2284124885871801,1
-0.34921440793353997,0.3424364510479348,-0.22859213690123514,1
-0.2817102134752165,0.2636101867323535,-0.0915403157000915,1
-0.2103604637796157,0.1795747690413818,0.040314729047635944,1
-0.19338693690053121,0.269120031371195,0.02222389673393671,1
-0.29537686511013006,0.16695127188901948,0.001188925384351558,1
-0.18969221680766246,0.03533413156866194,0.06781586472401457,1
-0.24676656865052793,0.02593715224561899,0.03757201551306444,1
-0.17163147540168577,-0.0679594504870975,0.17385189321543593,1
-0.14309348129167776,-0.05121340751928383,0.18619987806359561,1
-0.11382625120771927,-0.09732867186162952,0.24873146665114776,1
-0.13569606235297993,-0.13702733582572968,0.32385394097577413,1
-0.19752740400595492,-0.08682592844149306,0.3281338215400179,1
-0.1763726258299275,-0.04761583408315259,0.3389625632732033,1
-0.1459050439986207,-0.10568221847804504,0.38245485928349176,1
0.02190861897239227,0.09372187960683559,0.4280268707693589,1
-0.02442570507851105,0.12386046435738818,0.3911809073978655,1
0.010463602309185304,0.14481304133599515,0.3918893216974315,1
0.06394653847097631,0.09126684002029206,0.3683359199658107,1
0.030781560426427212,0.07107540446882865,0.2810606389695218,1
0.00040618749702603374,0.10908109007735633,0.21925288868122317,1
0.01847765346754482,0.12571180277969551,0.21844900672064432,1
-0.05755702189224105,0.1627478061008647,0.1111391806691861,1
-0.16499061172908125,-0.033834521472681206,-0.05754027690220548,1
0.016191974755960903,0.16894650551568613,-0.007820108116141727,1
0.10063700264736186,-0.004650353034043153,-0.11828605320258312,1
0.059880462690114045,-0.07984325193060287,-0.1144248863095352,1
-0.004532736976533114,-0.06907790427673599,-0.18618145940475422,1
0.10357755788101552,0.047616858006887724,-0.14375921311067863,1
0.18766564745321568,-0.16636307365408998,-0.1777455554776548,1
0.21785573125834365,-0.11312594586611185,-0.17770382222874312,1
0.16780626017864297,-0.09944252474091186,-0.25925526488775796,1
0.26794529463638894,-0.16529484923196458,-0.37466846761839356,1
0.12139683102533594,-0.16319321110097773,-0.2662678951496311,1
0.237981536270073,-0.022387282202420172,-0.2341211662033369,1
0.2227025793004127,-0.3121711950679522,-0.07302741270969592,1
0.35185458230646993,-0.1507959847099256,-0.04648540221060604,1
0.26485363137621487,-0.4224585495506983,0.06703516421469313,1
0.4503236369685082,-0.2263983519057171,0.1115228347791497,1
0.30445698280670363,-0.4899989371706741,0.19677782259389298,1
0.49002612925880395,-0.27940621356929895,0.2375655220104811,1
0.2749684493401727,-0.4658315678413185,0.2551298480784552,1
0.45604444544929745,-0.2648133555904717,0.2917187729024915,1
0.23390530014664085,-0.45186875600246406,0.21570928553941954,1
0.24935504095617844,-0.40094974594594656,0.23725257433525382,1
0.4473363661448786,-0.23566501726628575,0.2591655534392459,1
0.3914882571535112,-0.22888901074960088,0.2707997869594543,1
0.42274632629654163,-0.2326346368117238,0.20089438637388834,1
-0.21608995702733374,0.24424770993978217,-0.27810239036280826,1
-0.20790570179873846,0.08129119548756502,-0.21124896691058836,1
-0.07971726916722876,0.24798026323612943,-0.18865098735823338,1
-0.37632883638068004,0.31082309785181156,-0.4379035817651171,1
-0.271092640957567,0.4344988859654654,-0.41044600721850893,1
-0.3665843669187101,0.34510360801355355,-0.3865638298992575,1
-0.30151116537516564,0.40911919314023093,-0.37412877117615917,1
-0.39544461211846215,0.46403666564934465,-0.30732307522227275,1
-0.44811005336122633,0.4083978404180755,-0.3265069257880082,1
-0.10051748496935775,0.28155467876930756,-0.03753341833676682,1
-0.27284072716815577,0.06342080251614584,-0.0723828222394316,1