-0.14337763649849325,0.25413340403483186,0.10192829153902358,1
-0.2366644590576191,0.16267798525351207,0.09310842227591709,1
-0.21780676245610675,-0.1876451828538659,0.00979667263630013,1
0.2299168471560809,-0.1790642658127739,0.03111477513457306,1
0.23041419194461182,0.1651334101631058,0.09634082504598917,1
0.15409438865381691,0.2559951083332938,0.11331892080640512,1
-0.16269465730130395,-0.1313879598358506,-0.029140170191346737,1
-0.11848945608934469,-0.14447473957654333,-0.01975795738616215,1
-0.06724166170520262,-0.12239674961280866,-0.030238427802596668,1
-0.024176878702743848,-0.12996398228865444,-0.02804881331976647,1
0.012034415452743752,-0.11264753831984075,-0.035578437356226456,1
0.054415320061866,-0.14977232196320544,-0.010098549353952712,1
0.09260047820468209,-0.10749803822155668,-0.029051647505324185,1
0.16096426970341873,-0.11120279935318641,-0.016624448444592488,1
-0.2106426430743753,-0.08160608241159695,-0.31203328983399603,1
-0.16139934055423355,-0.07323620235398898,-0.2929929524803456,1
-0.10569653745860863,-0.07322707570879622,-0.29553815101616076,1
-0.05743354079798288,-0.06257172092499972,-0.2825690642267156,1
-0.014764558907124247,-0.07338589109955695,-0.28193412554174757,1
0.027262730073929847,-0.05682135791865872,-0.283670893772557,1
0.07650416484925076,-0.05559425932235523,-0.28299167659913904,1
0.11214206195861423,-0.0566415925180343,-0.274498618573086,1
0.1636521064012697,-0.06580754836352154,-0.2797427662241461,1
0.20756768415945181,-0.045800744254104075,-0.28953214325788323,1
-0.23358864491821918,-0.07100502739539816,-0.4549182558514756,1
-0.15159238117197915,-0.04705353313725974,-0.4956926768567161,1
0.22145700713194655,-0.025408353076977974,-0.43941968361341776,1
0.13137315675083605,-0.028067986684830792,-0.48283958604607035,1
-0.1928275696982471,0.15353020857849786,0.12782017281285673,1
-0.21171818394690023,0.09569518053406284,0.13402112480881367,1
0.17858566755085903,0.10122610111646635,0.15196256769836625,1
0.1768279224742726,0.15154570736184603,0.14966764131614418,1
-0.18295324537294313,-0.2002816441988125,0.08378925857724008,1
-0.18721733840937593,-0.14026148383924708,0.0675332355397038,1
0.17341544412843424,-0.12421784504688381,0.1026700546013275,1
0.1772788859159208,-0.16469542777195811,0.09965746131175829,1
-0.19573738142873775,-0.24623077048897857,0.40779489477735953,1
-0.21572795118916876,0.05226679770545206,0.48458659810775883,1
0.17179863133935624,0.05814822579813583,0.4980379813977629,1
0.16929221379407014,-0.21507674109032382,0.42487067273796497,1
-0.006364213021287497,0.054792656828545866,0.04436507131225756,1
-0.023712382066421796,0.015595549197510244,0.08788202946576687,1
0.21336884913715548,-0.12667569024893688,-0.011541770873782941,1
-0.21241105930604728,-0.15740629102727405,-0.02553315935960576,1
0.02504032617104568,-0.08566101336967191,-0.40566231117276574,1
-0.02449472969912686,-0.03045126470740042,-0.38946576187872567,1