-0.49901924945056775,-0.042107643348251234,0.0032522771949565765,1
-0.12335301873963833,-0.08355268867383868,0.12438237347453418,1
-0.21283803962292044,-0.10512272304014516,0.08598742640444046,1
-0.06512881100523393,-0.14314869295864818,0.12339967466514,1
-0.22719069319763418,0.04731904530376363,0.09042498101001972,1
-0.1594184521496982,0.04452768975547605,0.13036095214193338,1
-0.14678433123068957,0.12052371438958476,0.12585155999539355,1
0.005870666100774469,0.02169476281458449,0.14212144695533893,1
0.019249070199717777,-0.013836870779674603,0.14832926080810726,1
-0.012333551841302858,0.05481285860757268,0.15293217890918553,1
0.061059492266821946,0.039904974553744754,0.11671602136275583,1
0.16542168191489992,0.0828954196104219,0.12771581300778048,1
0.22781359874861762,0.10792785256514409,0.04732575950404838,1
0.3243014449419137,0.13212267393856386,0.06103610558815875,1
0.4988899335844035,0.13311354212983806,0.12073540652652448,1
0.4551840143831698,0.1370894666163595,0.00017233882957684576,1
0.4919350833222927,0.13784540927042377,-0.14326600525355304,1
0.3358222597612155,0.12543866935463843,-0.07050834307187847,1
0.09699839979520863,0.060886570257409955,-0.10950274455094308,1
0.07269901671877032,0.05529645283790874,-0.15786412108174658,1
-0.018110558897265122,0.016827433206059824,-0.13736973927038915,1