-0.07014940741423836,-0.04719568438083771,-0.0753584007493332,1
-0.05033805582194906,0.1264787336309735,-0.06912871717185831,1
-0.13469546129717558,-0.04844030372611219,-0.019553992475862425,1
-0.1269301941704768,0.11840114799237916,-0.01953622582544634,1
-0.18612855174474907,-0.03764867881028455,-0.004336852466680918,1
-0.17678866981193475,0.12338873154107221,-0.007435971258090257,1
-0.2136454684708491,0.1345305967880006,0.010908744934857717,1
-0.22665998494556172,-0.045077396477739895,0.011762742497007483,1
-0.026805037045659632,-0.07764766013944642,-0.1435827941151303,1
-0.025440166312538537,0.1548662411615409,-0.13602287875129915,1
0.027740943404221285,0.20201125196843694,-0.17203622425398635,1
-0.0901820632546384,0.06405035589094066,-0.24885334297157513,1
0.058194174585672886,0.047098105771888,-0.26676303071772,1
0.03652175810224875,-0.09307083721452705,-0.17114670906013046,1
0.38227566044404426,0.0384361985379833,-0.1660150730353968,1
0.36305258295967846,-0.09819328962036078,-0.14619874094521012,1
0.2860435595912407,-0.19808837088598974,-0.07500049765764816,1
0.1174360872683119,-0.17369445035106595,0.11667002358647127,1
-0.07092827121943035,-0.18865496858005737,0.12538771455031622,1
-0.29347535250369594,-0.13420928782018704,0.12921835389772418,1
-0.48376633793505597,0.0781686228699181,0.08126969766370595,1
-0.25800482979695083,0.2044920866516351,0.15235647926952622,1
0.0720349635482549,0.13980509685935527,0.10641601465223882,1
0.4715752815710035,-0.060922914072586654,0.041547120241887114,1
0.28652364557085574,-0.20642954117861656,0.12083114747785828,1
0.13106860068557813,-0.17071398111415625,0.2147029537223819,1
-0.03241005295566746,-0.1598003389623197,0.23315643392494412,1
0.4976906817636775,-0.06241645971673826,0.19482939927763265,1
0.36976762744534475,0.09694691898153529,0.102284872025316,1
0.17456382160852124,0.09652361468363046,0.23701635875635585,1
0.009994600148862442,0.10221135067520512,0.23796521313918406,1
0.23384439924259237,0.10982730162453169,-0.09020278270607362,1
0.09800726126962023,-0.16489994392966656,-0.07680985667742557,1
0.009570062074765385,-0.034862751017839484,0.2394994742230205,1
-0.3115318192166647,0.061036072393939475,0.22577319141772437,1
-0.2957245169316396,-0.06812833753274314,0.23037759131996246,1
-0.19055173542699666,-0.04565799957387639,0.24402480921349304,1
-0.23353936028775551,0.05390718754585799,0.2386613666810424,1
-0.15485163219013337,0.10119725314238297,0.2504085674543527,1
-0.45698994761823497,0.1216663078707034,0.18809670808966011,1