0.39524534583353465,0.08798772436130342,-0.3189997945841587,1
0.3972037466413758,-0.08645042159129001,-0.3176340765647623,1
0.49725590536207364,0.0020534840854451452,-0.16148520329337845,1
0.3082950752495466,0.14111394661448642,-0.2790566236868086,1
0.3105471420670396,-0.1398701714604771,-0.2813157648435354,1
0.11077729920256723,0.10239988387822119,0.31823124676067615,1
0.11101300260456748,-0.09712565494547975,0.31743631059178107,1
-0.3964819445321326,0.11216926093147017,0.3236426621637043,1
-0.3972414313879926,-0.10799303034197738,0.32162417572515966,1
-0.36710609471310906,0.05657718670363643,0.16448593721758664,1
-0.30999963225252536,0.04771464225785449,0.1655173267559844,1
-0.3128081595500871,-0.046386138388841536,0.16735851857698591,1
-0.3680378801230524,-0.045372808864464265,0.1661854744043314,1
-0.4722185934439729,-0.008091135739156207,-0.14338860191725367,1
-0.45782416750831633,-0.0044656436910246455,-0.24752785004888356,1
0.3431800720722107,0.0042853756734468895,-0.1170893421144732,1
0.3170769441501786,0.07091368857489932,-0.2357617753161816,1
0.31190849556257033,-0.06800306025367908,-0.2371801458320229,1
0.34213733470032337,0.049362300519056546,-0.28355128479983527,1
0.346775611465599,-0.04556272140923322,-0.2839454599309684,1
0.05506606846623391,-0.006339879896925638,-0.23152856947044875,1
0.09903031634511731,0.0586419989284345,0.11413820469250937,1
0.10294698805942248,-0.049258551861949273,0.11283252308456945,1
-0.4004326572046283,0.07183999301644658,0.1423963092510311,1
-0.4019625999201087,-0.07449133745421221,0.1415437181519381,1
-0.30956251264275747,-0.08647121923196943,0.0682565575793932,1
-0.31282108781718826,0.08697579446107276,0.06328547481525715,1
-0.18895750608305384,-0.09996670745707225,-0.1400836307210862,1
-0.19410298789305846,0.08555971307668253,-0.15806363776672505,1