0.036016430474679506,0.2991419867139091,-0.011811954766189014,1
0.07383765890817778,0.24206325184186372,0.016595080784709282,1
0.0002691928047702241,0.2389010748493527,0.01851898945231,1
-0.005183904753588681,0.24817726408757062,0.07573766091599895,1
0.07415404104331903,0.2535216599796276,0.08075090847180341,1
0.029397859036447038,0.25624595590447274,0.12115327049000304,1
0.03153969335280593,0.240777180312843,0.1862763260084245,1
0.06581356714429254,0.21674588976409181,-0.10585813267197097,1
0.18003296592948414,0.18425246460984912,-0.0971164554102888,1
0.0124149569344707,0.2240009618586567,-0.11148479190167149,1
-0.09371665471435553,0.1924390619182338,-0.10986790737613616,1
0.02445947610515753,0.2538612974197093,-0.23445680087860432,1
-0.06081994705034943,0.1748546944906695,-0.33790408308680747,1
0.07938081583166134,0.234726927366141,-0.2765848706816743,1
0.1297929249027261,0.2131745332613808,-0.2820624110118404,1
0.2121385643050132,0.1274770885154476,-0.21903721018395417,1
-0.1368506124039245,0.12278449455887025,-0.31356896398488254,1
-0.17030508740683714,0.03744755299300895,-0.11254308498455684,1
0.2213747075106743,-0.007694510492769813,-0.06849466438821044,1
0.1882923120144118,-0.03183820915909019,0.02725803993128284,1
0.23742421722819174,-0.11352961602539224,-0.1088398383060897,1
0.2562430622632256,-0.11727374177617178,-0.0741023561743076,1
-0.14599935422283436,-0.004006345474465656,0.007183349093599939,1
-0.16584892306926266,-0.044832181565031326,-0.06589560831793006,1
-0.19675818962168812,-0.04404956619585662,-0.13911482038315004,1
-0.19595196691489547,-0.09696421721429682,-0.06850020929440159,1
-0.17597041355620724,-0.10011828763872499,-0.11462322713242967,1
0.21790029233914523,-0.056052135200282516,-0.06471705393159016,1
0.13494276495470292,-0.1806711486895518,0.057470728081714384,1
-0.08502251275821804,-0.18759383496316806,0.028269060365322396,1
-0.09227604732121808,-0.07099770107388536,-0.43201110574188384,1
-0.1084623564965923,0.13072667916863523,-0.4342441276849738,1
0.022744768217448002,0.26724183141760804,-0.40182911069631433,1
-0.06979545249389307,0.2794888493611496,-0.40597719679230826,1
0.24123932114226,0.1728228995293084,-0.25103885471518905,1
0.03265000975706234,-0.2621272804173614,-0.354300531358401,1
-0.10103552793750425,-0.008616523460652891,0.3610111559900466,1
0.02159749914553706,0.026447583410491165,0.36245564536181374,1
0.11574153864982664,0.0333095168159484,0.36643220612711796,1
0.21009956353084594,-0.03451046588497697,0.3770666443432218,1
-0.18105394233603056,-0.05889173773323986,0.3575770186489849,1
-0.39117250479014043,-0.11163730484217238,0.38758491526990424,1
0.4268155607465429,-0.12446112389900576,0.43205629548474405,1
0.030010889563472087,0.0723084440702697,0.1847173832362896,1
0.1640573580666712,0.014004316754738344,0.10190623293145662,1
-0.10649506862374984,0.01594736200239877,0.10397550746176631,1
-0.11251520000633386,-0.26116109961209655,0.40915455631262976,1
0.13283444618614482,-0.262612975883197,0.40726021991104755,1