-0.2111156006285655,-0.05279101352237314,0.08027115607091346,1
-0.22260883658007102,-0.15118033377736395,0.058610587023969346,1
-0.2556887754989846,-0.17692532098083125,-0.06314341610681512,1
-0.2105490712206811,-0.07666340150625933,-0.021915347683273897,1
-0.15172945104522206,-0.16786600636700938,0.1402344270022411,1
0.1637132332390938,-0.1652272565839783,0.4160996422199972,1
0.23930316809192287,0.01652552768753468,0.13617700814757683,1
0.22996015386294671,0.06626433832907852,0.04819339160804176,1
0.23445360585047425,0.06409926914177638,-0.015309557766535864,1
0.28278016051510907,0.033925068728410473,-0.12301283876364491,1
0.31360346499380975,0.011494272212963285,-0.01316750032246028,1
0.1802496892242652,-0.27171672828127863,0.0660831092728344,1
0.1954186152975907,-0.31693840556448016,-0.21865229258597452,1
0.21142242475762762,-0.24199833814855642,0.27799089429625123,1
-0.07495887659080313,0.181711974562778,-0.47004668947668904,1
-0.14001207331405752,0.3718913535912556,-0.3849340046771941,1
-0.10506718839655038,0.27680583957788496,-0.30297903197311493,1
-0.26278353517357233,-0.21061905440506257,-0.25972127959300817,1
0.04045658712746114,-0.15840665525990272,-0.4536103287880696,1
-0.2747694581518143,0.08707184407883916,-0.17434985341411757,1
0.1434274589146498,0.20922939389871775,-0.20117982545962398,1
0.32432585383395107,0.0401153084996384,-0.2927135557589521,1
-0.16324815756808997,0.023979302079269127,0.21431007406855615,1
-0.04355137919869011,0.20780442061745774,0.2760160453709682,1
0.13905186071779768,0.17030963880848948,0.21366714299449496,1
-0.11566459109160854,-0.05501650583590756,0.3944600636894817,1
0.2216665513374012,0.16134619182032894,0.33684993581636346,1
0.199020653544693,-0.1505166573800214,0.48323407442501553,1
-0.10201255702490552,0.37249332389511025,0.023282879079081997,1
-0.12203285846213507,0.2765839399110761,0.016405330871685386,1
-0.02094818767056239,0.30314450111370705,0.017442297726418143,1
-0.12499765965767206,0.24459168246887763,-0.09246279370650123,1
-0.020977172298283553,0.2630504077899437,-0.10807315049280419,1
-0.2281324628293664,0.16912958819929177,-0.08499214429060248,1
-0.15773163652762045,0.24109765927456564,-0.14099777502082045,1
-0.13574780628296068,0.30436617416450934,-0.1738030337772436,1
-0.05676696381303481,0.3228570246414265,-0.17072751909058048,1
-0.00883383910799651,0.27875375792747314,-0.14882335116196732,1
0.09164839057276275,0.2564218793101305,-0.11690023066185961,1
-0.08601035626820241,0.32470290262132306,0.10143254885429431,1
-0.00612192630939612,0.30846532316066466,0.09683936153188954,1
-0.1316425423341845,0.2677206583581342,0.10667747098538749,1
-0.07750478937151495,0.30470327928280255,0.14837737758841402,1
-0.06375005340767437,0.3159334980465588,0.22664522110947705,1
0.17784709412444427,0.2063357250965363,0.03030044025904499,1
-0.22660684709775536,0.12659478972531546,0.09520384655307423,1
-0.09150337590873025,0.31287260092662117,-0.1287798635872559,1