0.43100958713826964,-0.4911426433276782,-0.21930308922775232,1
-0.4356639226280451,-0.4989091965980075,-0.22189776629317848,1
0.41154495931990675,0.3904519215231317,0.083476569797992,1
-0.4261318973897632,0.3921004248443709,0.08710313464211161,1
-0.005143869491030517,0.41090873799816774,0.1633521299279306,1
0.3416972945574914,0.29875788147242954,0.28410074386500294,1
0.11134474455623078,0.30498997205465444,0.29329174643014655,1
-0.11253365182478236,0.305815010091108,0.28669955511712697,1
-0.32708509464486024,0.29346266919547015,0.29432918014202425,1
0.052979824285353305,0.4631910684915611,0.07526522056481211,1
-0.05243644577841389,0.46827137398011287,0.07619198294711382,1
0.09693452267262126,0.4340695085183175,0.1151468324871241,1
-0.09402097121032815,0.4312708572557153,0.10490203781872753,1
-0.18459718845264522,0.38404747880945555,0.21420577209261138,1
-0.2524494146071142,0.38591360050707035,0.2120894657039991,1
-0.22303233010689793,0.411102024703205,0.18530534635772478,1
0.194328211297012,0.3870467603232455,0.21251865658442703,1
0.2580146388377867,0.38292098588192086,0.21008957840456421,1
0.21697192622795758,0.4086827262695938,0.18781807043094778,1
0.42798969896611605,0.4365729943178457,0.08447801889429174,1
-0.43772167201423606,0.4241282418906338,0.07213723422422191,1
0.4674450646938009,-0.19961381003311337,-0.30967430460641065,1
0.46864418824798637,-0.20883884414404274,-0.2804274574536407,1
-0.46911301519773424,-0.20392417288651482,-0.30898891089613234,1
-0.4665934268326335,-0.202618983057127,-0.2795314896927299,1
-0.3029933976247401,0.4890213505793153,0.06908577329583831,1
0.2972659656870944,0.4908050299171034,0.07083980216290975,1