-0.012784580048636584,-0.06947161416729841,-0.5554744011436341,1
0.007412713749426925,-0.043151510418169114,-0.472721243013351,1
0.035000002695507626,-0.02113025727056983,-0.36972996421548043,1
0.06420186545275275,-0.057418507538772534,-0.32503130830221693,1
0.03657137724686699,-0.09199530462856842,-0.4797904223315492,1
-0.023704459347323126,0.07946141402346068,-0.2670766013710014,1
-0.0621490137300198,0.054218146550856855,-0.18566041421892554,1
0.061028505943862776,0.0453239993506977,-0.2100049474771113,1
0.004099579760000971,0.11886516750024456,-0.21012364276650253,1
0.10115606396262255,0.07857767758619138,-0.015894995821128965,1
0.07916132269000853,0.09555507106455516,-0.14307682349535766,1
-0.05011666720429542,0.13795714140716103,-0.11483418932564015,1
-0.122088650375338,0.07225624275956019,-0.029272883815370132,1
-0.11940748082868369,0.07148340921631435,-0.13490371072509907,1
-0.1949382031195488,0.06282716326567539,-0.1390379411225346,1
-0.27248176697418347,0.10404412667055196,-0.13214331769114435,1
-0.3594558058275057,0.08656749078270076,-0.2035638164766458,1
-0.43077327138547705,0.06630637155982821,-0.20602890540520802,1
0.09951958170073216,0.04180788504291652,-0.155728760067123,1
0.12838996885648268,0.0691727373949266,-0.06850848237103935,1
0.22782061782504487,0.09529317670575377,-0.12128354437788102,1
0.32917753599349686,0.09103043329458415,-0.12290044648074127,1
0.3614194017623938,0.13899252452852018,-0.12509386783422305,1
-0.012050352597871239,-0.08924835593572255,-0.19468293804235737,1
0.04837351394779166,-0.054361078355301275,-0.12256634664375898,1
-0.05341802473167423,-0.08893874179730915,-0.12920727205160998,1
-0.05012965076854892,-0.12931717875398743,-0.01819119930228219,1
0.06637104666023985,-0.0977029231186185,-0.011635687973590602,1
0.13182543390785867,0.04772467184834628,0.10455431381945934,1
-0.13768531001250606,-0.004793175536859207,0.09974427733476282,1
-0.01651056365582304,0.06587542368419474,0.08238998791349025,1
-0.00850422583544641,0.0658258435653003,0.12921765913931196,1
-0.014358177614318401,0.024428312790126583,0.15809981583316235,1
0.007694450732820754,-0.09263978263563333,0.1370041494143266,1
-0.18133040764105135,-0.05001500747395493,0.18803117079608733,1
-0.2821080632616364,-0.13717151644897463,0.2559794597882079,1
-0.3008335987621421,-0.07437546020578978,0.32384783981973264,1
-0.3670449692083917,-0.19879942775982684,0.440563684801182,1
0.16833003632858678,-0.037531225469804363,0.19224589828238636,1
0.26403460736425454,-0.10079131693303811,0.2074232850234945,1
0.2325645104653259,-0.08713185324687011,0.295244999525962,1
0.3154707093011049,-0.18985624425198322,0.43271141812186286,1