0.00804811088152979,-0.14400571257656702,0.11005896320276576,1
0.33499912953683663,-0.14114297235432271,0.4475326417259695,1
0.0950755957641245,-0.2946285823539725,0.35713221132951223,1
0.06903436227513126,-0.3181537086608789,0.34730003587483615,1
0.0777872511618597,-0.17697866811698953,0.0073116110124840094,1
0.21368054636793676,-0.2643145544174994,0.051852897714895874,1
0.20518137045390933,-0.2795330664042166,0.07184571279450757,1
0.4697661563492632,-0.23033093232773077,-0.08938173597607246,1
0.07781765976746646,-0.18843650073017926,-0.07061680629991329,1
0.09814769695867786,-0.1622369904190406,-0.07209551411133616,1
0.19133805198039244,-0.19747603235739844,-0.2057916677890728,1
0.2191483918951933,-0.15353466492884804,-0.3689724911222743,1
0.18697134208404176,-0.1306407907964724,-0.48236429427608396,1
0.09206775414915924,-0.08137099261946012,-0.15975316358070568,1
0.09155146066654207,-0.12744406306258404,-0.15094389633868643,1
0.1342650970315562,0.00015802731965131045,-0.29923235911027124,1
0.13986295410467342,-0.052142539167897794,-0.28547861246428546,1
0.13581018235876274,0.13218716070084524,-0.3894015896905492,1
0.027941639829093867,-0.03830276495286463,-0.17935649551566818,1
0.004257561848970748,-0.0712170948385516,-0.17233824450388377,1
-0.045534302333607224,-0.02579757886292605,-0.3109844809828027,1
-0.044620961993958375,-0.01079480745557787,-0.3423358230936575,1
-0.314790179921532,-0.18034682560158988,-0.403974407712953,1
-0.05037124374097024,-0.13834395487110018,-0.08021729767089725,1
-0.02206825090556641,-0.14790601934656966,-0.11872593394534014,1
-0.1736648253378723,-0.16073633864554493,-0.21429002209507497,1
-0.34089094760167016,-0.06454996279349068,-0.09403507788822951,1
-0.4736765038920625,-0.07242751772525313,0.03553943813359872,1
-0.04782472132977866,-0.0745600215534602,-0.03423909196668262,1
-0.0614600634760683,-0.10471341010084481,-0.015405124739817061,1
-0.18244994170069273,-0.02981161180372549,-0.020631879661881402,1
-0.28984523613861623,0.05324237567979395,0.06588116471952121,1
-0.34375605820718746,0.32002913515731013,0.13233197050322865,1
-0.02104933593451666,-0.02035993223220961,0.05631157952178058,1
-0.13501823009916372,0.05160175121002847,0.13435699995846065,1
-0.16474058508795153,-0.037098770866847985,0.3701412030024329,1
-0.061564146791912244,0.028135109990097273,0.49030322083411653,1
0.07128956010670773,-0.0068058274433080434,0.0929888123356098,1
0.04527876241112794,-0.0010688789349998506,-0.1467792280685566,1