-0.0213822176541707,0.2504517654081111,-0.25906295945314994,1
0.07473940241823951,0.23537106619982073,-0.2604248558265805,1
-0.05439676387150727,0.22923820998466332,-0.29527881101507314,1
0.10525368978990801,0.2254158902198554,-0.2948167709398545,1
0.023433597737302802,0.23009784219665277,-0.299514379743946,1
0.09707966069019802,0.2301340086571061,-0.33101165916266206,1
-0.04914735891498179,0.24173631051746047,-0.32958656279739606,1
0.039112112491701434,0.33984035920866973,-0.26661865384576044,1
0.10342608204252612,0.31743949559670037,-0.22358279806574832,1
-0.0438388450883353,0.3280785529206024,-0.21794553756714108,1
-0.013947103472057076,0.29255628942956213,-0.14400596180956615,1
0.06658439115539094,0.28096579776441444,-0.14349664647281557,1
0.08087345248938549,0.19752280673613798,-0.19935289720885374,1
-0.045289828209666094,0.2054607045658896,-0.19417254062687128,1
0.02516630482570692,0.27561902222544665,-0.09289891861330202,1
0.06707306848646741,0.1921167788765451,-0.13108041854574326,1
-0.024529249803886196,0.19922517218376062,-0.12470535365185653,1
0.01812679021967742,0.11570230174328293,-0.07112682111101923,1
0.10084620788488019,0.04082244523480294,-0.16664915923291623,1
-0.07810327140558126,0.022306616410275648,-0.17439028543931062,1
-0.044890358302508815,0.047246179908378344,0.10490057012052128,1
0.09388822139726274,0.0567835929004043,0.10179918098044405,1
0.01891191493495803,0.10055315730657055,0.0541735749141411,1
-0.12760416367290217,0.016957980345429835,-0.01585705327725917,1
-0.09039256876481867,-0.03977620159338835,-0.019016769748641526,1
-0.08171720905953288,-0.0039666420960592225,0.18403408766385454,1
0.1638222584642859,0.011546053401760292,-0.06497566726557946,1
0.13003579883563887,-0.007645026449066172,0.19704202610644472,1
0.1235002889574518,-0.03891552791589015,-0.025818637406211486,1
0.13895233314004213,-0.011837463710570372,0.04077566020175527,1
0.15577650417280275,-0.10084582790320207,0.2138414516211833,1
0.18016108655813845,-0.08152074270756682,0.2554316951822093,1
0.1653845786938155,0.007177467805028925,0.2875677938855974,1
-0.022454832824990223,0.04345684951722378,0.25968319818730456,1
0.05720507267529884,0.0361165749256076,0.2659221806612837,1
0.1032019996702701,0.09876438829834094,0.24746432738558072,1
0.14506864554097795,0.09793834768374282,0.25390186804278997,1
0.16742158864848866,0.08090484060784542,0.25200943211888193,1
0.13427142562577587,0.07556454525051448,0.20417138201992468,1
-0.11923716385383987,0.053142631080294045,0.26494642109693173,1
-0.08033334136116776,0.09626381946777918,0.2615039161005899,1
-0.07872218333833025,0.06681884652495284,0.2099735743837079,1
-0.1044763253003706,0.00581011090814787,0.2817508559370814,1
-0.13065647877514652,-0.027079404511526572,0.2816155546026011,1
-0.13031950199216957,-0.06310943919605538,0.2814146051858526,1
-0.09048629541453445,-0.19470938093464873,0.283548800225661,1
-0.11488224809813085,-0.10728943361515908,0.22390521020796972,1
-0.09181247505157783,-0.06126262518732957,0.2072947752132648,1
0.1490013809433763,-0.21966002990835914,0.30863500098015195,1
-0.05903987293084101,-0.25547204127025746,0.26161606724540043,1
0.11240053394006466,-0.2550211353818881,0.2824433301695066,1
0.03487405918520703,-0.30918567914056094,0.2907916065815519,1
0.03142248925377933,-0.3187408679379941,0.10204767488083313,1
0.14461361983831938,-0.16737914299944845,-0.046021128826213786,1
-0.08773324661504023,-0.19094420813891366,-0.03952341989583097,1
0.13098000638526852,-0.017962484445376403,-0.2324070935513524,1
-0.07931823836073781,-0.03307846439849671,-0.24332079960138617,1
0.026059597607620333,0.037574914033947415,-0.32698877020931194,1
0.1203881241542124,0.07752229280299971,-0.3766616771745266,1
-0.09874238248334066,0.06528705542127788,-0.3761225354744502,1
0.01011475528710959,0.12075742846490911,0.298394372860673,1
-0.15893871782460067,-0.02778360629188878,-0.21701872414730872,1
-0.1485389298906219,-0.22461548791105207,-0.07298808204361062,1
-0.2525860842273887,-0.3070599014548058,-0.22076893114261148,1
-0.19880202246245077,-0.27842768268198836,-0.1434857813065149,1
-0.29211460683463486,-0.327587670448415,-0.3153337096302855,1
-0.33147590015723405,-0.3249826084773515,-0.40356585777948606,1
-0.3912296711496328,-0.2698458083862317,-0.49104611844371604,1
0.21909730910888875,0.029913167573077936,-0.24585827446586506,1
0.20080897895483407,-0.1948958051512893,-0.08330461891299867,1
0.24457724024909866,-0.23995390731279764,-0.1368445740967239,1
0.31125634370265276,-0.31035984162065783,-0.22080731829092004,1
0.3382577860695084,-0.32805172605616595,-0.3011726131125041,1
0.38611220633513376,-0.32277833622796076,-0.4047369729778345,1
0.3909764335289619,-0.27442047726026353,-0.4866364050658604,1