0.030604283259703546,0.00585908983866501,-0.2450097161087612,1
0.27733799525883995,0.017359005659699278,-0.09781772059451588,1
0.4859665671822545,0.02191653537388949,-0.0660234823100968,1
0.3300601854767282,0.014418545833498663,0.11468286621838475,1
0.45219029331009874,0.03181301922739421,-0.04385665640309977,1
0.3201590627718951,0.019753090485512325,0.15809716584563693,1
0.03153162534498666,0.2173411698113455,-0.1363758539481032,1
0.026274747194485304,-0.20409251314427856,-0.12583757704820253,1
-0.1845903106693083,0.0026923318041820465,-0.1363789614452673,1
-0.26368769805829783,0.0004217277219651372,0.02892287547573913,1
-0.27550755367143464,-0.012985877845047233,0.1355897619246067,1
-0.27254829115002543,0.05543784680913355,0.07953212107055196,1
-0.2634885846251962,-0.08483374970931434,0.08447093756341406,1
-0.3247751953428161,-0.013013749968874388,-0.00003688461198192439,1
-0.3943784692512441,-0.010266632567000722,0.00009436829196537988,1
-0.49130777789296154,-0.022059188103419558,-0.1276744842747306,1
-0.40977640501720103,-0.023356898379408242,-0.12957275814079683,1
0.1056604910277445,-0.2853879770097275,0.07207716901214531,1
0.04679528142847858,0.2977386898863105,0.09888302128799914,1
-0.20513142250165606,0.01762266876458174,0.22230310017522292,1
0.2675326805667483,0.015514270494615178,0.22429435232310468,1