0.03994621263057918,0.13299054650767295,-0.29126680895668766,1
-0.06591828357164431,0.1148214343614633,-0.29323641186812965,1
0.07467002112600118,0.07614501240576432,-0.3009004285134669,1
-0.09058344142325181,0.0763991408712621,-0.30802503100797906,1
-0.0052180632487672795,0.1585234289179981,-0.23737944039804581,1
-0.06208685558173796,0.14045472526399738,-0.23535511026583822,1
0.044536476002569936,0.14299580017227043,-0.2372784295472199,1
-0.09149136411246783,0.026935234994133916,-0.18020242363381833,1
0.10650368786007819,0.03576851893504762,-0.18487875109753343,1
-0.12454199518072721,0.03324692916325822,-0.06941765805999456,1
0.12607489101624453,0.05652201738135898,-0.06802781404713665,1
-0.030155891792412292,0.13435010903727984,0.12000794873454018,1
0.05814587450333242,0.14412776384788728,0.13462475333341772,1
0.12213354518992408,0.12332354341932072,0.07008264870632486,1
-0.11552034822421631,0.10592464387150216,0.049504945484588864,1
-0.18579568538939428,-0.03919080779843365,-0.04349483845960256,1
-0.16598280898969664,-0.04160290858317206,0.10064876449730775,1
-0.13815417750144743,-0.02489951785444222,-0.12967853990827982,1
-0.1960155464364819,-0.07947934234483633,0.24956300075130655,1
-0.13563218605794525,-0.08358408549371665,0.3943666402237245,1
-0.09441515912029197,0.11658648753078049,0.3219506661090527,1
-0.02238340771988745,0.14290546549293492,0.3508586603668538,1
0.07353161196212887,0.10503206781300261,0.34861095843886203,1
0.13888789443808447,0.10881152198557237,0.3312083684166812,1
0.0851224514214326,0.09481631893683162,0.2684562204628237,1
-0.012264101183293352,0.10195649509932858,0.25702595920155535,1
0.2052244790602087,-0.055310739572587586,0.36846509162264384,1
0.22077339215977965,-0.05664079093500618,0.2080782626129366,1
0.1630671256464491,-0.016052147223011737,0.10878609410188189,1
0.19345116555214958,-0.01850621978699507,-0.024759257688316327,1
0.14345711426391272,-0.020676008012663782,-0.13415973405003012,1
0.10996744241587297,-0.03077133493866535,-0.3235710916410146,1
-0.119509761025832,-0.07314325015927447,-0.3441618418905155,1
-0.022454260262781744,-0.027396950044703327,-0.40442776298430916,1
-0.09884959304472662,-0.02127598103110051,-0.37854624279871673,1
0.027956708195072843,-0.0002892364337769293,-0.39429581643184136,1
-0.09001109688965125,-0.09351862950395628,-0.49827679527584034,1
0.04708644010730989,-0.038881166235744224,-0.5001178988056418,1
0.0052114008337765805,-0.020007281900865814,-0.5576523023073283,1
0.07016345884643304,-0.03691159097974861,-0.565017009736559,1
-0.0884786341776338,-0.09917239261145827,-0.571493842110075,1
-0.00018426857937936525,0.11119747442246175,-0.17067652160010405,1
-0.01610793649239972,-0.13495149111558446,-0.3615804920977768,1
0.00048813561806648753,-0.16305836006064062,-0.15770836443740313,1
0.010071763957858692,-0.22980509071461494,0.02891072604789119,1
0.02133582432623915,-0.3183786299891668,0.37031206420683177,1