0.45008061682677813,0.3894465220944534,-0.008537060560429132,1
-0.038947878356685894,-0.18354939360264222,0.46413760145228155,1
-0.2138661617846911,0.049661432230513114,0.4623185469331621,1
0.026242602649379276,0.12537987959614238,0.29108238284676035,1
0.11198987254876691,0.03686251786954653,0.2881330894505474,1
0.2440477763106521,0.3258177933795423,0.0445627210020797,1
0.33159007978441696,0.1911278489234436,0.02962746271912775,1
0.10289788490442148,-0.11702014260381743,0.05224811036241317,1
-0.12629237602827192,0.18387484339136195,0.06305350275075139,1
0.17148332316486936,-0.46033454961544795,-0.41947146201575425,1
0.23357596849475914,-0.4172971686466109,-0.4936770637481551,1
-0.45572458628181333,0.3993752795915464,-0.3752738292674884,1
-0.4027249661721988,0.4528221321138881,-0.4481575607178152,1
0.054744475066604875,0.3848783901560391,-0.19802091586328974,1
0.3264853376710968,0.03139165980859282,-0.19552613383771078,1
0.28278597012797735,0.25537462536978816,0.2702590494205732,1
0.37494336460004895,0.3358740670992979,0.11991351894217016,1
0.10994191976398615,0.13558122926646954,0.3538118286336157,1