-0.09253619399567325,-0.046067639358791546,-0.15634308870913838,1
-0.11626980020308997,0.04506836380985946,-0.13412638546290356,1
-0.10473435859804814,-0.0019744551226856394,-0.2088087448301929,1
-0.1281790180301209,0.00005449947091751284,-0.10069785245543558,1
-0.3131759671924734,-0.000775048421893576,-0.43668131534601206,1
-0.23516299652279082,-0.0010281349893113134,-0.447431372856979,1
-0.2768832624537857,0.03688369699456917,-0.443989220550595,1
-0.2759740519487877,-0.040181818340478015,-0.4369271848525441,1
-0.08441108601879377,-0.01066992430942787,-0.47220587296089405,1
-0.021966821746223663,0.06585672237358048,-0.46662542367389725,1
0.05611478088658384,0.004454591181115797,-0.4382199750268101,1
-0.020034477540793682,-0.07597642700494636,-0.4487592269097308,1
0.05115114661736801,0.04468333699800078,-0.010059296148964447,1
0.046157331552488356,-0.0459765934975216,-0.006459371440907802,1
0.06383914786690778,0.006390107498556355,0.038149906045684925,1
0.05834587341177633,-0.011029160202245536,-0.048726647832433634,1
0.23118672088346648,0.002341773908988376,-0.4435703899919322,1
0.31118334420815663,0.0034957905111801523,-0.43680317769855603,1
0.2727637596404895,0.04034873472026232,-0.4393561166370271,1
0.2687015181873216,-0.03429180266369425,-0.44900199209102,1
-0.09899223633225407,-0.004520584718001333,0.4982610473116703,1
0.05717257811363763,0.01697385371343474,0.49117973817902416,1
-0.03262303754498719,0.07446872876804633,0.4985129438304359,1
-0.015790968280742667,-0.06799395956757226,0.49794231044228515,1