0.23082148529077306,-0.09429595390834766,0.12183531298367001,1
0.25523465483935514,0.07231042682648514,-0.33680750146836025,1
0.24181671271432403,0.1031512379806494,-0.37140945977999207,1
0.2322331193554792,-0.12345546805596075,0.17322281343881052,1
0.43438705792236065,0.07432173956602739,-0.35308099135564497,1
0.3991937302580262,-0.0579810374373424,-0.03906688481051912,1
-0.10016353535973454,-0.15589943867128664,0.37556844238202247,1
-0.2805297418015175,0.04577348224390852,0.4700329119149198,1
0.013271986333399932,-0.40684793114638656,0.29448127933032414,1
0.19396092284972965,0.1274225820466759,-0.3937056849003211,1
-0.45556212749108854,0.15406771088951043,-0.3534058060797735,1
-0.11029265709730396,-0.3932646681337153,0.25745977238156214,1
-0.04477770814298143,0.08219886581853886,0.43858419608977605,1
-0.3483667543913951,-0.26825186174105386,0.3706611850365693,1
0.17347232677090818,-0.09273678169706256,0.4090249665222392,1
-0.11638915190484578,-0.15059217400209268,0.33419017161120246,1
-0.35633143170217463,-0.14203164584897632,0.36670374207968326,1
0.16407821590341331,-0.17330056196822197,0.3079708327330113,1
-0.12874942795636757,0.4353606339025613,-0.2515336854503838,1
-0.16904498500113596,-0.16706334418307733,-0.4951488455430333,1