-0.49019841313033124,0.3187372751865194,-0.07658638837084003,1
-0.48143346351859795,0.33060188222101605,-0.11337603083456349,1
-0.4925240803321085,-0.2661624503256794,-0.2945988342018837,1
-0.4774455556966384,-0.24377576111535948,-0.3222051275878024,1
0.4924991580063165,-0.2633578161691501,-0.2908593836292275,1
0.48947690528442944,-0.24317630656483025,-0.3205892373777708,1
0.49341668551852,0.32824474467378905,-0.07666303516331441,1
0.48967265932733417,0.3318325024677855,-0.11177172144369916,1
0.2743714238943844,0.15488423788373118,-0.09617509372100585,1
0.2755698685971366,0.1983155131130674,-0.06954676586521247,1
0.28283895102020784,-0.3280494467655257,0.18978739863694283,1
0.2821475837003793,-0.2032400437605153,-0.22340371852792273,1
0.28256558600516346,-0.15570398273232755,-0.2080037742827754,1
0.25885381433733245,-0.17439302716602478,-0.22993598233822254,1
0.3122997026396656,-0.18134643734648303,-0.23559318997840295,1
0.3000388032715263,0.17573912682412196,-0.08760191944479978,1
0.24876920903040522,0.1886002558009836,-0.09727135991574132,1
0.2712692360727198,0.029502013696459883,0.31987297808924086,1
-0.28167402566546656,0.20869449615072044,-0.092584535954509,1
-0.3113119204543766,0.18610568229660096,-0.09969524483839898,1
-0.28496069045622874,0.1583978172937178,-0.11239119639187597,1
-0.25197077356999975,0.18499765307646554,-0.11188602578548733,1
-0.2831679459926866,0.027315332009473225,0.3186554179040413,1
-0.28792709696539126,-0.1989241092594745,-0.23741294705610932,1
-0.24641101549902644,-0.16985722315739388,-0.24634471952474568,1
-0.3145517239114558,-0.17371157834190876,-0.2390532649201128,1
-0.2816903859887455,-0.146484596212904,-0.22566376888641137,1
-0.284167626480883,-0.3273103089436208,0.19008082450087005,1