-0.4955163141002443,0.042715829617583356,-0.3496818546956417,1
-0.22840554495937426,0.03301770403431725,0.04943457974172637,1
-0.23336238932887832,0.068300523948148,0.25458714719956954,1
-0.3189645214082959,0.062231774370781756,0.174198242487706,1
-0.37515326673232163,0.04275322669611192,-0.10543048475618927,1
-0.38363700537242273,0.03716079332825295,-0.23722785418299175,1
-0.21032903040909345,-0.048696897485735136,0.13980602974325656,1
-0.21163927946453143,0.1247494807688252,0.15903786394366698,1
0.03783130590927397,0.017238014131780055,-0.3916426841656583,1
0.02724689744780362,-0.18242098584762356,-0.23777862516824122,1
0.070104623702269,0.1760571126116125,-0.2416259021805035,1
-0.14499743965675105,0.018383368537355338,-0.25529972935294,1
0.20988614087506946,-0.03173805434156475,-0.23993061289997858,1
0.270580783843009,-0.04682928829851406,-0.2043616351381646,1
0.26075281165510255,-0.0356642258987836,-0.1640173677295178,1
0.2971787718802973,-0.05803828097665714,0.16491631559432762,1
0.4923712605164559,-0.05053575150068729,-0.07793498667561471,1
0.40083532233830343,-0.060779784370667445,-0.13656761830889552,1
0.4052424507750283,-0.06326399117281134,0.08012568026505917,1
0.4325653621542624,-0.06107771005005147,0.1082340295565749,1
0.3014530354152778,-0.042164503752953664,0.24908474627470944,1
0.2792431158983993,-0.0230243127120614,0.3650010676286302,1
-0.0014369597953404755,-0.25014378426521033,0.3681998577899819,1
-0.21990755079462065,0.056292769626437214,0.3626043930765075,1
0.12331815104050392,0.2268769645269888,0.3718363546183645,1