0.0013270695628686546,0.04289682569627029,-0.43394380127687215,1
0.045653605517334994,-0.026210877209505545,-0.35971027985708204,1
-0.020308277619532022,-0.03078085546496845,-0.35204460945154436,1
-0.08775411777789693,-0.03035338715946992,-0.313915889301225,1
0.1245822205791286,-0.02103994460030756,-0.31966213814516353,1
0.10402633381171911,-0.005170808993230969,-0.26048153390133977,1
-0.06429327939037005,-0.024405267900922123,-0.24931937823106567,1
0.010848412578925215,-0.05679733939953244,-0.37951743670534743,1
0.01894637680075814,-0.042990515264415274,-0.004912052067638201,1
0.05013271562923016,-0.08671666822900903,-0.05191442178808825,1
-0.006763686340243602,-0.09409058523923619,-0.059756318850405735,1
0.008082548087529107,0.01048949643775816,-0.010712284215910403,1
-0.07802359273974124,-0.05698083470027171,0.39998978068830837,1
0.10467604824348464,-0.0625280459657589,0.40035332082323627,1
-0.082083036606031,-0.011162795014233228,0.4086704474715064,1
-0.0800102706589243,0.0901384788764168,0.4775912112162337,1
-0.07305189559466862,-0.062004641296735885,0.48391821822052994,1
0.1030118562862512,-0.06960720792364716,0.48472066937943703,1
0.11648193358668501,-0.006878000957998287,0.42034920502003203,1
0.13846694689743266,0.07808616641000387,0.47173509267729763,1
-0.04017141766734045,0.041384988231509656,-0.22500248784780752,1
0.05963579189071444,0.05601952328166915,-0.23394455474657194,1
0.08272090498255891,0.009177006812510699,-0.15738734389370526,1
-0.057720906188880594,-0.013885663984966878,-0.15002842916219247,1
-0.15463282191793404,-0.011298422376118111,-0.1598898401631727,1
0.1945740390227586,0.00048278946219637575,-0.16141124012910701,1
0.2659944675139312,0.0035103362242754343,0.002593762863385196,1
-0.22899322977663905,-0.026663351741682994,0.01132072662573469,1
0.025533364739481562,-0.05570810470427623,-0.1580138508928293,1
0.08728830652137698,-0.00030545013244334673,0.2038558779573284,1
-0.056137179111217905,-0.008963025340134933,0.2004765734141607,1
-0.0026736259885642432,-0.03698759904312887,-0.5047954270269873,1
0.04302841085411302,-0.022378394493870246,-0.42708309645749453,1
-0.030558351306188475,-0.02806228992680193,-0.4252932315357214,1
0.007874848562854752,0.030750290147580017,-0.38791940751249104,1
0.0004632480509079162,0.0011738158095724315,-0.3274103753404072,1