0.17942784973629955,-0.07472834514898174,0.11123208304967646,1
0.004743412497727695,0.06462086471398898,0.24586945236154367,1
-0.10337342071466326,0.0745663610660395,0.21367663380749435,1
-0.18231466733193224,0.045095061485726284,0.14333176297931738,1
-0.41514213948065315,0.18185652967636767,0.18354409267347904,1
-0.27834464817292925,0.2855832897349664,0.384876118486444,1
-0.11039261886777723,0.3282200844332539,0.47958746821874043,1
0.07628262869850943,0.2511945958098839,0.4990125512133531,1
0.4146047211992895,-0.05702352585715831,0.24166858491717535,1
0.17078500719653444,-0.13847887882329962,-0.15064353727606783,1
0.2736211174120675,-0.1619008494403209,0.03742632925137543,1
0.17234427128419183,-0.07073335468179476,-0.08894904682450455,1
-0.0762185235325088,-0.15783156527203435,-0.2198018706336281,1
-0.025891786533765337,-0.15959891370926948,-0.08660765225650757,1
0.03249078017044582,-0.19630816304828102,-0.14057115378554785,1
0.3370940088572806,-0.06299449303781364,0.17393729208693676,1
0.12142975619098023,-0.006808282964476664,0.1736656341426368,1
0.10768890726165313,0.04741357698804585,0.24164824308911362,1
-0.22417659887530794,0.004226327478270342,0.04116016895679986,1
0.15164481577157218,-0.060796998549148995,-0.17837003942924623,1
0.13172265702065822,-0.19469705860844627,-0.14103616679758346,1