-0.10513690348383409,0.03692884078727665,0.16866168529055026,1
-0.04396753917949217,0.07710845483668316,0.10222602934649577,1
-0.17631464276548284,0.16451429816392188,-0.06227126619608431,1
-0.19490079917258601,0.13002762112673116,-0.1471128399889321,1
-0.2324056647508157,0.20314414023702454,-0.1965911639591318,1
-0.21004887148253948,0.16801454883228461,-0.14255513425441357,1
0.10639376715177806,0.04020432389746209,-0.0418696114120245,1
0.11315044115642511,-0.00297101756722995,-0.15808217818361692,1
0.18573584551516892,0.027991702462120682,-0.17106863019811147,1
0.13040065469655265,0.0354386173396235,-0.11816505886578543,1
0.10260889957424624,0.415519671903335,-0.21513413578932133,1
0.09330819451613581,0.3544299639341454,-0.3511894841409234,1
0.06794818733889007,0.4092687205603109,-0.2994170414774002,1
0.16111402931524976,0.3562280237938259,-0.3034966698921593,1
0.11089897560611161,0.31337007189390753,-0.38686628416223745,1
0.0648394296586774,0.33369548722645575,-0.3950624972908575,1
0.014287370253617481,0.3944709011660166,-0.3521845186732291,1
0.18408419834187778,0.30274450518949414,-0.3450868200370667,1
0.049721522891087,0.39561477233542,-0.35722102240602016,1
0.16820208225615518,0.33964255709623536,-0.3523641454679254,1
-0.1647036914362381,0.26048419573974346,-0.16366116090121607,1
-0.06501517337905582,0.39838729258976,-0.18505257044317513,1
0.21264038303675736,0.24389505021925073,-0.14081548045976522,1
0.2226822205255501,0.12838116703043634,-0.17498674593046748,1
0.06834325415731435,0.34741247147537957,-0.04954618107716602,1
0.040903042856990535,0.30413200950122826,0.062148419831298596,1
0.07200762788603421,0.264816056344108,0.03114635118299658,1
-0.006161775225275723,0.29194690970263304,0.029315056220152707,1
-0.057002099391914474,0.26892935200375944,0.047752812576373566,1
0.06820425811946534,0.19889465364802877,0.06438911428985533,1
0.005366621694431473,0.21432514907406075,0.10647521929767856,1
-0.011499143850074555,0.18754365372964007,0.1339642399816818,1
0.012267820698397491,0.3329485827816777,-0.056721800553087065,1
-0.07718528875729058,0.34541826879911363,-0.08367084948389092,1
0.09436206834634975,0.28508496359700774,-0.04403133397063996,1
0.16819684049432792,0.23816072554779144,-0.05599519564016009,1
-0.14205796048942565,0.10942717016439163,0.04650445346525656,1
0.07423828418736328,0.013522806489269567,0.014670490484727683,1
-0.16603323204695486,-0.15713102524691677,0.033334916937696774,1
-0.3297645845441024,-0.2651492500538457,0.1333965803536361,1
0.15643715606003372,0.014024854621256022,0.08380732842387628,1
0.24784374785555185,0.08726031562908876,0.13554069978302152,1
-0.27431933456944435,-0.2228594820546146,0.3845292684519803,1
0.18878530761041934,0.11443982286068688,0.36990833960892333,1
-0.14487818412941245,0.044674849062330324,0.42972806437073624,1
-0.07280065196888619,-0.08246913077577092,-0.1061776409748485,1
-0.14341505342256777,-0.06710026227190513,-0.05791503157764866,1
-0.17863368341258912,0.01492122210003477,-0.10616036309339116,1
0.009159093918799266,-0.08808364058731935,-0.08285159754810012,1
-0.1521217969007982,-0.10053228564506411,-0.12576911567064172,1
-0.2143277670882313,-0.1738625116226593,-0.1807968540314097,1
-0.1571942181650252,-0.1635225005108767,-0.30394580265433646,1
-0.052687446700051765,-0.11060463244479118,-0.23857664656630212,1
-0.16245140548917902,-0.04328875706787638,-0.23590857635322376,1
-0.16569013627074458,0.2881492983285774,-0.34605402655376704,1
0.23698469720482018,0.1812877321899269,-0.3168827872082285,1
-0.03930803367927327,-0.09940342999124119,-0.2838773106490394,1
0.00208642952136473,0.174045350992603,-0.49057338906138625,1