-0.001577003990713477,0.3211373718158841,-0.25577295616910156,1
-0.05076416096168779,0.20973479522062066,-0.3196814481570679,1
0.04202593832152968,0.2204598705344316,-0.3191633308529713,1
0.056072931675942295,0.21770635024660312,-0.26903841022904323,1
-0.05630291244320773,0.207464779130202,-0.2609617470861667,1
-0.07425205756581721,0.093381371131116,-0.304036347984339,1
0.07894787672017811,0.10511055173803196,-0.2907446233430723,1
0.0680649375282294,0.16260320365118108,-0.3833784917961044,1
0.14294779347946074,0.19641563583552246,-0.48641947074785496,1
-0.07800738829043485,0.14451088805963552,-0.3819876263984806,1
-0.1402747170042855,0.17426886945264375,-0.486929504647013,1
-0.061946949247745575,0.09409837363784013,-0.40359857097483975,1
0.059746512030895316,0.10594398472933186,-0.4248169109868072,1
0.03886521377280361,0.16363080938603813,-0.40467747075446536,1
-0.05502725536221209,0.16505651311832137,-0.4191984798850764,1
0.11675234897978592,0.043151294763582815,-0.3569107027154774,1
0.1808129807983394,0.0029141467069444537,-0.3124681114363561,1
-0.09073298413469,0.0464591312367133,-0.35734002221575256,1
-0.16967775850992706,-0.006680892085595469,-0.3002762300061725,1
0.17933472197965838,-0.09037828735063558,-0.1504972880300478,1
0.056922819033495386,-0.22782804596853318,-0.1335466007877124,1
-0.061397585257261245,-0.21828302681898282,-0.12922393700189616,1
0.004389074406264015,-0.2500426189113857,-0.18256809457709933,1
0.048418274033786624,-0.218041565729581,-0.08819793119439056,1
0.0004059025212924672,-0.21506586567404862,-0.04319327249077243,1
-0.04595317409657118,-0.21603922667483322,-0.08476926140406105,1
-0.15289326193178276,-0.0626418365471606,-0.13220225066412183,1
-0.12708846896848858,-0.09935176118439148,-0.013619987612061068,1
-0.17149585527128686,-0.08580016807422819,0.03661013188241424,1
0.1466198495642721,-0.10994540765959443,-0.021367518692754772,1
0.18318851641955058,-0.08302098951218217,0.023212430855582333,1
0.01594960603215889,-0.19783822003042017,0.04548188827146271,1
0.011709944940216987,-0.2637268320277694,0.12386350534805418,1
0.040886436923400216,-0.37073201319806736,0.20201172962036784,1
0.27224526715002994,0.009563368426866336,0.2097559756592431,1
-0.2127912086394408,0.0009288020467796976,0.2496203559638288,1
0.020017916942734137,-0.017004146878964343,0.10346461797775097,1
-0.06091597935347043,-0.020029270231341795,0.12096422053505593,1
0.091209202083258,-0.0226509471989641,0.1154681721889389,1
-0.13317232511271992,-0.14377488350945144,0.2597060397515327,1
0.19816610646735391,-0.1105533762666415,0.2350305294102926,1
0.1824607727272216,-0.15521152574471308,0.4409434606954248,1
-0.10731940052133026,-0.19143779794705873,0.44178153814510634,1
0.25107836031595765,-0.06453690952096735,0.4165503427805115,1
0.28067030455407504,0.05527333390291611,0.4852940151642666,1
0.33832234908907743,0.03286798603970231,0.4831243549600355,1
0.36184078299293976,-0.017993467513075067,0.4842754072672171,1
-0.16936031134803076,-0.09383275166674842,0.41319018075983654,1
-0.26396098765927567,-0.050987648616232395,0.49232020453446323,1
-0.2363770803212022,0.011892992152577441,0.48308726268526686,1
-0.18596399769186278,0.029938306267043524,0.47990203272105736,1
-0.3006920563680877,-0.02702254010382532,-0.20909051899053654,1
-0.31855406603743663,0.03431223011647688,-0.19739646745831463,1
-0.3958808148258388,0.12130096528118983,-0.3281547183195421,1
-0.3988140607801798,0.043488884842412645,-0.28142092733745283,1
0.3237171443474387,0.018239606806750796,-0.2395079356747627,1
0.21325999842096388,-0.07820598417196098,-0.22659649605540116,1
0.40872372724302597,0.11655042808017002,-0.277154220485615,1
0.4077157485378078,0.22558504034574756,-0.3060744268089488,1
0.32533409920138645,0.29780956970978556,-0.40844174511032305,1
0.33226652530398737,0.3576170290924189,-0.3561583980419414,1
0.3504617584447095,0.3710522583089025,-0.30294115486426776,1
0.3786627735117528,0.35350289680665564,-0.25312318941278633,1
-0.002981690531053127,0.08164152204384967,-0.17399164034270997,1
0.056177641589729904,0.027437011039466885,-0.026846262356977568,1
-0.04050441607509834,0.025154651447082302,-0.023365762837668682,1
-0.11219779410793974,0.06485225108583276,-0.23867850143793673,1
0.11864431716501261,0.08040380249501822,-0.2319480238866385,1
0.09544248216382227,0.09324058953082842,-0.13911408369907047,1
-0.09594591797618715,0.08363809843832506,-0.15096271508892733,1
0.2865753863903755,0.15726120984789282,-0.2472561960460533,1
-0.27860306315202943,0.10919333617399374,-0.249955521702096,1
-0.3531787657333396,0.2835202173711706,-0.3912718075576035,1
-0.33244691391199765,0.2596984117486585,-0.4320608293227366,1
-0.3286103491731205,0.20888643771439064,-0.43974365740779286,1
-0.3866044649597362,0.2734722689999658,-0.3482111128038644,1
0.013656398368927957,-0.2100760721426863,-0.3932213102142135,1