0.411557191839796,0.03088797896146378,-0.270239488923643,1
0.3949335031299839,0.03309284365919041,-0.2357527549797256,1
0.3732698661634686,0.0374943942556456,-0.17757922007496396,1
0.3455209466659319,0.016490185817124914,-0.21537876601949157,1
0.3538433469941368,-0.008474629767638131,-0.3368208726210198,1
0.34963393076368354,0.07733820868048191,-0.3300790601257564,1
0.2271757640313612,0.1297312658125067,-0.3515516565545642,1
0.27221690742257554,0.09865126418302505,-0.3457813192355921,1
0.2582302794550434,-0.03795497480180088,-0.3285726467122479,1
0.2197507719930618,-0.06651612947519858,-0.31976080583169475,1
0.19458621813816057,-0.07513061989250147,-0.46094721587378906,1
0.2546457439080272,-0.019791327829562277,-0.38653171993651725,1
0.26405974909586194,0.07076663662410265,-0.39869381115620506,1
0.16993184975446707,0.10703923012346905,-0.4660283620192125,1
0.12709528827794747,0.12732981500996,-0.48410973259815493,1
0.2215670331195461,0.13566902079875653,-0.11326780875175135,1
0.11716100618749908,0.13553020690121875,-0.263999786291515,1
0.185778280965184,-0.0915385312413255,-0.43038295965040696,1
0.1685580958567039,-0.081215891807914,-0.2684119390059727,1
0.20713891075843754,-0.012149690386345307,-0.1271583374081554,1
0.2006946499508424,-0.18674397151990973,-0.14688251176707823,1
0.20895369612659031,-0.051460843776365284,0.06226483183561804,1
0.16685938760643792,0.1743341071277662,0.07264783006414277,1
-0.010368022580906244,0.19066789813251028,-0.13324568136678436,1
0.15367367456761327,0.1286777168249844,0.18214957974165236,1
0.2692885888754196,0.12815826613508685,0.11883934538271878,1
0.25329919579483773,0.011905504393057153,0.1117975573761476,1
0.22701424204055698,0.16247831389825507,0.4221591536655369,1
0.31017921185505193,0.14953089724327118,0.4669712201181361,1
0.49467265343856326,-0.03101420032307267,0.2763031304284329,1
0.4159948169915033,-0.057080162865259965,0.24271374571661486,1
0.1530113142522502,0.05507728093311082,-0.056672411869873374,1
0.010900094371559907,0.05519197000401168,-0.036543762925449856,1
-0.15374202503298545,0.06665375257899431,-0.04795140707525958,1
-0.33667107813482633,0.07518986850001674,-0.00929099967762892,1
-0.34277258034585206,0.04485344523308843,0.06789469481068178,1
-0.4410469139123467,0.049026053216794985,0.07294184984020635,1
-0.46627966013623345,0.055708503928136366,-0.018962795769843665,1
-0.39842437638200945,0.07879466304291488,0.019076455747461182,1
-0.46723808878381173,0.0798496106663199,0.14235259650676454,1
-0.42135481520079815,0.11158972191072647,0.2834120836600541,1
-0.4689666064102705,0.09512389231143525,0.3019542112917992,1
-0.16291797426184784,-0.008924949642612922,0.09555483255380462,1
-0.1417034480238648,0.00346547181929191,0.26229475682826675,1
-0.2841042088829062,-0.015042387441012772,0.3496538092522523,1
-0.0850161907039837,-0.054733029459653415,0.4594887808486128,1
-0.19410420945628926,-0.026782521404939724,0.46734527465187203,1
-0.17525207807311596,0.1359955840400104,0.09686939731608057,1
-0.35818472861364936,0.12347237705746217,0.060279481871722385,1
-0.3840502893255865,0.14321694248423578,0.2174794213284763,1
-0.44216814620712474,0.1338319117598208,0.3201920011807684,1
-0.27977187555737437,0.18722526549450613,0.4592319863423411,1
0.14763024466961158,0.07594162675087734,0.21356051064263798,1