-0.1662627626565416,0.3433856088318956,-0.236928890984058,1
0.016493203502960796,0.48719065582835163,-0.4074417392689347,1
0.08448865126939875,0.4909081016565371,-0.1554508887193623,1
0.08595108854416911,0.2854977272758401,-0.1034007496120698,1
0.09308922398672203,0.1700270244372768,-0.02812757557268042,1
-0.20066838843697976,0.23356343143728075,-0.21002140394043023,1
-0.13967321287852363,0.25307431624406296,-0.17230467297910446,1
-0.11550605567285088,0.17218148265937316,-0.13956016892796053,1
-0.19431518247899504,0.12266480779260735,-0.10317914664958483,1
-0.11043030722512736,0.013978707358608066,0.007106322001134868,1
0.07867767599393882,-0.15576157099746757,-0.01918632826150457,1
0.13874319024376103,-0.024230308903564035,-0.02872899938027751,1
0.08400150358537228,-0.004580896538563195,0.05815292688779339,1
0.012858634301651045,0.1762655153291945,-0.1680394650465521,1
-0.019867945831715486,0.34323485965645323,-0.3246615242405772,1
-0.0027877307312325627,0.39939601507027356,-0.34802153089833854,1
0.021663495368142826,0.2324472704286023,-0.2763437810540914,1
-0.013983623960538482,0.14614300522528148,-0.2760417285285701,1
0.054632296366199484,0.1364425349245485,-0.27802693179225945,1
0.10483638889426028,0.20282600702236864,-0.2690235251470947,1
0.13481667980595147,0.13400662955958387,-0.24962956467767516,1
0.19133976376012518,0.12021436843653688,-0.20387833622890217,1
0.13326729045713437,0.22010716433153998,-0.18696444747287622,1
0.1428192512439076,0.19929119091300543,-0.12351332397487899,1
0.1414460449992352,0.20728425879431755,-0.08428114063379732,1
0.13179394955652113,0.24724561095042724,-0.06033810908513315,1
0.1757015434353495,0.27073048761757334,-0.11556204239369796,1
0.1275997934189943,0.3429162219862012,-0.16496396341471298,1
0.16122318081069187,0.30762625384557263,-0.29866269391125044,1
0.09717397326239355,0.475351202625408,-0.20848947973515386,1
0.09915964603204513,0.3437772712196683,-0.3248049289736743,1
0.021363465418141644,0.09522821015719929,-0.018187841031040985,1
0.08401921301084814,0.25101875858893185,-0.234622410541375,1
-0.10081423406271228,-0.10535932943622483,0.047530566758187565,1
0.1224367681623208,-0.13389191026423827,0.07293963903188055,1