-0.46266069637968354,0.22020979539703345,-0.2123920320176791,1
-0.49595421039793896,0.1913457577880815,-0.20919798217754892,1
-0.3754398486910482,0.1411325101115063,-0.3195469099923317,1
-0.4811581148379846,0.09054203266466738,-0.31465663190324483,1
-0.38112463612633895,0.10226228751229183,-0.3664830404880317,1
-0.3713921950544017,0.10749592344336789,-0.40823223564190625,1
-0.46045032385685136,0.050198952614727954,-0.4124251568589602,1
-0.4476856573860015,0.06429616608518529,-0.3697384411238315,1
-0.3423325526359338,0.047008000954982254,-0.24362030872682916,1
-0.4104730178598778,0.021661856915905275,-0.24129682977548628,1
-0.2638818530400897,-0.0138040096411709,-0.10288362494457637,1
-0.20923301784548531,-0.0038951650183648434,-0.1795591585968992,1
-0.4164918577411637,0.009592825488494938,-0.32695998877702303,1
-0.3510609631005678,0.0758795849054823,-0.34108480615121655,1
-0.26037735161921904,-0.04365216182351528,-0.34957146041442666,1
-0.09280927977409348,-0.07718308419832709,-0.20875665263613907,1
-0.007274706417199017,-0.08962621234934417,-0.158661797730963,1
0.12318696499325332,-0.08689629772308294,-0.17682375822451135,1
0.3074732831377127,-0.08073851321853298,-0.19359893744542056,1
0.3720616741237541,-0.06651867766623631,-0.029856602095274187,1
0.30467566159711456,-0.038481498055105895,0.03200192693754461,1
0.3814681749720004,0.01465752803746656,-0.03495656121180102,1
0.45031336322687465,0.008442816769467231,0.12082674421144768,1
0.3043828224747339,-0.149485749199893,0.055051613375260544,1
0.344486579761091,-0.1975818023441026,-0.033368364231236125,1
0.36214777668725806,-0.17236106536986506,0.15549976876709603,1
0.49931982319611323,0.015136034560408795,0.31665557687249324,1
0.39592949859809406,-0.17617765624180093,0.3267340760313169,1
0.4328797578127671,0.03627195265014005,0.39674707167301104,1
0.32503510020417625,-0.19076052722820336,0.38066544564879656,1
-0.08631409493765041,0.019598182641791403,0.0154115777699496,1
0.19698810881880035,0.036691906663308016,-0.04310761808851514,1
-0.20845406401343014,0.01920226727407154,0.04728243755802353,1
-0.20938972930594862,-0.13330988643745586,0.04660261419058531,1
-0.24144597596807893,0.03675461958088766,0.4087484437087072,1
-0.10925098621158113,-0.1491521594043821,0.4009838141628048,1
-0.16305076621820325,0.021663856351876287,0.3425296314487518,1
-0.0401925951912947,-0.1609534841968605,0.3259136330690806,1