-0.4881919631286883,-0.012266539846527813,0.017228648735977625,1
-0.31552359373316485,0.05515309631013321,-0.02462903445028619,1
-0.29434041126181354,-0.07605872190869112,0.058490146676552945,1
-0.21952969407493975,0.021370015896503516,0.07636547017199605,1
-0.21774534398664397,-0.056976603695991196,-0.05013691654659207,1
-0.24879440944506495,0.13751605655018523,0.19650832253699812,1
-0.24876855214972515,-0.10953236782230746,-0.20813340180542061,1
0.039234683471027654,-0.2798061317109437,-0.460971481313456,1
-0.020211979807580715,-0.11611749576125541,-0.21067798793746084,1
0.024338489606333016,-0.057981839182906475,-0.04072361312682504,1
0.03477085438204913,0.002778102192858012,0.07188703011873262,1
-0.02402178180181913,0.12697560643425731,0.2028610888057294,1
0.2714069003832753,-0.09952820434330345,0.02144598210555615,1
0.28805663097293155,-0.05211834070895316,0.08597494855346177,1
0.3807862108747133,-0.032954005941309594,0.1110214985574528,1
0.4786317672848215,-0.02067645690573361,0.1335666473495345,1
0.4328140867245738,-0.07289184331918785,0.04810141572376425,1
0.46309704259417117,-0.12321452423171042,-0.03539833031728801,1
0.3776254495838609,-0.10572515003238036,-0.008058900747179187,1
0.03273164470641943,0.28465148706866205,0.46132822512111993,1
-0.08396456352640091,-0.1785810686000707,0.12182903449321103,1
-0.1832816177099994,0.007783840402890263,-0.0012519960240817695,1