-0.4815091094165833,0.23792757043066404,-0.15781491946736814,1
-0.4592542061184339,0.2644317566477472,-0.20745315115883622,1
-0.48560824750439346,0.21097832081784495,-0.20651400190927993,1
-0.4930685105153634,0.17421058355935126,-0.3138051861116784,1
-0.43558382098950376,0.2926820747307719,-0.31546743583968006,1
-0.47909300755134243,0.24199474664642118,-0.38862206630215645,1
-0.48368310824119564,0.19919628006308843,-0.4435830277909556,1
-0.45202475241250084,0.27354605212061567,-0.44914304223251755,1
-0.4402290014078698,0.1969352264190487,-0.43587575441939097,1
-0.42482633962738703,0.23228962647026385,-0.43471271666509325,1
-0.23467432858342896,0.11933994914233148,-0.42359830909715334,1
-0.08531267072211368,0.03647783449052722,-0.2556740644156186,1
-0.03794791316887558,-0.0033062910716568083,-0.2195672568971867,1
-0.25144069239735816,0.12950885925063482,-0.05042226914279491,1
-0.16220424675603834,-0.006855805622982658,0.0748045876025632,1
-0.2088034036191573,0.06182481987316521,0.05938609931282791,1
-0.16693436096213465,0.1137620394489205,0.06552456176678367,1
-0.08443030746863877,0.11599649353206305,0.06521056965454175,1
-0.21472030324818658,0.0389569139413144,0.25217423266248695,1
-0.15881789087925968,0.14940575281205204,0.2547622157324567,1
-0.19715579699962848,0.0350117866758608,0.3979869729103619,1
-0.1397278976529135,0.13360175842212585,0.385741910159871,1
0.09448622765896708,-0.1862484461505476,-0.14074037986460563,1
0.18587460465101824,0.020015077743446963,-0.15853142971455858,1
0.30484447310353024,-0.17074881372802153,-0.18061041942921452,1
0.35150054049774315,-0.17991768333308378,-0.11478307586433001,1
0.30714925111875313,-0.16217707473740983,0.032306590084185016,1
0.3550376074864312,-0.04384527590509135,-0.11522075532514697,1
0.2501833651180556,-0.2573758305951164,-0.13697153046313798,1
0.41289211565762684,-0.21310504906075955,-0.22505031280296217,1
0.49761306133737976,-0.24781468557584912,-0.08489830861392017,1
0.39586576639466314,-0.1742943554578935,-0.1543720781733956,1
0.4479377125306661,-0.23311557124508364,0.18383401315661485,1
0.24074195678058885,-0.03890934176071292,0.07948899091481154,1
0.16117759433566373,-0.17655791791031922,0.0791567714154473,1
0.36576557728347336,-0.07061132309384232,0.11123727190117716,1
0.2678629109599324,-0.2614643430207225,0.10760980742760928,1
0.3202302258554841,-0.2800141005395028,0.19603272025669527,1
0.41027719774750526,-0.10433753770902254,0.19845715889778015,1
0.2756339670270165,-0.25033981607973166,0.2264124157518267,1
0.36699328674242737,-0.07425958888354933,0.22790998745956648,1
0.33757612862427533,-0.09664730528497922,0.39561466598501793,1
0.2663242351349968,-0.24575541758258007,0.38493051599628963,1
-0.17185276149226336,0.14573815723661276,0.3780230238704778,1
-0.22557159343892108,0.03956148566849249,0.38382982448453973,1
0.3694972118849521,-0.09423115367291212,0.40891372027321093,1
0.2963182049542715,-0.24732844259298936,0.39893186055171936,1
-0.3437014023720293,0.1706143770886117,-0.27031059441672844,1