0.016288072901380568,0.09035261924453008,-0.09543737344271485,1
-0.0108281675144426,0.10197390883618151,0.2638005769098034,1
0.03269084663530525,0.10225252311411303,0.4419679885813995,1
0.1798056691395784,0.12260967581254478,0.31341090209102695,1
0.17185867766775636,-0.01612058611988787,0.3128095618436425,1
0.1663640427513604,0.12351074460080546,0.4998749663210771,1
0.17084321118621415,-0.023222874878529032,0.4964515401959281,1
0.11922889510591217,-0.023410545020089657,0.4509776400776606,1
0.12218565180618057,-0.02245760168570765,0.34170411633594444,1
0.12946821973475764,-0.04256530504371808,0.26641244924975643,1
0.02098123891961734,0.0013344093982965432,0.41759577706755735,1
-0.012807239655656,-0.002344383770385705,0.2906709163567539,1
-0.1209050643530245,-0.02695335332262422,0.07766270357006749,1
-0.0003954253600244595,-0.06126842061918181,-0.09112873408482042,1
0.0313049746275782,-0.055275944411993905,-0.2874343762145727,1
0.17736578978716122,0.0011996561354497004,0.24349054447156382,1
0.2558256045772622,0.002479813389239194,0.10325332170508261,1
0.12749377162896636,-0.002046938657444597,-0.11256915285845281,1
0.12384706402346523,0.11902519717231097,-0.10962802139028127,1
0.11515048558784446,-0.13183593334968774,-0.1086752795100937,1
0.027245852065996834,-0.13109325552228201,-0.10632251031700956,1
0.05033524502125131,-0.09229962406315373,-0.3234308263139596,1
0.14130678953140563,-0.09826881203684579,-0.33140190060724483,1
0.21275207701766724,-0.02303520531258707,-0.32534436948341644,1
0.18154130106694355,-0.0272132142978343,-0.4324215552009676,1
0.03573927289773515,0.03140903083499469,-0.28912774721388684,1
-0.11952317782753043,0.07317004429316508,0.06645480916808347,1
-0.032154267461805774,-0.021093621134166518,-0.3159396566952539,1
-0.22025335005701918,0.020897506746293315,-0.13190236360702978,1
-0.22616537666726577,0.05905243817540562,0.2226364452179037,1
-0.11363458364843781,0.012275000713753314,-0.44251253211435326,1
-0.09124604692752092,-0.0326267189266094,-0.4704056280012008,1
0.02438730230819275,-0.011745497727371406,-0.4882164528758586,1
-0.04370851711849322,-0.007181579413961359,-0.48027492763070206,1
0.19250803002181893,-0.015260678281961315,-0.3780542705480556,1