-0.04104861141286489,0.32489666701993463,0.14510104367668486,1
-0.1047817693278508,0.31935961088941145,0.001967925900349665,1
-0.2284021704828715,0.27787519566508933,-0.011088725370905661,1
0.07072631211581878,0.3032232651831561,0.010217318545096221,1
0.20791737552603012,0.29867467114026036,0.0072957945857519135,1
0.25735857041433974,0.27780371963067907,-0.07645753276077638,1
0.2509126854947674,0.1953828501081709,0.02018845084187637,1
0.31977612998400406,0.07589344715697876,0.038441006140111256,1
0.3030228179217993,0.034545090356065344,0.10745597969169518,1
0.2551486255920725,0.08171012525352505,0.13998811075120132,1
0.22308913296209093,0.19977807109913842,0.18346307207722282,1
0.19983447851708602,0.2623796541262191,0.2000250512961257,1
0.16127669423429713,0.17798639366569358,0.3233182074043124,1
-0.2895827357161299,0.22095852510580416,-0.0563905846277839,1
-0.3430820777520289,0.04072436001030272,0.03838271132289173,1
-0.29111931391587775,0.14274037519697702,0.024702902488363654,1
-0.3303591089018051,0.02358960617569794,0.11157264994437488,1
-0.2869814897732573,0.07336387918411968,0.14382821316054664,1
-0.2592651491287562,0.14647089123335233,0.18710515123828264,1
-0.23940536717876726,0.11411737324447246,0.3359823841898575,1
-0.22067711300646298,0.14134602004756935,0.26122148393878985,1
0.11340605642934476,0.2535249798342216,0.3593886469123593,1
0.009856220433454056,0.310209298926342,0.33014439256352013,1
-0.1399065267340378,0.30173206284938114,0.3697660949850836,1
-0.18337874916199093,0.24163181856097404,0.35659922059819693,1
-0.0802338187146765,0.28908815723279524,0.41361341345251645,1
-0.03860741414496238,0.42256821722228554,-0.029412688315145763,1
-0.003711505902335599,0.43122241981764753,-0.10669067675234056,1
-0.008468541242275584,0.4182121648149002,-0.16511822063714487,1
0.01992291535519941,0.4062351539470921,-0.20383498375715936,1
0.05008595284185624,0.3606703504430364,-0.29058290556669,1
-0.22083462690422095,0.2065769114976712,-0.3443977499125638,1
-0.22221354749244848,0.27464322506626626,-0.28613844445884773,1
-0.16786288332278498,0.2938581741826427,-0.3165190298634361,1
-0.10189314931234322,0.28728833497917783,-0.3743123406700045,1
-0.02838118365339415,0.3116497609227262,-0.36927795705913835,1
0.04941966525716057,0.25281561221800164,-0.41391110071933035,1
0.05332277585802647,0.3111824703739008,-0.3581233775392143,1
0.011750614481724763,0.2924601036863388,-0.3792140900327655,1
0.10891518106580225,0.253491031422309,-0.3869908382348607,1
0.19116498302845286,0.2533304424095214,-0.3417101373359023,1
0.13334140329654664,0.29689167270916505,-0.33765775730769243,1
0.21125847269630712,-0.07012945441531489,0.2614468771588712,1
0.2809506892264817,-0.14559659622064375,0.18891999308817953,1
0.19737775874236618,0.14817489916273896,0.37881536840083285,1
-0.2195771421867858,-0.11101772003055799,0.23258783332189928,1
-0.2666219577415361,-0.15573080280601237,0.18515791927909447,1