0.0029450067079453967,0.024251269166565836,-0.07889855719497227,1
-0.04725180573135482,-0.02185276508730158,-0.017085084800334882,1
-0.31294021594659105,0.09226155197099006,-0.38042877791278906,1
0.30045875549373424,0.2673534601734141,-0.28524408614560914,1
0.03852688710331642,-0.0075498488944069075,-0.0032051827603759297,1
0.050161400201831754,-0.04400568798854487,0.04776067713502774,1
0.035887249518103126,-0.07270265591627112,0.09242451984052413,1
0.006964991987146618,-0.057809815199602016,-0.03249350102901022,1
0.0077777335036326445,-0.10321761198128379,0.028427328737079205,1
0.05956941218101264,-0.10940189510255593,-0.4949152660000382,1
-0.052897063707656,-0.05683594513927412,0.0461871264022414,1
-0.018444123093062287,0.019943104228610904,0.00595809047420412,1
-0.010352606406585491,-0.010818403761183653,0.0747339313530847,1
-0.1150833975648804,0.42894085465578974,-0.1880811215374032,1
-0.0070149630338993685,-0.04750626311764604,0.10755045352679038,1
-0.03642090799547393,-0.0803026615109879,0.09479872393665331,1
0.000996476589854911,-0.11350703892801095,0.08018612993072904,1
-0.014510591743612577,-0.17355764459306488,0.37283787214810193,1
-0.027007361265461105,-0.1329454451884402,0.41543462715653295,1
-0.03629412119501785,-0.09162278184740513,0.44874215371666803,1
-0.050841251918989805,-0.056175945954028084,0.4915419730256877,1
0.05586514741953175,-0.21185624364365424,0.3487596250344236,1
0.10825763289197643,-0.20166348585246418,0.3757178320719845,1
0.18032031223674116,-0.18995350979004977,0.39260961355634505,1
0.21610718698738607,-0.18464415166469994,0.41938579884998317,1
0.010813924991232681,-0.2775695897539217,0.31161794423177774,1
0.026556016272272886,-0.33365812139115813,0.29943357177831253,1
0.05711467990517205,-0.43592879670206735,0.2687264192011352,1
0.035140603566173295,-0.3924518455181647,0.2753978708106539,1
-0.05738272625090168,-0.22675662521317585,0.33516397699796085,1
-0.11477342096675524,-0.23078349225133787,0.35862260950895913,1
-0.1740757726349491,-0.23813067928485365,0.3641268596623737,1
-0.22888930208909386,-0.25373629311442713,0.376458518444133,1
-0.004781591099394855,-0.26225464182131946,0.3894106829994827,1