-0.003920117262561362,0.023387807951153583,-0.49563523973481915,1
-0.003783200451758617,-0.027889572170802346,-0.48781018601378756,1
-0.005481258863062166,0.042846390863813255,-0.391671329931377,1
-0.00849477056825787,-0.0390326058510756,-0.37694696687295126,1
-0.005359713667894735,0.020750691631084582,0.025297456382245224,1
-0.007819070119647164,-0.0322585475005606,0.021324413562198552,1
-0.14534597445428468,-0.04139125403821113,0.049597153943085476,1
-0.02959622186717592,0.13070216561475512,0.04859934800859711,1
0.13983362903974483,-0.0035055112238433494,0.04977737363086221,1
-0.02871906754133402,-0.13610753313628665,0.054536059132671344,1
-0.018705393882625376,-0.08373038732716374,0.10573575927670392,1
-0.08571743022889944,-0.024977555777490168,0.10482173292365204,1
-0.02005402138790991,0.07825418396741601,0.10345613882405546,1
0.08989037688209317,0.0005949367056872212,0.09370581596892124,1
0.06026357990891773,0.07102967470773347,0.24865602595177982,1
0.07986417473179097,0.06684573039199204,0.40628816796358347,1
0.05281351198276596,0.13793250444624405,0.4377977141694718,1
0.12989110915887902,0.06869331855229887,0.4322549475071473,1
-0.030507141840357743,0.08688250619675752,0.23559061875434656,1
-0.04117221131334414,0.09565698642590003,0.41158799855825756,1
-0.09210775866090515,0.10957234246797709,0.4311301154303564,1
0.00679938178420425,0.14972909716724647,0.4363964710098913,1
-0.0932002541515885,0.01598509898795719,0.2428286511740595,1
-0.10559932127901916,0.02315804744423655,0.40796842473586503,1
-0.12619906137992565,0.07913856360646187,0.4298330446387821,1
-0.15329874820383504,-0.017716279057857775,0.44298179244979196,1
-0.060377295528526,-0.07075903968033081,0.23751053332745825,1
-0.06288970694585227,-0.061024793615742645,0.4006914393762523,1
-0.13436664101303641,-0.06516821375999093,0.42005695241674023,1
-0.04811064373390028,-0.14342904314583027,0.4376190186806217,1
0.03285089207121583,-0.09062093389627884,0.25636021283733656,1
0.02666986773428448,-0.09362136707855928,0.39904210232438575,1
0.09687000700135151,-0.10942906982643674,0.42758942057304683,1
0.0026587623214959777,-0.13521037617134657,0.43347486743821006,1
0.09534408340002942,-0.016500934188909216,0.24188293812920086,1
0.1026120538599638,-0.027752805020710536,0.3904604086628263,1
0.14758211159434475,0.027257748933619874,0.42443385025972513,1
0.1287406617839184,-0.07997554025205278,0.43536785861719695,1