-0.04417533137754279,0.25251278027603446,0.0531277046769576,1
0.07743872712772004,0.21262159405041375,0.06190675250865407,1
-0.012745658064352634,0.18349130700737162,0.1347414992538556,1
0.042075817524582365,0.31038680301017557,0.06071159936993009,1
0.016747872024680532,0.28922092964674506,0.044302281561805934,1
0.056578026057119146,0.269797925433392,0.044699829690494575,1
0.013639658504397703,0.3226158144072709,-0.0514045681223666,1
-0.07213820567773721,0.34818949243457087,-0.08188005435561712,1
0.0932172486895343,0.2885870103669626,-0.045376255050448566,1
0.17424106463343847,0.24328629785727562,-0.0619444956957218,1
0.07129991404634461,0.34208533501560945,-0.045909490805534414,1
0.10997620387282447,0.4119910123574666,-0.1950630218478242,1
0.09185440046804626,0.35462567814397006,-0.3793353428894002,1
0.023350056130195806,0.4045799275217449,-0.37046644233650383,1
0.1852443849851908,0.3316309728017074,-0.3618905358320883,1
0.1268332145660633,0.03139852566841783,-0.0523247845924496,1
0.17539280715167238,0.061924524427172944,-0.16303306531210615,1
0.1659566583290938,-0.008191256775889666,-0.15118348040678886,1
-0.13503065578045703,-0.16760092348228572,-0.3004890868619374,1
0.022471570724662992,0.17477989866855292,-0.48887249172270675,1
-0.19232309732748032,0.21653842695015735,-0.1617927511289814,1
-0.1835917919760035,0.16856917259664006,-0.06579340110927845,1
-0.2394185555334256,0.16570267118108434,-0.18529126519358663,1
-0.03716592184939621,0.08286388490633187,0.10159485328789158,1
-0.0484080420196053,0.06313585626279161,0.16482428605399754,1
-0.19612534927929692,-0.1497219461177297,0.05806330109339575,1
0.09054208043356837,-0.008807759860645241,0.0659176448624228,1
0.24549531160042115,0.06101250182104234,0.12027346639423242,1
-0.34393905096979926,-0.22976041989630147,0.14500932311249193,1
-0.30377518081607113,-0.20667619243638668,0.35840614985614616,1
0.18270245016518272,0.12354595989801353,0.35438639956609563,1
0.29876895774263223,-0.06773019033056737,0.30280154132604586,1
-0.17943474421635574,-0.39017031589755113,0.23614104024235072,1
-0.09871404531993318,-0.07534078990637413,-0.12274060184472431,1