0.030354555696249008,-0.3647692811843127,0.21032096490108573,1
0.16451413929462433,-0.14438503884783485,0.49630702390348286,1
-0.10778099298477173,-0.176133696448025,0.49667384636653167,1
-0.1840049773454666,0.021010500804179405,0.4900417675622367,1
-0.2250574380159378,0.010829522937819247,0.493024447034209,1
-0.25796663761138916,-0.04763726261220999,0.498446918986388,1
0.27987486124038696,0.04039609198020308,0.4955770324237658,1
0.33713629841804504,0.02648058394002295,0.49552207991083913,1
0.360174298286438,-0.024964355927085985,0.4906297474475043,1
0.0031054613081007084,-0.09195540660194405,0.0980028665810424,1
0.011609187797472823,-0.027454711461332284,0.10571775903858163,1
-0.21305322346267874,0.00003974739370882219,0.25100530037870383,1
0.26401788358992606,0.016080411092328717,0.20660547457451361,1
0.1364586535568233,-0.028309274458102246,0.005685030349853765,1
-0.10853750165338649,-0.03381538096613168,-0.009002103226817326,1
-0.05594944808395508,0.022201657572274547,-0.045054162658667074,1
0.0777744509255785,0.011719401160579456,-0.04204001368883564,1
-0.01176108376659979,0.08725420224189983,-0.16360979251657526,1
-0.11482092513130348,0.06328164549729598,-0.23680261527895918,1
0.11410991250466729,0.08169732397111495,-0.22143449747693777,1
0.11972896018185289,0.08059235896743744,-0.14258436238100938,1
-0.09544775933521865,0.08096267616061414,-0.14210179699266168,1
0.2019395689948208,0.06072168819447166,-0.1865756885809361,1
0.33393418458107055,0.053555288103229515,-0.24635756676958675,1
0.40422204934513894,0.10679542924722263,-0.2695864979012481,1
0.40386275389055304,0.19941391831616784,-0.29225301678403825,1
0.3954329193797772,0.3430593739432042,-0.26573039790988773,1
0.36909441772046403,0.3652520537330566,-0.3094344249930643,1
0.34671171202399975,0.35354025162976343,-0.35750603989767526,1
0.34701882557587993,0.2877231734636201,-0.4079431194347549,1
-0.005225375274372723,-0.21443909444651887,-0.050122815313455415,1
0.002512586651210569,-0.23491235510778516,-0.17204471859851478,1
0.004344493509936598,-0.231013070961974,-0.3628155708063232,1
0.1300817584523789,-0.14364763439356326,-0.026942801717231845,1
-0.11784115462339994,-0.1428411537449923,0.008385390873220488,1
0.011051432723002463,0.044685428874096544,-0.45125857707273287,1
0.13036327139741655,0.19431310574111205,-0.499108298842429,1
-0.12310015811028352,0.17787247944336482,-0.4926929011776465,1
0.2562864686618956,0.13658416422181163,-0.24888089387320078,1
-0.2579578522244939,0.10216799999535042,-0.24889710860604486,1
-0.3486142624070665,0.18454246900282412,-0.3196788070233536,1
-0.3875670174990534,0.2677533573495454,-0.3419655557170662,1
-0.3614460146870821,0.278736065401642,-0.3874974613942923,1
-0.3315992928618911,0.2614373208446268,-0.4402846006303993,1
-0.32922025963205836,0.21092102315620043,-0.44127073121509924,1
-0.4003810124362621,0.05113488425507029,-0.2627368352413595,1
-0.20433217009419846,-0.09884541693322612,-0.21758807327855534,1
-0.049825402179575984,0.20846277775343047,-0.3139579724393906,1
0.04322905687774159,0.21880255966143025,-0.3171331543858642,1
-0.07350774647313124,0.14762551213604968,-0.38193490431166177,1
0.07408386680959056,0.15238088492522017,-0.3922346140301167,1
0.03498064374222559,0.16219249911189326,-0.40147676658137365,1
-0.0435088974618934,0.15920469572657136,-0.39421295376886123,1
-0.06817482689847165,0.1041611488772893,-0.4122184172276939,1
0.042769684179465806,0.10447591220374994,-0.4252774581508616,1
-0.010824831948893942,0.32192000347200056,-0.2583684862298939,1
-0.0458440674042796,0.19694445889485185,-0.2514763456333281,1
-0.005894947453760291,0.2590796750353613,-0.2191225601752248,1
0.0019124990532950018,0.20923327838729827,-0.19905319054024634,1
0.048436107707322096,0.20329897741331893,-0.2478432291325543,1
0.028944039874652993,0.12881042914911478,-0.22892760394948297,1
-0.07361517686125911,0.0982650850787244,-0.3041954291804678,1
0.07776902036468147,0.11110130327225453,-0.29197643677814633,1
0.1615210722836964,0.027296797890465463,-0.32292695005644955,1
-0.10702678785478259,0.030824635590685822,-0.34987591327572076,1
-0.1390735015871465,-0.11529133367446564,-0.11708388346360243,1
0.13828311985834657,-0.13832686310131015,-0.11716109638939831,1