0.3314879885159443,-0.13085953872848693,0.4544226100015458,1
0.4720360961418042,-0.22641866479784056,-0.06815382737093722,1
0.19037189958435158,-0.13568033752433095,-0.45787554502911276,1
0.12828576469217423,0.12633907952108586,-0.37331891791386384,1
-0.34512849225470143,0.30983240926674815,0.13758921866509333,1
-0.4740039162623454,-0.06501635715663645,0.0570871099283452,1
-0.056098936550474265,0.016664640402373476,0.49742991728440855,1
-0.30690182167706137,-0.17518743288593796,-0.40922941178982963,1
0.18966188961621538,-0.22844535955596612,-0.18935251252005902,1
0.1481581033937549,-0.04363976034313577,-0.2904809395373009,1
-0.05955578521075744,-0.0342222537563865,-0.33754290493524874,1
-0.24764268749824225,-0.12755507183999692,-0.19181129112387918,1
-0.3088876431405962,0.04467590591800685,0.0929841199899637,1
-0.1677131177850914,-0.028027129504701153,-0.04636823997846773,1
-0.15743090753761324,0.06079669827147821,0.13859556018850033,1
0.06804326179222664,-0.31720964617145464,0.34850445952675024,1
0.2796213417617906,-0.29236157664346807,0.04468781038809433,1
0.06903722622020461,-0.1839800279705039,-0.061388002038459635,1
0.0766179373486954,-0.12821507716765912,-0.15791813328844184,1
0.018586354540425814,-0.0810447139520376,-0.17191910020749848,1
-0.04262139180230813,-0.16280421434990477,-0.09840031483960242,1
-0.04691866783020458,-0.12308116039276381,-0.019722828607354407,1
-0.04234076128083871,-0.04942291849424568,0.05536407867027153,1
0.005722896910500569,-0.16912550474861443,0.09481937025502578,1
0.05502463209019218,-0.18403647229778636,0.019361983883286873,1
0.10056641409350186,-0.012109047542246398,0.07437010331706295,1
0.09952389900028809,-0.01311780401819318,-0.12619009091225464,1