0.013126752549490652,0.07564093817560646,0.4589904509397741,1
0.01131785723058687,0.28829495633708773,0.41970279798910664,1
0.019077749904441665,0.48887533319498566,0.16116232726028334,1
0.019893860293964616,0.4621669780585728,0.19160775605348826,1
-0.026512944204344357,0.44416897434748137,0.17853673483087745,1
0.0487869413737847,0.4546727882163519,0.1898554093422843,1
0.21021964411210076,0.3348439237323999,0.04445009172696629,1
0.102659370455911,0.40594712703840313,0.03330890887778534,1
-0.03005866680246383,0.41446961061715626,0.02190759919024937,1
-0.1366566316815998,0.3919762391025543,0.0393822808698896,1
0.03609045649176901,0.4757874885278174,-0.025131886183196783,1
0.011843731978037563,0.44711913031415484,-0.2316995947302789,1
-0.0032238091676717317,0.19848016062274532,-0.49151329656222187,1
-0.2390143818096071,0.061567575633770355,0.18094775815843533,1
-0.3409926161171235,0.14342189799755345,0.049801292878623116,1
-0.2885393461702159,-0.02456296403561553,-0.014588053623407315,1
-0.2552832353798724,0.14660711553725325,0.1279294465434475,1
0.20953747568588307,0.0715165691721884,0.24533095818669093,1
0.3076105601617716,0.049958514079431304,0.11384867517252295,1
0.2538644539139935,0.1521001626933387,0.12117376854456196,1
0.3398139228868754,0.12086150010811725,-0.03984566532869227,1
0.3390244865029919,0.13201390484160902,0.010702912734875225,1
0.08779581329733058,0.40453543812202985,0.27169068225954085,1
-0.051658070332184725,0.40560635256243227,0.2531922538880278,1
-0.0138670359884554,-0.4865065652814864,0.07363107145368153,1
0.010742496132891688,-0.44557538075771496,-0.14391909246593715,1
-0.016064698136643684,-0.2723715414896366,0.18126932862305922,1
0.007911283834042465,-0.17836249010795763,0.25826760835814144,1
0.05602739911650567,-0.17690493120915596,-0.41397441643613875,1