0.42698991298675537,-0.46834325790405273,-0.20410923659801483,1
-0.434324711561203,-0.45790743827819824,-0.20120121538639068,1
0.4321877894030054,0.4186773319132304,0.0849953825873837,1
-0.43947412047334966,0.4241864696543387,0.08830519350925447,1
-0.3269170073419798,0.31814261551097933,0.299128120052945,1
-0.13850949644794916,0.3221035215772815,0.3056376238995393,1
-0.011567034148065036,0.4248107873410887,0.16832480155192941,1
0.09955639211750611,0.3271179440629569,0.29000518834464916,1
0.3245662336679118,0.32059744280581226,0.29657881411867537,1
-0.0006022285034743557,0.48643783533735096,0.09525905884831942,1
-0.24394325421140872,0.49888976455995903,0.0795236106351278,1
0.2284138397126756,0.4989392997914899,0.07976769619253465,1
0.4771073205933547,-0.19663859913873183,-0.3025120582675571,1
-0.45955812105155913,-0.19573245007795892,-0.3072910095108792,1