0.2215092620047151,0.07596751224054898,0.48826086459385465,1
-0.26326402536999066,0.07938196363501704,0.479188132500602,1
-0.002833994530048539,0.008165451464054673,0.23557327019272056,1
-0.20380452017174214,0.02821817554188516,0.183135621226052,1
-0.20171076407038,0.04803108926119942,0.0056540283001969005,1
-0.4348186483663674,0.043299251305426,-0.11458229338250336,1
0.18484997456044894,-0.0031486801112223794,0.17942688533991635,1
0.1962236089209506,0.013524315716592988,0.011758578654045564,1
0.4188833954601797,0.06371910732051278,-0.10277291322327908,1
0.12101296791143301,0.06273793650784132,-0.1413907397864087,1
-0.15672604205938811,0.04434060633829162,-0.14730888624585625,1
-0.012650542168129552,0.1572940338205715,-0.27978885834928224,1
-0.025029196072184234,0.1305753262104874,-0.1969535355282659,1
-0.014996621257830272,0.09730047485601356,-0.16302812633621086,1
-0.01417270616886146,0.12388277126821637,-0.3202234481254208,1
0.039261785947955374,0.004813812747664903,-0.47133146557088334,1
0.1312587080905725,-0.0022746187391486927,-0.48105642513489677,1
0.16041403297091894,0.005713988335357412,-0.38673535656182967,1
-0.07319540844604821,-0.007413159565898275,-0.4845743506677329,1
-0.14998342185336533,-0.007921505672641854,-0.4827880589435899,1
-0.17896502652640178,-0.009332410753180586,-0.3910943831020135,1
0.008700084264244401,-0.11533994655844593,-0.14138224795605925,1
-0.0025054455410615794,-0.1607644405945035,-0.3148349102325947,1
0.021283480208667674,-0.16127472238004994,0.04894354428523538,1