-0.05246601038852239,0.31432943702075166,0.025115443668288828,1
-0.10643078482161439,0.2928246443813298,0.027752661141434848,1
-0.10514857936111849,0.37331028984982534,0.019569832193187364,1
-0.12314750471574021,0.23908385143112332,-0.11743048582653798,1
-0.23405869412493096,0.15957165515736715,-0.07914253038396074,1
-0.029175136190826622,0.26378755604012577,-0.11837620500889792,1
0.10660448581049175,0.2532276603059519,-0.09510472376201387,1
-0.1750659024768898,0.356183810386129,-0.43365701180536814,1
0.22753610293627224,0.0677442273318643,0.04900854547591313,1
0.25923905847050804,0.07008879467882045,-0.13107397131205745,1
0.3239507314981105,0.0037339655237353386,-0.0240908769431884,1
-0.08305323884408283,0.3114767151533056,0.22593992041089747,1
0.002295865773146874,0.3002271240855328,0.11035533366039987,1
-0.12724249806566107,0.2670066934185794,0.11462684146211277,1
-0.23172712983772267,-0.07678250350997651,-0.05849883849739079,1
-0.20735866184945648,-0.061517994596418324,0.08522320771968472,1
-0.2538594336134471,-0.17348642962236727,-0.07544794451838132,1
-0.030188450771117425,0.2015113564881168,0.28436956557366466,1
0.14910800588136475,-0.16897227862948016,0.4436962429631741,1
0.06026150778703476,-0.223523679952911,-0.41826798071659343,1
-0.10868847803413195,0.27482162738687754,-0.30325605496580765,1