-0.005377994541267389,0.0010887195161516372,0.49404981146484455,1
-0.04592240492585686,0.10786163052773179,0.43214129895939224,1
0.07447543459671113,0.08097925585543697,0.4219612798322092,1
0.10632705671165263,-0.0239831839867517,0.40471750175160015,1
0.025070131748152313,-0.09591239056043887,0.403549623238484,1
-0.053543813919673305,-0.06127125869482061,0.39760664170447446,1
-0.10193198515304524,0.007076071227750891,0.38011952195260534,1
-0.1654988140525227,-0.04637655949318531,0.4545375178289652,1
-0.12386620236588941,0.11509774476348178,0.4598803833451105,1
0.027883717625658555,0.16327725440389895,0.4724494586623518,1
0.16568800886949653,0.04642909696991815,0.45582711477926096,1
0.13756715782418138,-0.0977249152625781,0.46386045517774654,1
-0.03675456909582131,-0.1620163411541511,0.4562344402471088,1
-0.05468227850182958,-0.06865986180953859,0.1991411713965296,1
-0.022047697829045587,-0.12405790258494043,0.28038705736716474,1
0.04034534460823302,-0.07856237491882698,0.19465833429966178,1
0.09265494783444472,-0.08864845988689795,0.2795528660419803,1
0.08884566165086105,-0.02511657979088655,0.20471273026615916,1
0.11856105149095541,0.04398272218330135,0.27582153851308233,1
0.060040520514888174,0.06771704521309152,0.21029082168751711,1
0.02901649181567123,0.1250188549378528,0.29115664349911263,1
-0.04069397467899982,0.07328632465435047,0.18953643058094016,1
-0.09182646024995211,0.09212103391218829,0.3018359279611118,1
-0.08613835679775716,0.016909736652883644,0.19796044188325723,1
-0.12460457176775819,-0.03080487998724024,0.28209069546519605,1
-0.13265585364311472,0.05496154639773279,0.043134074498904745,1
0.07176204937535768,-0.11808986291380358,0.047051301335544915,1
-0.005074265102371306,-0.024225115924890503,0.007374347700438313,1
-0.0035562971132154786,-0.028354816415021577,-0.4881919087745379,1
-0.003407445559979294,0.022343433854736805,-0.49747259895100093,1