0.00960881997363483,0.2368496513498432,0.01751664966726263,1
0.029053168436641373,0.21894226789755344,0.3333211257921097,1
0.09779008184684684,0.32404777242165095,0.33303624756524025,1
0.09973279537502322,0.3679640548634404,0.3683357013075711,1
0.09310944718652914,0.38890192330976036,-0.03758216352698661,1
0.09788369638638056,0.32672626589933884,0.0286781045693994,1
0.23475871519053268,-0.007366988238341261,0.0032714278099416627,1
0.31737046507440375,0.08674990761973344,-0.002392245815938998,1
0.3924383590614206,0.0679109591760022,-0.04753360676870022,1
0.3961238501045865,0.06395919260343607,0.3632730772094792,1
0.31839154026303995,0.0690139109968918,0.3158197634037343,1
0.20823059760743423,0.021081032851132164,0.31189329703040436,1
0.45989427153697043,-0.014411321050743275,-0.1666631476462745,1
0.015098704256064632,0.4698460647143827,-0.1607457737907832,1
-0.44674718799945384,0.03272763011209978,-0.16667290120972303,1
-0.46374120688506576,0.02332200813942986,0.48977843655290165,1
0.013261515239774812,0.46813348071991356,0.490703622516425,1
0.45972344074038573,-0.004243290703104918,0.48163728637197644,1
-0.014229861587641667,-0.4690358170391867,-0.16544241409090998,1
-0.017072004850014366,-0.4704426525753975,0.48543379422111954,1
-0.010732657794944033,-0.30263684947326696,-0.17463414902234264,1
-0.01774700402470608,-0.22535108803424075,-0.22918998187760886,1
0.21890693067680678,-0.02375717903903718,-0.23557173226474592,1
0.30911628330294915,-0.01577366369559885,-0.16666310450235477,1
-0.2335607624502538,0.00016490305342231615,-0.21818790481135974,1
-0.31072810912456106,0.01038181128274096,-0.16871944821494078,1
-0.22489942079375158,-0.003207410348847528,-0.49999352293297594,1
-0.006872886114985488,-0.2343000193377756,-0.49112858283740146,1
0.22553939667481604,-0.017572237067473573,-0.49121672109050784,1
0.0035259027871834547,0.19570808082459512,-0.5000001481654982,1
0.027967874623704425,0.286125979599059,-0.1732991124494072,1
0.0049592653831940225,0.2325140907055101,-0.24059613128850343,1