0.19455504704843052,-0.014038968403211726,0.3296458291367255,1
0.19716163297044753,0.1190558895416079,0.3360634720706743,1
0.17835296769018694,0.11554364466003641,0.4872439426714416,1
0.1747698219197804,-0.024624299095443835,0.48987902412778905,1
0.212931637420474,-0.013500036387797731,-0.3253826408710891,1
0.19002050156408323,-0.13272829784152906,0.08380089061837736,1
0.24303698982849098,-0.15034297762382187,0.08415215999081682,1
0.2520417099087758,0.14237142894617863,0.09150503785224194,1
0.1952246670261176,0.14167563545787173,0.08472813219291653,1
0.12952325892566963,0.12349237147708647,-0.09807648611403946,1
0.032871174695227046,0.13441735675460825,-0.09726577584017648,1
0.12329856427727037,-0.11697794704523634,-0.103350588606825,1
0.01506398107871465,-0.13757346772562667,-0.08979207712696113,1
0.010967020549919048,-0.052632482510960976,-0.11058117877692042,1
0.02503846436106405,-0.052274152574491195,-0.2886720919755821,1
0.04573474065427985,-0.09730935782328265,-0.34690876767143175,1
-0.038127968958110436,-0.06211424817489153,-0.3593939181999093,1
0.0031581820401118676,-0.08981250851564848,-0.43719656969620946,1
-0.07063067210616136,-0.05941656518517746,-0.38961847242474023,1
-0.04206997800718515,-0.08660066548210299,-0.44421229836687725,1
-0.08247008409570089,-0.04210361695679765,-0.40989098241433463,1
-0.09990422397510645,-0.024010196272296724,-0.47773923492000225,1
-0.11138141246867494,0.01848860745045222,-0.44337375068632756,1
-0.02412957231531565,-0.026870043709192548,-0.4972592552084345,1
0.028706758200461757,-0.012752742724282784,-0.4896810802566471,1
0.01490744041164449,0.0508887021136486,-0.4632763163073559,1
-0.011218410169502313,0.05126644955924409,-0.4676762603784672,1
-0.004594334367560071,0.0714862887124017,-0.3990512086263571,1
-0.03656516223440276,0.06634963086246959,-0.4173323353542413,1
-0.03370234721082596,0.021941445762819533,-0.3465023277658721,1
-0.07726301665148669,0.009546386608618284,-0.3737393732285035,1
-0.22518593040772505,-0.015115562838704743,-0.10793577199809578,1
-0.031291527431676736,-0.027383530603646178,-0.31801683878852704,1
-0.21490597515505788,0.010891171830098467,0.2337204045730354,1
0.0034601508937861513,0.02285028980173509,0.45825022296647927,1
0.01665907947511369,0.08687128457885151,0.44734044464324596,1
-0.21541610537166234,0.06914816680724622,0.24055406029708925,1
-0.23259579485239007,0.04846529295783997,-0.07311123290858656,1
0.0019052326381673312,0.08512095365471994,0.30588242974977975,1
0.009362284927867448,0.11926058847844567,0.28115983877411965,1
0.04137371896758257,0.11673022204478078,0.4459406943226756,1
-0.12502358845329253,0.06682490356409332,0.0619082597451216,1
0.0066740414658340574,0.05439758208998735,-0.10127716874129677,1
0.031084155468826147,0.029542427498316037,-0.2926734071411188,1
0.05224144560182431,0.06879587126951314,-0.3319079307566386,1
-0.06458447289888003,0.14956171008545582,0.07564322732334538,1
-0.10546999285816127,0.14373260629681328,0.07892678302818834,1
0.16155858899009356,0.12666393888753324,0.26122262616409875,1
0.16816534168370767,-0.01962178090305855,0.24782160047091795,1
0.1775784761529613,0.11330647849375594,0.3104271657378435,1
0.171638238136673,-0.010164047803141326,0.31129168846158456,1
0.13131730949191067,-0.03495211108355217,0.2677248702085494,1
0.12317925456070366,-0.02162460220157117,0.3398859432854507,1
-0.01831816145407572,-0.016271366616084748,0.2653043039293852,1
-0.0008501113612906508,-0.08965503154971621,0.2564736256657967,1
0.03932536351114191,-0.01155663341137192,0.44394804710861235,1
-0.1259312763564293,-0.020584351351488505,0.056984420192099705,1
-0.10428889370615257,-0.14586791412858901,0.08578987117805248,1
-0.0598063033253477,-0.13970204799324426,0.08904803779262715,1