0.005780864917485085,0.025254643924869757,0.3892896110351351,1
0.29280422245357584,-0.0375468101791534,0.2625808866630295,1
0.2705425067884999,-0.041507081791513745,0.14537422643579534,1
0.23974795173166363,-0.04559009602642261,-0.14626272359854386,1
0.48188734934990274,-0.03286075323494475,-0.09251064984473611,1
0.4539978650096348,-0.054738229467873545,0.08245419133775655,1
-0.48710638582855026,0.0443591545802855,-0.34487512631690453,1
0.05306846142104504,0.022096727493709167,-0.3899081167154259,1
-0.31934412715227345,0.10180900016179252,0.13466018150890546,1
-0.27314888157864736,0.04151027356959158,-0.0016465697000587198,1
-0.22148075168628223,0.05247819652454522,0.05457160897135832,1
-0.26704949609759304,0.056302272364244926,0.22703855706078818,1
0.01621003589132397,-0.1859467786336444,-0.2274606138508497,1
-0.025896840814265354,-0.2502908829406166,0.35690611267601635,1
0.23276566063251214,-0.03417174397073586,-0.22142661889655413,1