-0.24869118630886078,0.18223154544830322,0.2400711327791214,1
-0.1078471839427948,-0.15752121806144714,0.24280032515525818,1
-0.04237369820475578,-0.11198154091835022,0.24399273097515106,1
-0.1534786820411682,-0.05419895425438881,0.24583157896995544,1
-0.2640405297279358,-0.063663549721241,0.23302847146987915,1
-0.3072928786277771,-0.1277858465909958,0.22471129894256592,1
-0.2528708577156067,-0.1445225328207016,0.2297457754611969,1
-0.3132108151912689,0.049602583050727844,0.22446703910827637,1
-0.45760905742645263,0.11614828556776047,0.18717484176158905,1
-0.308614045381546,0.19144827127456665,0.22380708158016205,1
-0.22608764469623566,0.06787046790122986,0.24069906771183014,1
-0.11227807402610779,0.16664813458919525,0.2605172097682953,1
-0.13072779774665832,0.05224781855940819,0.250080406665802,1
-0.013465196825563907,-0.010605726391077041,0.24683763086795807,1
-0.009858238510787487,0.11659399420022964,0.2479531615972519,1
0.040956173092126846,0.06702626496553421,0.22990331053733826,1
0.019246645271778106,-0.10119805485010147,0.23208564519882202,1
0.10401291400194168,-0.112603098154068,0.22842355072498321,1
0.1580471247434616,-0.03193157911300659,0.23491913080215454,1
0.10230191051959991,0.05125455930829048,0.22307991981506348,1
0.3978062570095062,-0.1035337820649147,0.2371351718902588,1
0.2970888614654541,0.09575153142213821,0.2435895800590515,1
0.4893209934234619,-0.03181305155158043,0.20691223442554474,1
0.2937372624874115,-0.1861846148967743,0.24153701961040497,1
0.4770318768092796,-0.06625021320654412,0.057663992767665206,1
0.3742776729671248,-0.042747649865462645,-0.15005070108870244,1
-0.07562030753476478,0.0591788430724165,-0.26074462546928956,1
0.19412254627751063,-0.17163902722444446,-0.09757478646499407,1
0.21457710383769246,0.14793049234837902,-0.06516929626833279,1
0.011100355225404867,0.19532016847327538,-0.14268274793085212,1
-0.04898990407594639,0.12818104230712451,-0.11626817455486948,1
-0.07604359413923625,-0.041501623084441386,-0.1174402398452683,1
-0.04668811236513937,0.16458205551743743,-0.07012494415572012,1
-0.0779171708254755,-0.06855089699675265,-0.07425920369560568,1
-0.13149559395569077,0.13543391172763297,-0.025424415705290526,1
-0.14732547070925117,-0.07060149179691882,-0.01723666888549058,1
-0.1823542007226302,0.13996726794486902,0.011120720072008705,1
-0.17432578831563172,-0.054610209809832666,0.004387923092064039,1
-0.22455227497807184,-0.04877640609078904,0.015455346869512887,1
-0.23100207525240784,0.1218739359036215,0.02165239797769436,1
0.04767402099336682,-0.17699019632974788,0.11124321659361835,1
-0.27996741552113624,-0.14205285753177033,0.13619037471212236,1
0.299260004258598,-0.1898834321719134,0.06762576457105318,1
-0.4701760289172796,0.11356622538492367,0.0808896712088023,1
-0.21124313889705326,0.19955326572163534,0.15576077549721556,1
0.038189442139450025,0.1443251448294074,0.11896595854707417,1
0.2768770942439934,0.1042148471223388,0.09681113123293694,1