0.07998303421007247,-0.062470545192233384,0.4979740639930923,1
-0.10630025553353262,0.08510546836053234,0.24377291692075187,1
-0.1399826761091405,-0.03430779370406456,0.2654715518164533,1
0.1856177399942538,-0.06143592220738181,0.21632936455617485,1
0.17683738994434117,0.0538779121069779,0.25018613834430153,1
-0.35305235128418966,-0.2813161761662095,-0.4869405035804548,1
0.3895249826727114,-0.27281540966515893,-0.49592432427838107,1
0.3761721467954535,-0.3012089839458416,-0.4436881410309399,1
0.38457972603985135,-0.32603320188632234,-0.4159625159627386,1
0.3559923666476683,-0.29091683281345526,-0.3658555817839363,1
0.3382512231577097,-0.32488799823306014,-0.326609654949944,1
0.32967290447377806,-0.28681468458643255,-0.27888361731019273,1
0.314813972318136,-0.3013438025323808,-0.2364702810169529,1
0.2553454482828519,-0.25921500998466795,-0.1747927072393458,1
0.24592127149662357,-0.26172522014445126,-0.14665470648701573,1
0.24168716193406803,-0.2011494544031443,-0.13815104094987574,1
0.19997583062902785,-0.19654721957966412,-0.08084822878949715,1
0.17936019198128078,-0.1495659884235662,-0.06835332376477876,1
-0.33558251438931463,-0.28977608026764234,-0.4583921367990219,1
-0.33362874505162176,-0.3152411597444265,-0.409156694185528,1
-0.29158234883552125,-0.3249154536459906,-0.3450538747702925,1
-0.29082604340598994,-0.3277069743637463,-0.31158617026609114,1
-0.2532815057691752,-0.30957315169089694,-0.2698879557182703,1
-0.2516863025798186,-0.3086304376381106,-0.21944896535096658,1
-0.20532581907275937,-0.2841696626274979,-0.18315725292485707,1
-0.1979449648326661,-0.2827716864078872,-0.15620435266151267,1
-0.15362717732822784,-0.24427186626257002,-0.11186679689861201,1
-0.09592351600899906,-0.12982749080729522,-0.027809358689906194,1
-0.14144113375194744,-0.22476755309790786,-0.06510668516094409,1
-0.13242423137726555,-0.030526748080735133,-0.13291293240879268,1
-0.2043241356415894,0.0025557084629127535,-0.23633673553444945,1
0.2316909449469354,0.02202271749602336,-0.2615512247016499,1
0.14926431199528134,-0.012706416254959218,-0.14835353875633483,1
0.1252370392628599,0.09963626916748547,-0.37224174741204963,1
-0.08965915461305807,0.09487481379270901,-0.3778089154032045,1
0.08475807203405328,0.13331906394950832,-0.335028717762214,1
-0.029014898529509447,0.09929820985228324,-0.337980647896769,1
0.09236738200781769,0.03254835792061517,-0.22192655922768611,1
0.11489838741597369,0.18967144435858263,-0.2558083320543545,1
0.05991308046622612,0.23173590038502204,-0.29181927958974313,1
0.10405075725812374,0.21998670056356206,-0.30090848793063873,1
-0.020320748582260517,0.24016251166477054,-0.28788903673137933,1
-0.06283069277006037,0.2071830598399227,-0.264004441813112,1
-0.06141108352021707,0.23268058025806226,-0.3058771527283053,1
-0.07945957057890895,0.0822959596654751,-0.25788587804241003,1
-0.039256996099411356,0.20485134203739763,-0.18902883341524168,1
-0.032133193370563085,0.266895776148516,-0.19629271826407768,1
-0.03198534065375336,0.25187061776963393,-0.1459925635526731,1
0.013994986594785263,0.3024937675470962,-0.1882128136318424,1
0.002029010601959591,0.282563558405319,-0.15588116117922546,1
0.07240555520876857,0.30581139315468064,-0.18137964087160308,1
0.054994865675364935,0.2839693761085642,-0.15107511411608443,1
0.08183066609468314,0.2564542460344249,-0.20824829061139954,1
0.05970820886580852,0.2538222400318195,-0.17081391272632185,1
0.09736247879977755,0.19651816592595228,-0.2073530256503,1
0.02842959468145101,0.33941424926942365,-0.26941475106736245,1
0.04955946503136488,0.32820998650154953,-0.23902926863215978,1
0.009567961851976836,0.32263062133277964,-0.24429241270700763,1
-0.027899139655607752,0.21032440098196847,-0.335592239390605,1
0.09138611897479709,0.18668599179850664,-0.3324691844182994,1
0.09780297557399486,0.22739810753129297,-0.33205845137685874,1
-0.05242651975630158,0.23935614291134166,-0.32980418603472983,1
0.01810638263745007,0.2857453154870289,-0.09775964346183555,1
0.013557975021494125,0.21447296258282236,-0.10992479696771848,1
0.01825700403482168,0.11482996743051804,-0.04719885242472174,1
-0.08341134595587984,0.07780414749503567,-0.06337557020970463,1
-0.025048543964501513,0.02052589542700367,0.2012211975040287,1
0.09652139392287617,0.051947518061104425,0.20209627737461033,1
0.0875883043490352,0.06928298488647166,-0.05188536320510004,1
0.1232461733689469,-0.04279779898257262,0.00870943349184472,1
0.1307359324884672,-0.12677505023690527,0.043044712356557185,1
0.13801894095871511,-0.008819940356427656,0.03882552722558391,1
0.1185433759031184,-0.012733425027267098,0.16848408791760688,1
-0.10843958383060725,-0.11806528765554291,0.05557541115975442,1
-0.0843646986112267,-0.06828359368581777,-0.010006175469531104,1
-0.1111547305954887,-0.0013385938439685607,0.052408496616750316,1
-0.07797806108135252,-0.040605281594425446,0.19253579710701515,1
0.03577355260234327,-0.3360514903299874,0.24856551631618784,1
0.02964297431598295,-0.31062518601992694,0.07798451334728351,1
0.031521129244716214,-0.2499723011785291,-0.08966540623318732,1
0.03283986088153912,-0.11267438667162466,-0.24346891804431636,1
0.11141551263365179,-0.14191983518155937,-0.1529760135084085,1
-0.05730789833394612,-0.1430786753621518,-0.15846849823479536,1