-0.37467390313481424,0.04836836922659665,-0.018202126205463742,1
-0.49880991957149967,0.16562784210655934,-0.14799676195081623,1
-0.34496152367629973,-0.03796175860148354,-0.06938730037038421,1
-0.435406956977249,-0.01288862484576414,-0.27757450834970276,1
0.21297686655917047,0.08150042857251183,0.081099910788345,1
0.13882080615877523,0.03332276561983072,0.02606713016830864,1
0.028139455426186267,-0.007908106084548075,-0.0008093567628653236,1
-0.07406173377276115,-0.035103256963582075,-0.01657615226434117,1
-0.08765609326639634,0.06666673652443644,0.048449717456406915,1
0.01048672606198306,0.07067478248243605,0.05025117007360272,1
0.09260166927439628,0.09097623278163636,0.06520071514574321,1
-0.09305648852043369,-0.2625887222592045,-0.08563373959852338,1
0.07726406653524857,-0.23160835784362066,-0.05242666471168704,1
0.2588456091775746,-0.2140955452115465,-0.02911356464789039,1
-0.23946532163605005,0.1480378499795567,0.22845285994482267,1
-0.048465965918187415,0.1780505374252559,0.2446251601493299,1
0.15601436997284468,0.2301532897566343,0.28801331070724245,1
-0.03200482445203623,0.26327619463651563,0.14120878694632088,1
0.012008838341122096,0.17569434643361026,0.03501670503769683,1
-0.19900653429326948,0.20543348708816733,0.08187491542159097,1
-0.11430735895454519,0.1593724745572489,0.016287483214719067,1
0.1148477763846627,0.20436086529232966,0.06844062453880895,1
0.17417988348281177,0.2899948502290357,0.1457009276420589,1
0.4344766890126144,0.19191669444352755,0.013602975472654321,1
0.05340052880619106,-0.020856680383682047,-0.08341404634720772,1
0.09135057723344614,-0.14160351983521302,-0.15524279651916828,1
-0.07775740352513366,-0.1397957412309312,-0.12044121686655185,1
0.3093105092602709,-0.10524703972145799,-0.08554639347956838,1
0.21462234526507418,-0.009980848694646216,-0.07017337913481247,1