-0.29145217013500285,0.029938563613486985,0.31968169932976564,1
-0.2844186919679381,-0.3150253154637773,0.19355349979636993,1
0.2841414032239338,-0.32784679717218845,0.18986863142759303,1
0.27131517590996834,0.04177435760924089,0.32344864951144236,1
0.2643357516815451,0.20300878023205548,-0.08299777347090087,1
-0.2903950739639457,0.20414140550767043,-0.08461690617668127,1
-0.27459184465962616,-0.15259863745908375,-0.21669345235365012,1
0.2814507152853519,-0.1587077095859104,-0.19992462462656624,1
0.4867644514114091,-0.25709719151302235,-0.28573385273973617,1
0.48906236649337686,0.32695893288668176,-0.07459980743952243,1
-0.4933690868301055,0.33759881515030593,-0.08340945486376094,1
-0.4918430756348138,-0.25378385863795805,-0.28679337866543175,1