-0.2035931646823883,0.05267323926091194,0.48258063197135925,1
0.17420172691345215,0.0656241849064827,0.49904823303222656,1
0.17106345295906067,-0.22095854580402374,0.42268505692481994,1
-0.1878868043422699,-0.24744738638401031,0.4071005880832672,1
-0.1911298386477518,0.2287938630432933,0.0956418891205667,1
0.18387847814591773,0.23834035176281354,0.09905449845513664,1
-0.1882514027931133,-0.12273487499679625,-0.028382197848615426,1
-0.18676818233562242,-0.058346281156459234,-0.31782465234477564,1
0.18531105668450182,-0.09374577565718844,-0.004895895814082035,1
0.17712066173653212,-0.03463422685049711,-0.3065331047866468,1
0.08788876813447752,-0.10478748961473538,-0.005643875709907306,1
-0.013095213833936747,-0.1106609458526594,-0.006100317502729796,1
-0.10887434612354424,-0.10366979158112666,-0.0014714177306725251,1
-0.08596619640020408,-0.043502039519974334,-0.32735062332374415,1
0.0034927009118518315,-0.045829026462714195,-0.30475151143824225,1
0.1062837398601929,-0.03875220427211712,-0.3054339966310531,1
0.20126212232742757,-0.019170909744747444,-0.45277478415849964,1
-0.22010782470319667,-0.05203817900794183,-0.4673065464255349,1
0.21657795459553153,-0.18767794125930637,0.03134077648329292,1
-0.18775502748179096,-0.19473133315000268,-0.0008600172750137247,1