-0.4012529857540814,0.4545201030593713,-0.4378975582300715,1
0.440889719854344,0.3964421875750648,0.002256313562432055,1
0.3417710478080528,0.19768111270730881,0.04555520916015046,1
0.2377061633028621,-0.4000827579620241,-0.49546784009677347,1
0.10404233002767782,0.04762572994554781,0.26693893784187633,1
0.013639819112736262,0.14625117243273977,0.24532770573035367,1
-0.21373819908350633,0.048669453939775176,0.4571862404688414,1
-0.04422161063941843,-0.17362871087293863,0.450733570934569,1
0.2631543435442649,0.33037620959801006,0.047294186741111854,1
0.3009794312658345,0.01567428994600939,-0.23605197249864318,1
0.027555963171907116,0.39258582866507696,-0.21844989588363628,1
0.3778819271597902,0.3333707977979121,-0.030737925829936507,1