-0.03634682374002543,0.08589429137166216,0.4778805236327699,1
-0.1546451600570884,-0.16384490617682318,0.005515979049661002,1
0.15448839343619544,-0.17519376292684086,0.04452862551284279,1
-0.027190350674280245,-0.21711324564905587,0.1695690345060124,1
-0.016810802459967106,-0.25352028547539307,-0.1957672991157368,1
-0.2038684436671836,-0.0292712864851552,-0.2536365310948412,1
-0.25330337594049207,0.027528220933825176,0.09938524401298904,1
-0.15692638172138484,0.1676833227479939,-0.05094119965491073,1
-0.1680874979232998,0.11902713852836255,-0.06640082342468245,1
-0.14311310870736538,0.20981652135869355,-0.03683238812128753,1
0.18522910611866455,0.1464772634692875,-0.025047585845966183,1
0.0583088396098419,0.18852366565697054,-0.25917598558768473,1
0.03964510770527907,0.2655969970637786,0.088819465050884,1
0.23120585450665607,-0.008949880925164466,0.12347924796097698,1
0.2223729715283328,-0.05598849126992953,-0.2176019185382302,1
0.12388289340702552,-0.0543034349430537,-0.2581511037147811,1
-0.00023982415779499888,0.035755027211608226,-0.2490886632836593,1
-0.0005729519739710032,-0.1143538786535512,-0.22832232404648878,1
-0.1106847086021483,-0.033854909684461365,-0.2716462939260751,1
-0.009260180851324406,-0.07219997844556114,-0.4970582477919256,1
-0.111692869967281,-0.05932879996360363,-0.42993486970489103,1
0.12128640586110306,-0.07703195584221461,-0.40628577643640495,1
0.06051158024746206,-0.041834023185843616,0.4292254863397664,1
0.059483425620978636,-0.025504074945045474,0.4919247594971008,1