0.21999133369108517,0.06412812008481827,0.49730037440231633,1
-0.1981082127123973,0.05603482919728631,0.4911576155660048,1
-0.19299918364037588,-0.3227278991527456,0.3162720802271739,1
0.21748139898845226,-0.32893196146101644,0.32211352101458423,1
-0.20073392549528285,0.253916242139815,0.1275248202963135,1
0.2360882205448043,0.26694534192603314,0.12139661396173973,1
0.21033330859806748,-0.15271031250061495,-0.05130981028552983,1
-0.2047621379913529,-0.15694637871875372,-0.04875775840037688,1
-0.2726832920880319,0.2889450872352266,0.05335565781305707,1
0.26124648814296103,0.29892079223360923,0.03742312012911897,1
0.20378156287173743,-0.1191012086022698,-0.11623977373046168,1
-0.21605466415740404,-0.11728041255246935,-0.10711380189769154,1
-0.007587670147921166,-0.14763312642013987,-0.10715698883149376,1
-0.014589373820370843,-0.1286103149998639,-0.34823973788529333,1
-0.024018602011722123,-0.10773572941451748,-0.4952778830355378,1
-0.2378761839960053,0.0013709218130976141,-0.4561464385577655,1
-0.2329147336437012,-0.026007302190551695,-0.32220861628970465,1
0.2631235850441863,-0.0008875691957384024,-0.46337791615080864,1
0.26390636692922003,-0.023712354817090553,-0.3292945124327574,1
0.19241588916554608,-0.04960647128887752,-0.31519536402404624,1
-0.1943087162150492,-0.04302397936716584,-0.3065144740075453,1
0.20404082664576228,-0.23613363095077444,-0.12540562324348636,1
-0.19655146964147896,-0.23894701508602334,-0.125866375209426,1