-0.4954269893843479,-0.0706069848917128,0.009365861531600572,1
0.10866181239621297,-0.03321529708793569,0.4299111350554659,1
0.256474229262043,-0.023718660826167692,0.42834309871636033,1
0.11158743603367682,-0.017279635714821495,-0.4157025560068348,1
0.25181603547619513,-0.02346276000269576,-0.4326781344284605,1
0.4730605252230635,0.09592444499119779,-0.0033912194262182282,1
0.4672381072811051,-0.028803938089230985,0.17543601648806761,1
0.46563089395362267,-0.02717755661632193,-0.16791921383278563,1
0.41321376720898195,-0.03298234683042356,-0.17161616855909756,1
0.40422925700405043,0.08271261559410892,-0.006447999758175449,1
0.4109423368364179,-0.032755950214304386,0.166176700412554,1
0.17138535706313837,-0.035562130973832706,0.04470570616415043,1
-0.20749583389006898,-0.033465250693314186,0.05815415741955343,1
0.13925993774808987,-0.018353320414458807,-0.03760117390920614,1
-0.20116338428240965,-0.018604128163749678,-0.04964163148151446,1