-0.36760939348872456,0.05627137408069083,0.1671596235610987,1
-0.31368224455102156,0.04706804112399432,0.16648658840273833,1
-0.3721996732599052,-0.0473358319457462,0.16509389535497643,1
-0.31169067312951493,-0.04224418439512434,0.16708256529410081,1
-0.3917150916231946,0.11461475549096045,0.3234010434250364,1
-0.38593952330838743,-0.11111267893084697,0.32172875731782135,1
0.11832230726660608,0.10463818205051933,0.3172725642688032,1
0.12034980714423216,-0.0906950696104114,0.31648192654793494,1
0.11533200875184968,0.09026935866532615,0.07572933494265846,1
0.1802051871614873,-0.016991215538964377,0.10387193875024267,1
-0.35782780730084346,0.11519421903500715,0.06732456089318828,1
-0.4716002276173226,0.005675826461037925,-0.14047840788054833,1
-0.4980552199378184,-0.003587678568910402,-0.18932659660381912,1
-0.43222263179401743,-0.09500924004312816,0.05605119771473238,1
-0.4333252120213582,0.08823808081229667,0.06300660601927532,1
-0.3015128616068776,-0.13512457838024394,0.00800965090493011,1
0.032577489676992304,-0.10495038404756074,0.04637652651138725,1
0.11185432828484434,-0.11096940614203555,0.04747343334343881,1
0.024448758656199575,0.09715537934907972,0.05796892578665176,1
0.3296450288775331,0.021794368790283902,-0.11632769679106158,1
0.47795176430125646,0.008006544552200845,-0.13393496997278253,1
0.4954067662393794,-0.004778229716791094,-0.18255100775652422,1
0.3805013064280667,0.06075363179117055,-0.2533827083076532,1
0.39805688504609904,-0.0336327186422718,-0.2648389114359828,1
0.3943898140177078,-0.0870427141169472,-0.3205618866262858,1
0.3881367219618994,0.09112849644637766,-0.32189249780362383,1
0.31149717339801563,0.14084459814350003,-0.279659672004329,1
0.3094180714977619,-0.1399478017929654,-0.2806935612150423,1
0.3308261362205436,-0.05870391391793284,-0.2404676974243285,1
0.32957780559626254,0.07460419539117943,-0.24681586421893015,1
0.34225850721826145,0.05818460968936795,-0.2873299600185889,1
0.34245163360722014,-0.04522390610092972,-0.2970534876242337,1