-0.22160331904888153,0.029053257778286934,0.41544869542121887,1
-0.08373086154460907,-0.15918661653995514,0.41161924600601196,1
0.3374118208885193,-0.18398645520210266,0.40695372223854065,1
0.4426511228084564,0.020133962854743004,0.41377636790275573,1
-0.16214346541338598,0.024173590006644208,0.3318024120207612,1
0.37945221843996396,-0.15875773285795494,0.33037350492084416,1
0.49572391464804455,0.023271121832906694,0.3174658919771609,1
0.43688747033829467,0.020114052676968086,0.12299000682722782,1
0.3599338214031027,-0.18122327890802303,0.15672495717139,1
0.38862373868028743,-0.09707803395809178,-0.10355111069913425,1
0.2666232157342263,-0.08334036807341061,-0.20200081365915134,1
0.3252110790496392,-0.19360202638485258,0.03878295833342915,1
0.4026155505156961,-0.019972822388292677,-0.006144907822813295,1
0.16034696933606485,-0.16970492036554338,0.02017417354542217,1
0.17510023802127827,-0.20507530056875667,-0.07957220794362196,1
-0.10144995955771119,-0.18003845451915357,-0.03048043476401463,1
-0.12660663916538972,-0.16697601477656065,0.08985397331866207,1
-0.04706478562510252,-0.17955336563646162,0.3306606056604746,1
-0.20057644626888002,0.0230948949673222,0.07121082556124783,1
-0.17228377508031864,-0.1264871313798095,0.08833881863622425,1
-0.49739308480022415,0.18547131875605194,-0.2108949961976166,1
-0.45334231261297653,0.21934342686041286,-0.2058470394989067,1
-0.4761763446362366,0.2265421938635852,-0.2001298102218494,1
-0.4607290278224361,0.19702051130840492,-0.1795207331140367,1
-0.37099139587381324,0.07261297405279765,-0.2145042663557375,1
-0.4807068546469775,0.09655709764903708,-0.31607422256866685,1
-0.4047668138014968,0.15364284594831662,-0.31202587206689414,1
-0.4653551602360406,0.04633509180227424,-0.40918973907271255,1
-0.45720489884074844,0.04704122375957631,-0.3640930991829102,1
-0.43888779164660474,0.07260356066951523,-0.3748839848780358,1
-0.3988541176847398,0.08886690289978904,-0.38680114995996373,1
-0.3675257429406628,0.10844952350635428,-0.404946139352673,1
-0.35573453476229533,0.08669811009477524,-0.35348620504769634,1
-0.2766368832883801,-0.02648451475157665,-0.35813765274444176,1
-0.10373523586366073,-0.058861955613569106,-0.21492343276018788,1
-0.17439942457608515,-0.005361774144883147,-0.1827895747288104,1
-0.0907289811242159,0.008207495774969153,0.036920000984470014,1
-0.11886345323886597,0.01700838968116125,0.0969074890282787,1
0.1916364653249244,0.018810819602387063,0.007518434192913759,1
0.293304017152225,-0.007513139594477192,0.03981765230908252,1
0.23295705093940422,-0.14029955553696177,0.021681007126107543,1
0.33192772855923275,-0.13505747880227925,0.020201815970882553,1
-0.2651377943357023,-0.02677057736008437,-0.08169279443714616,1
-0.44722166960976794,0.033164601762406765,-0.26677249359063193,1
-0.3724578771490314,0.13214214949226077,-0.26123192179378796,1