-0.11457009955324748,-0.4137483231026089,0.3644071873036894,1
-0.1763614991819198,0.34252328043297564,-0.23096634572069385,1
-0.18864564627694724,0.293193663960192,-0.1877107698783136,1
-0.19873567988211915,0.21936548824694246,-0.2040727405543099,1
-0.16821314127415832,0.10466683509799912,-0.14466575707455176,1
-0.11554633535324987,0.019410751536642956,-0.0004041681653628171,1
0.028002618092729747,0.4787630189743677,-0.4066806918730559,1
0.10017979592719595,0.4937202247316623,-0.172320057876016,1
0.08680393002288067,0.310442971732808,-0.09952001939942123,1
0.10004277544383122,0.1778666144236037,-0.017931132041953623,1
0.15217011469121444,0.2272680197742827,-0.047973538018109885,1
0.17472941451513746,0.2606430637424202,-0.09248008905818827,1
0.20058050051796372,0.19095550162403185,-0.153977785150531,1
0.14527536305190458,0.32853368249514686,-0.1658030075990664,1
0.18142541660691558,0.30300219008958573,-0.2612879167796107,1
0.1891671935679713,0.11785873826727133,-0.20428460556541328,1
0.13142268910445098,0.13993562761226302,-0.2544578501350112,1
0.057999325621034936,0.1502241089752147,-0.2864415381270531,1
-0.025194034854032043,0.13464519031942185,-0.26547699413559566,1
0.11466637195492701,0.3611694811703859,-0.3134721376982963,1
0.004398830892501593,0.3018305765478262,-0.37102533111628233,1
0.018178273859358995,0.40327137149321235,-0.3980657465710795,1
0.11440801644457776,0.4435328737864115,-0.2457862319055284,1
0.1392193660430232,-0.017119368130216403,-0.011240523923559092,1
0.0752650509080961,-0.16480023884177516,-0.013452616930912153,1