-0.06636564080360352,-0.038339626070612344,0.2643828910494419,1
0.5212890410431135,-0.1515254968388664,0.2375392438121624,1
0.4774701575446645,-0.2820687682101415,0.2065836178238345,1
-0.1800519182142568,0.053443461749731025,-0.08559890084763633,1
-0.13060014214335153,0.030814767033290946,-0.3957032537747821,1
-0.3286239121743407,0.3644998036837589,-0.44312254935036693,1
-0.2406663254451017,0.2411387020092074,-0.4736093449134802,1
-0.15086201928930132,0.17130584146704208,-0.43777874577463915,1
-0.24209785223389202,0.09924303835393377,-0.47169458414966003,1
-0.2509344387091339,0.11603211306432648,-0.3275209852055486,1
-0.4164473373983604,0.21550570748087772,-0.023516960590734825,1
-0.3117712465677851,0.25029205241325236,-0.40562037733877787,1
-0.2587716330523423,-0.03980028654715517,-0.07129692391138731,1
-0.14115275712347786,0.1616647615337371,-0.05116565903509851,1
0.2007531862584916,-0.05668084048586053,-0.04870313677174831,1
0.10340533621831582,0.1716366656339986,0.011854112457611143,1
-0.04733549293506978,-0.18496005778832114,-0.05554831451028055,1
-0.12144625449174606,-0.22803160080723295,0.21424779767032653,1
0.030880415236246517,0.17099484222344996,0.28390630582825205,1