-0.201411741767491,0.1582810164663131,0.4539560394898906,1
-0.2348711386143157,0.06810359895861584,0.4549100076787199,1
0.24483030372140557,-0.21514532213247228,0.45474669929051436,1
0.31838014937687975,-0.06119459023926577,0.4532921024167451,1
-0.13475777493177188,0.14507596936618228,0.35428005415194885,1
0.387680403277976,-0.08435580656691521,0.38181194785082817,1
0.29581488605252615,-0.23588276065387625,0.3733234960436753,1
0.30737697984392464,-0.2416576159265742,0.2209093112775462,1
0.40341383488394844,-0.08712064078991721,0.2127607093192012,1
-0.21367835077610617,0.04649052636465312,0.3467014628746067,1
-0.11626052464376024,0.13123103509024991,0.21795208850902187,1
-0.16192641394901974,0.028353697398618926,0.2184985136546287,1
-0.07299613659823345,0.12299790008075728,0.06110661180817323,1
0.36615663164215917,-0.06676398844727771,0.10399108134112833,1
0.45679230337783405,-0.22359067707208702,0.1716527979578465,1
0.2782890534728655,-0.2328064193154078,0.09389142331866273,1
0.35761948084209916,-0.16389865344817345,-0.15841466357298917,1
0.4743352030755399,-0.22298957088056692,-0.17374846032347235,1
0.1490124229249432,-0.15561284365463102,0.06309734695512403,1
0.21907985210066327,0.0020067552919296183,0.04316364212963983,1
-0.2049340030065846,0.17014047215710998,0.014751224828825293,1
-0.2627506029739485,0.031551353510201496,0.01151813566622844,1
-0.2705382002668455,0.13946940232018168,-0.11194451958928297,1
-0.49288390334391885,0.2372664795502688,-0.17603961574962923,1
-0.49565683356408663,0.1807289728588024,-0.3080064200888334,1
-0.4512964811581641,0.28419951852562985,-0.30915088140026103,1
-0.4865707394145853,0.19273410493636,-0.4378404057178582,1
-0.44990756426512,0.2702669005773193,-0.44803714704624053,1
-0.43857541859340987,0.2680770993539874,-0.39775555998713163,1
-0.47829697157330963,0.1927941512515554,-0.3878315043030369,1
-0.4298597725661415,0.20879189089235511,-0.1559704002209928,1
-0.3870076106975009,0.13159785032271792,-0.338418981082496,1
-0.3776032230115143,0.15457695240432467,-0.2646768884428119,1
-0.45319344817545914,0.17372548784195785,-0.3967948325238999,1
-0.08088568223908354,0.03667088797007445,-0.2519687811030221,1
0.33006415467346883,-0.17412751776172364,-0.1873670185950571,1
-0.1502158556926827,-0.032404792397725535,0.03857424405083021,1
-0.07050100030821005,0.15277314447754775,-0.018380341227786034,1