-0.2084201735602066,-0.057929005020680824,0.39580786517035515,1
-0.219742380439158,-0.10956442596814916,0.38788218641155125,1
-0.16153021711149884,-0.040503361558563766,0.39791765258181866,1
-0.15702526742216322,-0.102651442751172,0.39140057447875986,1
0.021980876136085348,0.09152638165397314,0.42653532665103494,1
0.010122190896185934,0.16362965552635844,0.4375181610105311,1
-0.025027687275964272,0.14236671797014694,0.4381923225061164,1
-0.048174014490414585,0.09859630094055238,0.4274829343802786,1
0.38131908871492886,-0.25944018431013654,0.29071699464306455,1
0.40810318389245914,-0.2099942160478585,0.29939709872037934,1
0.44858859914504534,-0.1881904501113194,0.2960869153039427,1
0.4551521231805326,-0.26230708147160525,0.292932594101897,1
0.2232593471446347,-0.4167259117677823,0.2612944880224156,1
0.2107881789315207,-0.454233377963128,0.24805924557093684,1
0.2742826372893876,-0.46533347619252874,0.2558875901161253,1
0.2667465436036106,-0.4026006027209552,0.2662352025923247,1
0.38815449339678487,-0.1676822810738754,-0.04044794650301142,1
0.23929057395378006,-0.3371241004198797,-0.07415305956045936,1
0.27457119417710385,-0.15895257790157058,-0.37621142456319656,1
0.18022520839879433,-0.07855643524988887,-0.2694736556449797,1
0.17223646973099976,-0.11557764348602029,-0.1528498597219936,1
0.04712544144849762,0.0956264040676662,0.28037824936461586,1
-0.12072644933648946,-0.1059626731783817,0.26054178672883554,1
-0.0014760258119057567,0.18182275831570305,0.04657465530906302,1
0.1449120142356164,-0.04222184820455316,-0.10622999987069814,1
-0.058166424789002163,0.21349318705571124,0.10953528296330611,1
0.07135369371717814,-0.09515075198493683,-0.13009683798211813,1
-0.3054098685699832,0.2504455753096573,-0.09813825934944975,1
-0.4538485929480256,0.4556190919757066,-0.22533143097462638,1
-0.3361704307492971,0.3583910838761774,-0.22329677506311585,1
-0.3250777501391726,0.43193264045577106,-0.2329836643078793,1
-0.4237842145152939,0.3247235091787326,-0.2533502155522991,1
-0.4484533186172337,0.3639305562042314,-0.1994555859761018,1
-0.38586916962724427,0.47832702370204405,-0.18543080320588334,1
-0.462299854559288,0.4654064217904472,-0.30410808002186895,1
-0.2749124946118542,0.43267056407159554,-0.4105160509552497,1
-0.3786773707614941,0.32438799451663724,-0.4321732747027103,1
-0.2836239062655874,0.4284749346336958,-0.3065048465381677,1
-0.31626289902918714,0.4281460733736857,-0.36638885241380925,1
-0.3860854237393814,0.3371734187060147,-0.3922757851983651,1
-0.39961711756299234,0.3073085002816085,-0.3267909374740422,1
-0.4527675917204439,0.38867139353605306,-0.32119519452740153,1
-0.39114966528847517,0.4666683417444799,-0.31727808499238663,1
-0.05868695456065787,0.24944707932639432,-0.1636750251603747,1
-0.20638281558764548,0.07339230794685214,-0.20218171907831395,1