0.30383020639419555,-0.19496746249929675,0.43419893833100975,1
-0.3626291751861572,-0.19234690497252083,0.4419168297424716,1
0.3091827551947087,0.20110237185064117,-0.08642395831592431,1
0.39366843558456066,0.18348039816971068,-0.09532030537857228,1
0.26798983614920685,0.19300653890283398,-0.16866016315628407,1
0.3920281158549218,0.2034176257041927,-0.2207548614100867,1
0.32980795717496075,0.19995646131730937,-0.22868968506994758,1
-0.3262705048159085,0.1350007095277589,-0.1457720600917627,1
-0.39538539270705086,0.12968507488352182,-0.2069100127707384,1
-0.028292383672599855,-0.03820331121774233,-0.5457399164856147,1
0.01746268568483153,-0.029830353052127584,-0.4917651851119329,1
0.09258135639340055,-0.0798104358350526,-0.4137960911859914,1
-0.013064446665068535,0.08394831638818051,-0.27333239964659705,1
0.058438041200376434,0.046242416115911476,-0.23158317504096992,1
-0.07283693839301781,0.03797311578249159,-0.2052145529819729,1
-0.003005176365781903,0.11492616562457408,-0.21411940774202423,1
0.06726372405993563,0.13886798393421557,-0.15297628129814783,1
-0.04507872963597359,0.13845680869059584,-0.13769584032934087,1
0.08227899160595586,0.09820569542211117,-0.017580934747353713,1
0.11566402654477584,0.040566295951344866,-0.02158924674309426,1
0.06815039292398216,-0.06406299034926102,-0.0024428016320461043,1
0.04998069299048691,-0.045315934528649016,-0.12103373748312501,1
-0.045642491079747716,-0.09367198989457859,-0.1290853625713067,1
-0.04799792988655402,-0.12769433067541208,-0.01303686058151049,1
-0.20478165173358076,0.019766048612968712,-0.060302735459521195,1
-0.2804841674656,0.06359831655270342,-0.18726602184781948,1
0.17311989141051698,0.013852319883771668,-0.16177405770694614,1
0.30507752645931807,0.07408686484362914,-0.11491476683355298,1
0.26026736767536995,-0.10997120987499409,0.209386969193065,1
-0.23289413463713304,-0.08527465830798236,0.20653305257733687,1
-0.29831298472434686,-0.15752453362570318,0.285139488957136,1
0.29920403070900514,-0.1744043225019043,0.27172736289575583,1
0.11821191190702207,-0.08092267671990694,0.13695383235425185,1
-0.12505153712344652,-0.09993531036037417,0.08049793560097873,1
0.12065543944590098,0.0800171640786713,0.08986240604721826,1
-0.015332085406873113,0.0730160566555066,0.15792787586408471,1
-0.13397503788555898,0.0124525922842329,0.0848924890507523,1
0.2289763063303818,-0.05966624687837885,0.2747969944743527,1
-0.27363905838051305,-0.049854398275868794,0.29392401634750764,1
-0.011869860841248303,0.09913129973509571,-0.026996537162950917,1
-0.1235359977223176,0.03159439241940498,-0.019134394603722793,1
-0.0940726952625699,0.07179513110944904,-0.14377165443473183,1
0.09348693723748652,0.03721227829191298,-0.15703262875044763,1