0.07640166309796126,0.411852797796049,0.03777481433436952,1
0.20404725343571373,0.3378090913792002,0.05041520642847741,1
-0.025010028722141975,0.41919886932192313,0.028287380453079422,1
-0.17350948744529676,0.35974115649670884,0.018384632228825137,1
-0.016308972521329457,0.462053783826608,0.17298379767148075,1
0.0427622240730231,0.453943051617409,0.18697213487048003,1
-0.057602438915645204,0.4022924469160909,0.25355884751406865,1
0.08382607420180987,0.4058476860147515,0.2689468271200166,1
-0.00044936417996882527,0.4073745870937471,0.38255997420252585,1
0.01357641467834661,0.4973013265331119,0.1336543761642064,1
-0.029712523774494404,0.44206742560651957,-0.22161908014265008,1
-0.1932825473679909,0.08758440406117263,0.2535171306064573,1
-0.22754175378941976,0.015188949290410924,0.19241063666720384,1
0.06461502738648894,0.08613465587234348,-0.48435648396882325,1
0.21040767643422017,0.13254152564609545,0.24868903738469428,1
0.2522640246106256,0.029786410824939324,0.16189389547014238,1
0.010756618456969277,0.2488482353040207,0.42511132785098304,1