0.021392086520791054,0.008028690703213215,0.24431383609771728,1
-0.05604801140178772,0.20931201156365953,0.23673104065550365,1
-0.091287868400455,0.27215540654697356,0.08195445588485972,1
-0.06144973708734458,0.20799270262073288,-0.1277701127120423,1
0.008347215849969558,0.04148160345269858,-0.16904788279744665,1
0.013340623895581688,0.051801370576810085,-0.22746189689346188,1
0.01903214675594289,0.018821716889019013,-0.24354331150372332,1
0.29439684027764645,0.045116629904040195,-0.09072078749060797,1
0.4404471402794705,0.050810565163850185,-0.08033652172985839,1
0.38296962544010426,0.040023638624725244,0.09303683300280951,1
-0.2711640209731856,-0.010995628293427373,0.028127164715539443,1
-0.34475016861095486,0.0024216487199471004,-0.02330804194348257,1
-0.4180130317338211,-0.007664400464143295,-0.12963913533544336,1
-0.48623704462481276,-0.017458941175645837,-0.1253172376335856,1
-0.3977818848817698,-0.029233630292795354,-0.010071379315823136,1
-0.29308483411097596,-0.03868931377463747,0.12366601734126559,1
-0.3514627567355628,-0.04726838325623772,0.07517493870282088,1