-0.03285941086748306,0.2547031887730886,0.4974932853753659,1
-0.014252779767158108,-0.03207252794552795,0.34202422012651845,1
0.21027409679679976,0.17524839647003354,0.19000271340825037,1
0.1753780004010012,0.13463672483953593,0.31247750903106297,1
-0.22919623178222492,0.11587969738293813,0.333512798592956,1
-0.2717009247482616,0.14788026143093597,0.17306369665908217,1
-0.31964935821714363,-0.04817849930010498,0.08643105457468225,1
-0.3396999131908584,0.04776756853619857,0.04074964855223673,1
-0.30840094324210554,0.18336410555950877,0.030231781992821727,1
-0.28943991719004214,0.22742713943372683,-0.07027771445864639,1
-0.0498192252785343,0.326014908771328,0.16655690256444783,1
-0.042684005567164895,0.38976507526041676,0.07633636668659283,1
-0.07986462306964326,0.3375969970962058,0.14555205396585324,1
-0.000376571440130008,0.3345539946839714,0.13940713428079932,1
0.23099683485340072,0.31317570049774346,0.003012351365562743,1
0.051559676738372806,0.34367326526277786,-0.01310216844942172,1
0.1268211871849234,0.3588921247382357,-0.06984766037958384,1
0.12105838657680834,0.2883771115106723,0.04972540802622731,1
-0.09897924356173826,0.3478261794877646,-0.009949142594141591,1
-0.2107102931798004,0.2681018372385289,0.0022322815386246475,1
-0.18506171427138862,0.3180125946425214,-0.06698348293738476,1
-0.1655224637137216,0.3009068642833945,0.06148618696230024,1
-0.05014733366341395,0.4132866222150156,-0.028201193885392606,1
-0.009195161146737795,0.3914122576671458,-0.25150711399585707,1
-0.2113967750880933,0.2766691696696614,-0.2911166191064619,1
-0.21706842448067953,0.2019096135988605,-0.34860525565407885,1
-0.18039050755488195,0.2525244001641245,-0.3537106723504315,1
-0.1799210145685517,0.2815797315736208,-0.328234341479792,1
-0.10410263817368345,0.30280597001684606,-0.3586892381624087,1
-0.14521607556476512,0.27210728527513383,-0.36396760693573227,1
-0.058386591272788224,0.26997627123860324,-0.39910754024691314,1
-0.027593063474450563,0.3176109454802911,-0.3633977151893977,1
0.05979387915545242,0.2314730893921393,-0.4167650028753864,1
0.05957837617178008,0.30544528854379304,-0.35858082262077406,1
0.0156917964453398,0.2809176697349369,-0.38945114865384134,1
0.010912142605754127,0.32017092593439944,-0.3573008678714711,1
0.08184009820588134,0.2678221241506984,-0.3881960334927821,1
0.12373959454225325,0.26196051560122413,-0.38410235721575025,1
0.12062137015298857,0.2995189692027904,-0.35266740641000704,1
0.19117125978013405,0.2492920620103387,-0.35276340336005263,1
0.14590339941341313,0.2876565973600318,-0.34349564975483093,1
0.16275691139625703,0.27294251430605865,-0.35288585095960134,1
0.30558100749995825,0.08460160759772867,0.029129071249901717,1
0.2680515348001722,0.2110207358679832,0.040932850490167816,1
0.2652548912735244,0.2368582704624318,-0.06488618365704235,1
0.24813409050470025,0.17972050236597936,0.0018116457757483273,1
-0.28665474328274565,0.15318992847020385,0.009860296978379534,1
-0.034726551801099514,0.31662123748468085,0.38015299854212525,1
-0.046513146176474285,0.3361711174331805,0.312989403512252,1
-0.0453501443576958,0.29343958880561294,0.42959458284756646,1
0.3065727939051457,0.02608843548996287,0.11928619601236967,1
0.25281738039095885,0.09306290151854202,0.15062836858833572,1
0.30221743810008483,-0.016071414386310323,0.11440015427696703,1
0.19628042694391506,-0.09533064241058805,0.2396022711399554,1
-0.21673256588000012,-0.08863156532945115,0.24928330712669,1
0.0056458750649039935,-0.23916837018970138,-0.450671772056617,1
0.35127210077056125,0.015643328010777946,-0.2264573823241236,1
-0.3306924773994163,-0.13195542180731867,-0.22790748058212376,1