-0.25183129393725695,0.12297343194787213,0.18816785696841354,1
-0.4929930392321301,-0.01592199747905898,0.012976116543160998,1
-0.31014140974198423,0.056575660691380314,-0.019559116970930823,1
0.03197758861583766,0.2853333099567936,0.4636791766620867,1
0.46905729383676,-0.021882966429374484,0.13256447941922245,1
0.4620184330101361,-0.12233700700083383,-0.034681149213198426,1
0.42860093475024174,-0.06595103825834592,0.05628151652255564,1
0.28236051679564755,-0.05270905376239732,0.0849124029193602,1
-0.028561199648753588,0.12510078044295203,0.18285978464563601,1
0.031370410982570596,-0.00034941623061501836,0.08108462735192265,1
-0.22340890213412512,0.01485718507347289,0.08154183720553248,1
-0.22022539991649603,-0.06712386096152301,-0.03793033679086255,1
-0.25144625588002034,-0.11043468796706168,-0.20503502119889116,1
0.03420701401977999,-0.2811957807887191,-0.46099065992544874,1
0.2629132431723509,-0.08471981558740704,0.01804650522058046,1
0.016659814708072123,-0.06248902356892162,-0.056433576384775336,1
-0.02250877905803972,-0.116144705537569,-0.21409673850265698,1