0.02689097821712494,-0.06015002354979515,0.49893543124198913,1
-0.16940104031415626,0.1088868428903178,-0.2868904147927584,1
-0.11077649293526556,0.047305049588069414,-0.4905253738047602,1
-0.011452243665077521,0.14076386624295245,-0.4517133598363241,1
0.08228304297799116,0.18661999707274157,-0.4195654307359263,1
0.1891335272563296,0.16155754308603942,-0.29837583788549643,1
0.11284459902647281,0.066714778798878,-0.39162488272048,1
0.12841958466759395,-0.039801395456627864,-0.29963074739715356,1
0.10363552858234515,-0.10493662426673952,-0.11435814524412635,1
0.034822078505372334,-0.15656921189673223,-0.10890169954634032,1
-0.08160753267637211,-0.17675491154552847,-0.14308895470465233,1
0.18316366552961516,-0.05405565449251826,-0.056770317116117575,1
0.19661488334632693,-0.009266885238394223,-0.2007320354957679,1
0.20002303415441003,0.058311713754296945,-0.2741510156758642,1
0.034468716467350724,-0.010681363264776422,-0.41698108867793593,1
0.04126850393351722,-0.09222437184730481,-0.3364832216597078,1
-0.08932931801198718,-0.04945671741777291,-0.43649761297198885,1
-0.08418694071282617,-0.12051886018561664,-0.34351647201538693,1
-0.1991488465277838,0.0648389595949912,-0.2016290271077724,1
-0.21574709933852437,0.026084502373440815,-0.0354954150784311,1
-0.1378719570644027,-0.024390238403160236,0.21285676366437522,1
-0.020400835185871657,0.03504213149555285,0.20010644438489888,1
-0.001996033036052669,-0.028464281562840532,-0.06936012774711997,1
-0.12245804335939303,-0.05386811590574944,-0.131561897531076,1
-0.04019587554104098,-0.06810289332375613,-0.24881704185550735,1
0.040937510211315864,-0.023828872919813726,-0.22981531503370345,1
0.12165500041566773,0.008349783713185621,-0.19222586052650736,1
0.14617772363729187,-0.025878738310344262,0.17940825609271388,1