-0.01818177434709911,0.05905106669995125,0.1559959097667173,1
0.0016260858001376776,-0.01514128665337966,0.15499785970930274,1
0.15832227229456908,0.08475872816008667,0.12966465077643097,1
-0.1546772368814251,0.11142428676225135,0.12787074083940064,1
-0.07036060284413636,-0.13599940056284687,0.13000053791520782,1
-0.18748604409481057,0.05883466912396196,0.069754529122661,1
-0.15016423978933754,0.046889225916254884,0.11422565497574011,1
0.49360641642179403,0.1446430804465117,0.11719054862815659,1
0.24744523954867975,0.13229911369684025,0.02862794041880873,1
0.44960879661387803,0.14808536052452645,-0.020308642984514347,1
0.4869025815846205,0.1429931731113594,-0.14219730936391217,1
0.2867061579797858,0.12532627152277081,-0.059705390154235205,1
0.07690978870890552,0.05422304903513453,-0.15761590414794224,1
0.11238241875823773,0.06256878780513397,-0.09919248267933545,1
-0.039450896379320255,0.025232878665409575,-0.12944403602440402,1
-0.09549045751324891,0.03069894556714642,0.12369632810565968,1
0.016004767874875147,0.058322639079545296,0.1138081814888128,1
0.09857094341216854,0.07624542676330963,0.1013975593316973,1
0.1964652574147785,0.10656565326205786,0.06556697155618744,1
-0.06851251976896522,-0.039422489736909316,0.11977021040536248,1
0.03762693347496637,0.009108029721078603,0.12006814096866761,1
0.10350213366929595,0.040689816206672336,0.09997020113837682,1
0.20334115755693638,0.08698264172471237,0.06260955469602458,1
-0.12120946869612598,-0.07776458938988811,0.10864670649794525,1
-0.19268426852182574,-0.11325702424138861,0.07259973904450217,1
-0.49952774508961095,-0.03293231582788447,-0.0034064452911621856,1