-0.04627332074098478,0.1679388337922447,0.49997083013697213,1
-0.043293278908908106,0.12729406614189476,0.4990989221585193,1
-0.08490548306762258,0.141595693073591,0.4995061003544154,1
-0.15332431347666264,0.031094883633615677,0.4996918832252996,1
-0.11974536382058942,-0.00023719267622968054,0.4993743059735185,1
-0.16646441651143018,-0.019897438011089896,0.4996309061814329,1
0.23078602496372214,-0.2809191631143859,0.4999611410536897,1
0.2750668480535827,-0.26436732596342715,0.49922446248410856,1
0.24211973446881663,-0.22588064279625963,0.4994962222603906,1
0.32635148091798427,-0.10204407741573962,0.499844753607678,1
0.3725494256402898,-0.1215761613016213,0.49967699163935886,1
0.36292059846944424,-0.06925350745243919,0.4999310821916303,1
-0.006784093120552281,0.07062150918494439,0.24726882110590995,1
-0.05916479745815861,0.013881007701327163,0.25402222235793126,1
0.3658244884434856,-0.240210900221848,0.19330705933080983,1
0.40689456131562806,-0.1836563934534503,0.21303290966665034,1
0.2660755783430725,-0.025432310686676646,-0.11293546589123682,1
0.1329175682009966,-0.022594211801190776,-0.4250737739539917,1
-0.0690567675696786,0.07498477790563718,-0.34405138474882096,1
-0.008272235439434005,0.040275519711667984,-0.3389809719325003,1
-0.42373315398046607,0.26793702959317755,-0.4512168664561411,1
-0.18498461495013618,0.20786440388725513,-0.48775756631442535,1
-0.2500329486856874,0.10525312846661405,-0.4865217385159699,1
-0.2754998798811843,0.24748372036117727,-0.466899625100198,1
-0.3353660142102073,0.24632986879829355,-0.4721121171409415,1
-0.34948030267851543,0.22640270116734146,-0.4872877552987234,1
-0.36040698252489783,0.21806478196786128,-0.47338740972967225,1
-0.33178514612007437,0.15379136666503945,-0.4681031948557892,1
-0.33824732019891046,0.22280881257121426,-0.39336685597259135,1
-0.4155278026508219,0.23615736353833472,-0.4127891208648531,1
-0.43126521965955255,0.2917311211540099,-0.39986700821603804,1
-0.38008428124215343,0.2947884563352243,-0.4187709400447728,1
-0.3192592068992517,0.1542527089836312,-0.3924571665667871,1
-0.2789499011403356,0.2377384950451643,-0.3883099339681011,1
-0.07027012337823957,0.11966417224392162,-0.01696059509318755,1
-0.12233236833937688,0.036979074650369204,-0.017393646456173695,1
0.009247843847083658,0.08099884876997154,-0.002247430437797515,1
-0.042888094059747646,-0.015225562834663086,-0.0009273107259020474,1
0.38058770233350747,-0.22400887041659923,0.005615666741808134,1
0.368444001017493,-0.20616857788434953,-0.19999970828196895,1
0.22803180542258583,-0.11729761270500294,-0.32216746754257153,1