-0.11275821924209595,0.3276192247867584,0.48021066188812256,1
-0.25803375244140625,0.27534714341163635,0.394143283367157,1
-0.39249539375305176,0.17608524858951568,0.2030150443315506,1
0.06481461971998215,0.2612899839878082,0.49187418818473816,1
0.39709848165512085,-0.06382474303245544,0.2581655979156494,1
0.14787517208482148,-0.19805536103194154,-0.1300192003883991,1
-0.06422867186692782,-0.17499679264778178,-0.20776540991377312,1
0.032078336645062766,-0.19721810771508874,-0.1526150710825267,1
0.27539684838788503,-0.10087514948770071,0.0018032128563159055,1
0.32937091479505653,-0.08247294061261812,0.14173699657000505,1
0.18443010368338264,-0.10598083905783717,-0.14738663135918295,1
0.09781950577159404,0.0679108961405962,0.12232020012023287,1
-0.023284100973262944,0.11308997763959028,0.14289166993109092,1
-0.09235839381553745,0.07591839809788636,0.05655983303964984,1
-0.15363522818385267,0.03124116543127453,-0.008489103241465234,1
-0.25626011200298615,0.09321444830732117,0.09569494119056554,1
-0.331528608572794,0.13397088742216567,0.13894086736249955,1
-0.14766473878388808,0.15509231691384873,0.20903040491392466,1
-0.22909044498013742,0.22569206805289577,0.3043990028280792,1
-0.038366705509657706,0.17274168488261066,0.25984162045443026,1
-0.07327287292853768,0.256732693408781,0.3773382185092973,1
0.09061143432584462,0.2133688550227607,0.3942960013135721,1
0.09083680175153752,0.15248367562470955,0.3035708150877224,1
0.18135318193907235,-0.052728583622504876,0.08867592153413972,1
0.0873047087134804,-0.17875741382279564,-0.441003025767829,1