-0.026438643755632985,0.21301690122488282,-0.13541967832844315,1
-0.18713076022853922,0.022995758334267716,-0.134647231167852,1
-0.10839953294799279,-0.15984943109389504,-0.1323732505357051,1
0.07683256837651853,-0.21479770521968344,-0.12188200023294149,1
0.19754259046247657,-0.10001434369983131,-0.13265173907051098,1
0.23532976552333446,0.08199674286991665,-0.13591037165998376,1
0.1230607482963113,0.18305116019615797,-0.1281481948459402,1
0.013947308459925978,0.029512082831320008,-0.24185570156782132,1
-0.2655921838027413,0.035586002711683995,0.04410805579401278,1
-0.37532393878922343,0.026211555433126227,-0.0011824047437218876,1
-0.4271904377612076,-0.03643523670507007,-0.12838056395996122,1
0.4537740670158912,0.04871895220311928,-0.07868714218086381,1
0.28161791354511373,0.01400461152147292,-0.09781825556865731,1
0.33452608075884127,0.04800635376601736,0.12014375548554135,1