0.25979425080207663,0.07313293065271864,-0.3994560536111642,1
0.18454545236176018,0.09721493433025863,-0.45938733667755915,1
0.19517834026397057,-0.05011356529204081,-0.4498186907928226,1
0.26126804327054537,-0.013694106981327003,-0.3914787321985934,1
0.34937498341069423,-0.004374340646267072,-0.3461694313539887,1
0.348294579801166,0.07859948842972742,-0.34683606304891224,1
0.4150461626260852,0.047152803534916465,-0.2771121353612598,1
0.3914358101246922,0.04421421482818122,-0.2118581347988786,1
0.3045119610276385,0.06244696578466291,0.06687550908549156,1
0.28997455024762486,0.1497296812402631,0.4459123875812807,1
0.48300443406100424,-0.014043345529690221,0.2632368802964655,1
0.21395628022341073,0.14336566672627238,-0.13116492630091603,1
0.10523492589855285,0.13133500034038548,-0.4844066037954249,1
-0.01931862608520009,0.15925676534689792,0.005024430386436407,1
0.20069040768064983,-0.14030918428847772,0.03894172218583791,1
0.2037936764795728,-0.20588344320667007,-0.2927206298814413,1
0.19157263631086208,-0.11013084177880472,-0.42651947671513213,1
0.19846972092863802,-0.04217575074299473,-0.12552769598533065,1
-0.3600989822917561,0.04739788712639015,0.05499412952573898,1
-0.46870834904546177,0.04943227756598423,0.05941928314894104,1
-0.4683569966448262,0.062305115499866004,-0.032790484875606755,1
-0.3900004727829971,0.07244235167981733,0.04180875890592416,1
-0.4720137588704042,0.08116002136872003,0.15371898697386932,1
-0.43760583364602595,0.08321550765750418,0.2417519401820555,1
-0.33397650714003335,0.10584852878828666,0.46214787401549534,1
-0.12459008046879416,-0.04542650442429949,0.4442658402911933,1
0.24410580748127453,0.098374371295472,0.4572798405578188,1