-0.13106151074748662,0.20922062183487938,-0.04323382200233372,1
-0.12318923924445335,0.15089508329684037,-0.07974751893951237,1
-0.17656912959203874,0.13268246572208375,-0.053773050905564224,1
-0.18440272753112352,0.18679474022161652,-0.0218388642033302,1
-0.01991340628784055,0.2559329796134806,0.08937347801540368,1
0.09178610061671577,0.2337889852435563,0.09494744836238778,1
0.06072252453002891,0.210841624605568,-0.23033657803922214,1
-0.2166323682887885,0.009718416320934287,-0.2435033034855646,1
0.2087006010517478,-0.00427156324375999,-0.21470496882852552,1
0.1744737971449819,0.14949087910251413,-0.03257348835954488,1
-0.1771096477248032,-0.14271665473868023,0.0025317896894347935,1
0.14872968540755271,-0.17921148326359254,0.047452940186666126,1
-0.030745741631980295,-0.21910696792964435,0.16145171831173155,1
0.005304114619729017,-0.2370256905331623,-0.21835662982645976,1
0.19493981918945158,-0.055948000542608955,-0.23647924942840204,1
0.2273190243201716,-0.04121494740873244,0.0976766480044493,1
-0.00876771917857666,-0.07777520936482052,-0.4962588081316869,1
0.019787017597346024,-0.06150690621148236,-0.2405059417220003,1