-0.4642171772491128,0.043021346434748864,-0.3410022899537366,1
-0.36280091762047006,0.05565400586929223,-0.17954688493407645,1
-0.2299163382231013,0.05337382728295881,0.05114284044098616,1
-0.23974829879607285,0.07518337991562662,0.24409041300978473,1
-0.15111886373150085,-0.03920789900576749,-0.24007921576078917,1
-0.023626146986165164,0.1784949510887593,-0.23109337257342255,1
0.1658540271942659,0.13006889204914918,-0.22938341951780372,1
0.028825029399768276,0.032134136427037,-0.3814993552376884,1
-0.0609532241006745,0.2434000320029065,0.33204697556270535,1
-0.2286031611294952,0.04053650326337366,0.34197300231538386,1
0.20352950310764784,0.19097515139799398,0.34738603866938794,1
0.2943435044392144,-0.016143804738458778,0.17578060915905458,1
0.47756010132609905,-0.025283181408750077,-0.07683268199124971,1
0.2694191409320865,-0.01665573883579441,-0.20332208377470629,1