-0.41754999600692133,0.45967375659062704,0.08838602070524681,1
0.007105657563508033,0.486446706230498,0.09864522101109774,1
0.37814498270653557,0.4693025377827946,0.10081456953245915,1
0.30510556197954514,0.35717142670790825,0.27093067678071714,1
0.11655434511127194,0.3451044580797009,0.28500620510055175,1
-0.0034768240781174187,0.4453737984364178,0.15957016954675107,1
-0.11639252718507961,0.34960143022560985,0.27775471875411983,1
-0.344155046991111,0.3310859079292199,0.2827239959786422,1
-0.4546799586857788,-0.4085403390579322,-0.2214892214616604,1
0.42231437234346725,-0.40951452615405437,-0.22997530382405768,1
0.4503920149481308,-0.18502329245919213,-0.2822487765916981,1
-0.47521400064989155,-0.11356705317018823,-0.2702874500121575,1