-0.22731056372766645,-0.05279429871813468,-0.45508718456864317,1
0.17897500355904214,-0.011309501210520073,-0.4349845656085267,1
-0.11549390898710943,-0.07926638030369837,-0.3092869195722243,1
0.15104744078400534,-0.040335411118964326,-0.30963753677880607,1
-0.1880562113336252,-0.08540036365403914,0.004886373132899857,1
0.12270369683808674,-0.0835238666455248,0.01586820542059164,1
-0.21548528967035396,0.20491444938248893,0.09433510113828747,1
0.12331603995568155,0.2601388554647613,0.10305876267287392,1
0.16980306380046084,0.08663587814620488,0.4725444553655971,1
-0.2292817235549175,0.07703265684873972,0.4442041895077991,1
-0.19748895342668593,-0.21667806289385627,0.3777220362605598,1
0.16682175706906754,-0.18885922030145297,0.3861809058499366,1