-0.08259752471785564,0.20039911460201565,-0.10886390138502977,1
-0.019770697413938887,0.20733628284021766,-0.11213064629332423,1
0.08866390545684588,0.20993907628892794,-0.10355971844535336,1
0.13703536815555184,0.21633551741640256,-0.10115955390242214,1
0.024406949362878905,0.23989229526508504,-0.1101237802298666,1
0.02407665786910429,0.2922802317510519,-0.020111256880221307,1
0.025639100972578932,0.27335022076277526,0.0584169793019893,1
0.03162526272573429,0.27038128792657556,0.09264202827504298,1
0.03379357156761298,0.2500454302135502,0.17487822087666174,1
-0.155792417699202,-0.003096810291909363,-0.017269862094622834,1
-0.1828741059057175,-0.019266870830833005,-0.14053335427902075,1
0.21103243028166307,-0.0058860935988783725,0.010514540242920756,1
0.2415913728085295,-0.06226774551305647,-0.11173248176664563,1
-0.0035715091731964854,0.026412353093294483,0.3483193651936225,1
-0.24145189489231444,-0.07725992788269642,0.36087154706195695,1
0.263947202420737,-0.06291176192527814,0.37858179925658497,1