-0.012155095421097162,0.15850057315807087,-0.2853314237078121,1
-0.14038780421017583,-0.005054795546208801,-0.4861590382301982,1
0.1034030757018467,0.0005507471350862936,-0.48843094945393783,1
-0.4088546788513764,0.06256154117285695,-0.15964706603491186,1
0.36398059905102964,0.07808807111145488,-0.16289006385415722,1
0.1898032231735014,0.12595939853573324,0.42715403856117085,1
-0.28923417755736835,0.11337288471157958,0.42624023642164155,1
0.003105799339607418,0.07866787177996515,0.19308041761307482,1
0.17443580167551478,0.06447828592404575,0.010502993803755849,1
-0.2039151997001664,0.05287012398120128,0.00023342605605958244,1
0.12052870814964994,0.03628689540394603,-0.16268858593394941,1
-0.15214890400942221,-0.014890706198573578,-0.16877385435685865,1