0.05980777526083608,0.25356680043839974,0.4554632274632987,1
-0.11695511470801268,0.33490422951087306,0.44196807411056854,1
-0.2657946958631534,0.2936143382037728,0.3581509110833564,1
-0.4004602805969645,0.18657406430556467,0.16577183501536186,1
-0.20259302017077738,0.06309112661128857,0.06847166038928854,1
-0.13100579661395906,0.09696324547988677,0.11586485346673903,1
-0.0340521176658872,0.11732062551663952,0.15470106617635015,1
0.06933763993117789,0.08924474819772232,0.1584250414128754,1
0.2615356793029945,-0.06765386111411686,0.05721129222173449,1
0.3726525937410021,-0.02908800994684424,0.21496414219448368,1
0.07635064311921688,0.1546022613151945,0.298965809167801,1
-0.077090593655809,0.2142905290919443,0.30451303174647804,1
-0.17894059103359294,0.16859138229236126,0.2237401464322089,1
-0.28019440723381045,0.10461176105783698,0.10705083088824374,1
-0.02133178734385506,-0.054175580786367944,-0.3025048150035956,1