-0.14804136176560845,0.3938954204722173,0.011444239242717258,1
-0.03834629127491129,0.42007517469636513,0.011199231773990181,1
0.1019907807783279,0.40031014975520207,0.03766693378315411,1
0.18807610094051463,0.38003438692587505,0.044482565473950686,1
0.020530375199243334,0.4929057453998134,0.1519611590989658,1
0.07073706007034829,0.46181268134292686,0.16832391902748461,1
-0.026348121574423414,0.4588248226391634,0.16866300131489234,1
-0.05314220230187955,0.4091174539890809,0.24698602066463324,1
0.0611900876897965,0.4210111585356866,0.2616002931513661,1
-0.011867448092169885,0.4131387391239348,0.3738855417260596,1
0.045296267385093625,0.4473649212843398,-0.19564880030582255,1
0.21690775519462324,0.3529698133466891,-0.07786526598983823,1
-0.13039234033296476,0.4084054969929207,-0.11537691053643595,1