0.03193634487118513,0.30331213235363175,-0.12690272266079416,1
0.038262193709307724,0.3402684654527268,-0.2659738045891218,1
0.10540851895426195,0.2186964064251724,-0.30714077795560746,1
-0.060402174489992966,0.2396609128449223,-0.3191617333000414,1
-0.11275103566810785,0.09128129834310572,-0.358244534802175,1
0.11316701990085942,0.10682954884425255,-0.36945273787599286,1
0.15898044102584263,0.07162291306151936,-0.09267416898796477,1
-0.12192176798756482,0.08101481833827279,-0.07856394349520723,1
-0.07273233609199714,0.10062431114786996,0.23613518689111085,1
0.12373031873801033,0.10093129758108324,0.22282193947468654,1
0.22283368645170132,0.02948122612692039,-0.24196877010546647,1
0.3812609959045732,-0.27381941985435,-0.46287283301962523,1
0.1923955977979942,-0.1568338542148764,-0.11044892485941282,1
-0.17728894489442792,-0.01427125235614124,-0.21554293989917106,1
-0.370011343263257,-0.2540243754882514,-0.45964026523183765,1
-0.15160630326908187,-0.18246275170641368,-0.07390852809227333,1
-0.14205863039841493,-0.0507255155004076,0.06471383988419754,1
0.16097924258962742,-0.05159715725227887,0.06111189351529245,1
0.20140912542635858,-0.05805367493874147,0.250494396341562,1
-0.13063223258371992,-0.023293098995126882,0.26981445673427557,1