-0.1871937943866313,0.09002940445804197,-0.2860745257844242,1
-0.12176374647933486,0.041736368840298965,-0.4867351123109609,1
-0.03737101599055248,0.1252602411357675,-0.46202178114866677,1
0.05297603068569945,0.166153278977196,-0.4231970824846901,1
0.16179065825305283,0.15148103621896802,-0.31273698953117934,1
0.15702108441820128,0.0847585512884032,-0.23455490141886004,1
0.07068200244248948,0.03845076587140436,-0.299475035047034,1
-0.02041538779360419,0.0011767428735417473,-0.3457404859064336,1
-0.11318810773847154,-0.04235663588706634,-0.3274295768318085,1
-0.12243426832070625,-0.0692921298097996,-0.20463843591071473,1
-0.0006504547964838459,-0.035938771724427554,-0.22995834480393407,1
0.07051433478066432,0.008208140182849433,-0.20323765299996616,1
0.11364453298561167,0.03241107586642458,-0.15817470820577362,1
-0.09958106966121083,0.07252621356771477,0.15014956223421924,1
-0.13069893197794416,0.0998389760806141,-0.04562754814621989,1
0.041317707644712265,-0.08402360411383658,-0.35021019222254335,1
0.12774836137884593,-0.044225243544388615,-0.2924665667709981,1
0.20362613718402078,0.007756657362282926,-0.21524281844782003,1
0.10789445198154046,-0.08938632637546817,-0.16797651870055036,1
0.16704982369903315,-0.05610922574562327,-0.11143535601037563,1
0.016972246551681613,-0.13580511442232002,-0.20909505755979946,1
-0.06921391004248945,-0.15983917765214617,-0.18220104368482706,1
-0.07934601772214034,-0.11606992256500392,-0.349307937678536,1