-0.48689760422552275,0.22511958590088987,-0.21279685419421712,1
-0.36676352497627684,0.1055387986046945,-0.3908775416238863,1
-0.45219977460353045,0.05250509565804151,-0.4098087751093118,1
-0.385010084585232,0.14710839238146178,-0.3151943601613283,1
-0.47899698269635027,0.10585611103589798,-0.311897805220839,1
-0.2715833277276337,-0.01281294296031632,-0.12096158501927223,1
-0.1919229936124609,0.03239491247563819,0.08795737695372852,1
0.2551022310603063,0.03689802037371659,0.0141250004370983,1
0.40702767257434797,0.031770471183590665,0.1572670719850886,1
0.43570250804101707,0.029067963467763747,0.37936683833136087,1
0.26328770885945585,-0.1603784804084185,0.10652333371147904,1
0.34157678549910875,-0.17118466710773106,0.35872355795416766,1
-0.22751511082101428,0.0315712036380269,0.381416221858482,1
-0.16504835887916003,-0.16744023106202754,0.08620882229746951,1
-0.10773261165619541,-0.16573181189169928,0.3831852380768591,1
-0.09039298100889637,-0.1753871093185107,-0.023946512219819305,1
0.15600015107823859,-0.20188025044821833,-0.03872654270069953,1
0.2694837146603235,-0.1787479049954328,-0.1856448974052889,1
-0.027850845968816776,-0.1191127410229888,-0.15236860718451556,1
-0.28217342350113794,-0.06002805901765029,-0.34610584494315244,1