-0.18825575164509833,0.39612454316351586,-0.21109701051545,1
-0.29860865251000357,0.27364337315948184,-0.28127151591418054,1
-0.3011585583630372,0.07108683913836167,-0.4004057634990956,1
-0.08023302692656165,-0.0778979510093718,-0.4825984235078644,1
0.13920761617688937,-0.05410831597000865,-0.46666974898691316,1
0.2445759816526043,0.04144329273511804,-0.40261772299075704,1
0.27841036042423317,0.25661698914514885,-0.2915375419686171,1
0.0771510019590349,0.4332475487771976,-0.19232337344455575,1
-0.00006524422739540015,0.016555304767482792,-0.08350248673304828,1
-0.13196167416776294,-0.0932428405555088,0.45661650714957114,1
-0.18724343989261083,-0.2698008337043083,0.3465145593332086,1
-0.007462878015895402,-0.39573560376743755,0.2735328443490952,1
0.1238943027120872,-0.2754160087683146,0.33440477891382536,1
0.11550273438580128,-0.12172230335498924,0.4316139035600357,1
-0.03777470445628306,-0.025849547251645566,0.06860173657858526,1