0.0014516766188230612,0.4188244047327405,-0.2550058665508814,1
-0.19581712355274838,0.4279788340850157,-0.25701760627936476,1
-0.41468441437035297,0.2569946614280494,-0.31379124712076134,1
-0.35692596331207627,-0.06912006211960797,-0.4411947047700724,1
-0.1517343126835522,-0.1556543924824414,-0.4786724755665741,1
0.09005802500281102,-0.07446888099709631,-0.4681798072940845,1
0.20027308090563878,0.1488209711872578,-0.3809144124379058,1
0.1503248435755773,0.29430318484552426,-0.32400364093866685,1
0.33821781210566204,0.11307702594613867,-0.3745633010062268,1
0.43953775431801523,0.08918367596489363,-0.3294484229277832,1
0.4459533132627005,0.03949331857836702,-0.17711320044563683,1
0.39747169518584713,0.001609214550602922,-0.06692208324473947,1
0.31635306371172733,-0.051383112826167254,0.06530209914708994,1
0.242154719667374,-0.08261232107578265,0.1322532874506528,1
-0.037056563208086146,-0.4209596744813451,0.29343240272428184,1
-0.2603722994596822,-0.39725238906882643,0.2878848700884249,1
-0.36301614409766825,-0.20050889541921713,0.40023675843552375,1
-0.31188930947057436,-0.03840271561898301,0.4642677743330339,1
-0.14749205298407997,0.05717530726735709,0.4984143713385867,1
0.09919683190985618,0.005773828935735303,0.4575345090938946,1
0.19227285516624093,-0.17592062053115043,0.3655959352532757,1
0.09167629603947713,-0.356730731637262,0.3118512742767031,1