0.3958113612110723,0.056684384928994636,-0.239171368200636,1
0.3976956807855448,-0.023238057380824184,-0.2524964671558383,1
0.49774934973474355,0.014685592865655295,-0.16887468078666945,1
0.38318541920562377,0.09255200357597282,-0.3027704841950527,1
0.36835526403809504,-0.07559121545574099,-0.292017814082123,1
0.3385867394458931,-0.014784764112915516,-0.10806066850494744,1
-0.21158173058135843,-0.08723310065735951,-0.18732291144368965,1
-0.395142081531521,-0.05366634974580853,-0.2071741576112225,1
-0.3543770122208323,-0.11341376786971669,0.26557417365583036,1
-0.3567234220758251,-0.10653828804197207,0.1121478661587163,1
0.09984132085769204,-0.11363866528834876,0.06265708953477978,1
0.12741984657641048,-0.10861242225549717,0.27533879452960797,1
0.17104847953353847,-0.05381022593523263,0.0781985820796346,1
0.18661339277780842,0.0483131721412875,0.06103322463242822,1
0.138531237611224,0.08701245125459156,0.2654157166483318,1
0.13420144175700544,0.10094611312864132,0.05313910705094224,1
-0.1409005875543774,0.14939057480934714,0.06067596393383079,1
-0.2770095467163529,0.07408253448632551,0.11474584176586644,1
-0.3271450969584868,0.08240890077534169,0.11212259238981925,1
-0.39040813357815307,0.0999413916989852,0.14405155241867584,1
-0.3649475702150293,0.12038131262796248,0.2763423446941937,1
-0.3565133555395503,0.11911207668917773,0.035184033999655834,1
-0.41536356359982785,0.05689856634381196,-0.18208357700477773,1
-0.4696316619031361,0.01588336760068204,0.10848818946984928,1