-0.48527732578253047,0.24883778135218826,-0.18595023809001576,1
-0.44217923795586134,0.289640909685807,-0.3189317047346071,1
-0.49502996718431325,0.18741097825442843,-0.33285842056407744,1
-0.4847209819393621,0.19851853697283772,-0.44365049030033044,1
-0.4459835633955753,0.2771508336564743,-0.4467995892909886,1
-0.24798179689439337,0.13948141911517098,-0.42167610260245725,1
0.4006414038774784,-0.20585628161454572,-0.2266446099724524,1
0.488935916312093,-0.2374896573319436,-0.13451910848430426,1
0.4709486267589144,-0.2240559602279717,0.11056513923654743,1
0.36947924106029306,-0.07765231737568001,0.395963150323281,1
0.2929636470019644,-0.22219213101162438,0.4088238384606724,1
-0.18030601908880095,0.17009128592830525,0.42207857006169824,1
-0.23280503328307112,0.07652748590641867,0.42566325520102155,1
-0.20125489674941024,0.19041177173766613,-0.004974994783748576,1
-0.28312583951461817,0.0649524159392596,-0.018831116520716867,1
0.3046375197450767,-0.2821178523762587,0.20978143171812436,1
0.39367691582727615,-0.1065601878395498,0.19831945019651975,1
-0.1853214293175688,0.007982226489782224,0.21418172655107826,1
-0.14284914101036905,0.10354189207156125,0.21483552193220734,1