-0.01123943769749336,0.023525134682593096,-0.4408855876023612,1
0.01544816996299303,0.025320124742723993,-0.44752577916458636,1
-0.03749664891475457,0.04451090677051828,-0.23034191416946959,1
0.06219195097693331,0.0542448418661059,-0.22757478705081643,1
-0.06305362976906748,0.01603535157919206,-0.06764178175067556,1
0.09145408648561112,0.029220911406779182,-0.05520383504175691,1
-0.053476756522883084,-0.005291477775262843,0.19097934794493543,1
0.08025078408450337,0.004656058073238434,0.19359370476822907,1
0.00780002016266923,0.04659157562744598,-0.0837246630165003,1
0.1860764170589522,0.003721104252647267,-0.1631818623083002,1
0.12238011750274452,-0.00515089914270872,-0.29301425647506774,1
-0.07305997396555869,-0.013529725146625982,-0.30580716290487375,1
-0.13997304823085005,-0.005562670208524301,-0.16444254989652393,1
-0.2338447984976276,0.0020645589009636034,-0.0005765081279726636,1
0.2743214073522128,0.017513446908299347,0.015745671007248024,1
-0.07825029786073895,0.04992978064549303,0.4562920377171622,1
0.11610322619038016,0.04056282854559479,0.45871218245042156,1
0.07302386992587273,-0.0792957192869837,-0.03958028545851361,1
-0.0039275087675123554,-0.09397140891456565,-0.04331446240697734,1
0.01824631608833982,-0.061896845339905804,-0.3603577416861888,1
-0.04661931572414968,-0.07207861415434524,0.1833897659828544,1
0.09178538084046384,-0.057241064920980134,0.16176071326651287,1
0.11056314897465436,-0.06575479986136434,0.4496504213652868,1
-0.07351753825114626,-0.060081254497967196,0.4594146245516759,1
0.18656307223291624,-0.03470021992970018,-0.15622867544336955,1
-0.1337967355849649,-0.03774525649069321,-0.14727028832886668,1
0.11906916494051356,-0.05279867479454148,-0.3038836339681359,1
-0.06911602667116468,-0.06092627639407766,-0.31583071730756074,1