-0.43540596652619135,0.2832488905865753,-0.40502929196665893,1
-0.32101420659019286,0.14402473455582276,-0.4561249320073538,1
-0.35429812211872136,0.20735183249773392,-0.48292091725184816,1
-0.3302458537652706,0.24425644514379075,-0.47836638003357973,1
0.12703073110944252,0.07816347123510436,-0.25634177176398637,1
-0.18633681737493468,0.2004364585017786,-0.4914696998423618,1
-0.26246141857206706,0.10084198429558322,-0.4889477220021434,1
-0.31377778650246135,0.20340730137466334,-0.21084129901010584,1
-0.12714380042478388,0.008462129611613856,0.4771132696913675,1
-0.03967081195157396,0.12451356354077525,0.4700169561425158,1
0.27822361073290014,-0.2738010401270179,0.46984771077575305,1
0.3612706052798974,-0.14588603924106724,0.458787257159597,1
-0.057930226791871264,-0.005330167915769124,0.2385784955328808,1
-0.036126389904829116,0.04864400923134818,0.24854315433995772,1
0.12317894808326713,-0.07967424521354999,-0.4389933533042175,1
-0.06276373092365795,0.04116782521325657,-0.34944716092175376,1
0.32868703673580946,-0.21342672828073628,-0.23272925153248103,1