-0.00968552759259067,-0.01446299024962916,-0.5259081938070775,1
-0.03517699780506267,0.07059222550124111,-0.24718460021702993,1
0.015023843931522896,0.07486145549402667,-0.2476787966271837,1
-0.38377725059087364,0.13302738012706428,-0.20368218951100725,1
-0.35316687923744317,-0.13016862654752526,0.35495537939194644,1
0.3087600953041747,-0.14481175952588288,0.3745235626551794,1
0.007117206795468234,0.07518124094453893,0.13953811117728435,1
0.004910742026500325,0.14296531793787237,-0.15751037974350562,1
0.05238752033440286,0.14823463671111914,-0.15733216053402369,1
-0.004690881254602486,0.1226005209133435,-0.20210855724843463,1
-0.04483261868594823,0.1396541328922432,-0.1324504182089494,1
0.010705725969522392,0.1507845748021572,-0.04164375729660158,1
0.07523635674329031,0.11591970335613508,-0.0016615117948655667,1
0.3799855482714378,0.21249148234655912,-0.2130992793939166,1
0.3013142702927566,0.207831555233565,-0.18904234667700281,1
0.3258823336697446,0.20073466404168036,-0.08288530079442653,1
0.3231423672190757,0.2105363966356646,-0.11507084914930688,1
0.3807250963367852,0.19969998735972894,-0.10789498847781154,1