0.24381751715850256,-0.0005272316217194289,0.007281072794545346,1
0.3150808922211558,0.06592683541935052,0.005007132919626844,1
0.37481272873965216,0.07886054640107165,-0.03901711702366306,1
0.10465443546217923,0.31286447907209514,-0.0010312377806940276,1
0.11690938345774504,0.35674267891162303,-0.03991826046971436,1
0.22063428796695966,0.00778002569853542,0.32950586954332306,1
0.31795510782409614,0.0957076496684417,0.3422470097168255,1
0.3603744333715322,0.07769435830892091,0.36099333616912826,1
0.44943445551341116,0.006790156997654062,0.4778429415335742,1
0.4432597406943772,0.013412080109566515,-0.14837890836338619,1
0.016602274301051656,0.47094675656322005,-0.15129727576677898,1
0.02318641347181416,0.46388596507110225,0.46899816911433845,1
0.0064944364563588874,0.2339452291538518,-0.22777233847659495,1
0.008356044700426918,0.3351860047766182,-0.16667291177942323,1
0.21598335621186127,0.012766775920243667,-0.2352399382712765,1
0.3100867295650368,-0.03140883995508048,-0.16666305009940735,1
0.2178086900804198,0.01080961729828478,-0.49402067784090525,1
0.018870099226226844,0.22414501631598358,-0.49197914070904863,1
-0.18620585072188378,0.054249434698926624,-0.4960208405085266,1
-0.006047334910219941,-0.19326061442496836,-0.5000002003453345,1