-0.49423366312674877,0.3406632622920446,-0.09423885668089188,1
-0.49703209218733857,-0.23067229863713795,-0.3098318808964545,1
0.46588501601169696,-0.23183617111862692,-0.3182130299856566,1
0.43076136705739554,0.3418934002212741,-0.10495558422890494,1
-0.2841555013027538,0.20851574009721352,-0.09225822074665713,1
-0.2847414452098054,0.05973150729190202,0.3108063052376284,1
0.2571336580273217,0.2118619990733265,-0.09715879309306977,1
0.26630404413220843,0.06605010325799832,0.2925797948116031,1
0.2825559801648816,-0.1564587803212869,-0.20597757981553277,1
0.286781310095781,-0.2992133520010287,0.18373995568924562,1
-0.3187477915932704,-0.1605545907190593,-0.2380758680031727,1
-0.3040242835791931,-0.29963335691278115,0.17535809083973497,1