-0.3786860913503456,0.3077974502042924,-0.4165124986813731,1
-0.2750725757935647,0.42375838963662504,-0.3871065862796914,1
-0.45218729353230236,0.40688826728840244,-0.3382024559486452,1
-0.39873795385831345,0.458390517481043,-0.33184150389279765,1
-0.46241082279241136,0.4501774216223975,-0.23227945078902462,1
-0.010420605896825696,0.15560712884701378,0.38737338629737517,1
-0.2263103358121611,-0.07619386801110428,0.36968830700497646,1
-0.2779564277280665,0.26398455236761276,-0.03601514389631355,1
0.2670340704338692,-0.14522624150546015,-0.36588766540576856,1
0.26655334778734274,-0.012759017138351147,-0.1821028016246542,1
0.17280092222002919,-0.18802820002573117,-0.20135911579181298,1
0.46857177859805743,-0.22409590590955997,0.2182648626932504,1
0.2761157453097615,-0.4620689843436443,0.1974957903484582,1