-0.06912725996793512,0.027955428416261973,0.49007240009077113,1
0.324477928050694,-0.13093265387044672,0.44023713654063334,1
0.4716836811606173,-0.23058590436484894,-0.08923378341169852,1
-0.3474794652366864,0.32192288785863776,0.13032990114012766,1
-0.4746385906308008,-0.06131499165456533,0.04625462120316699,1
-0.30691726167861155,-0.1567013280597973,-0.4003820549413746,1
0.13045363948266836,0.13039669847307525,-0.3927976513341105,1
0.17919408834609252,-0.13115545113969246,-0.4909487442493007,1
0.08212319692449857,-0.08173849026772811,-0.16438960310260664,1
0.0021574503197129054,-0.04414575987630602,-0.16678875072723445,1
-0.0608205651111593,-0.14771795315906555,-0.09257842106463876,1
-0.061653334984427044,-0.08879854072407789,-0.012370496263724106,1
-0.03907235858395586,-0.05940601937909595,0.05914853901641237,1
-0.0027304800487019664,-0.16157670263495383,0.09681449718655777,1
0.06966803852201662,-0.1988066775865874,0.024936224839787094,1
0.07150297342489606,-0.17841969369502075,-0.08121500891609612,1