0.03155931384998767,0.37303414860462447,0.18470063567416606,1
-0.03566701021351104,0.3745208344683997,0.17852454338512524,1
0.09467311937605761,0.31219048390006276,0.28264032310995,1
0.3238725997124465,0.2958025154505819,0.29478776277109114,1
-0.1326144055871937,0.30583176909735865,0.3016968464634723,1
-0.3495850717736171,0.3020812596060125,0.286570548896963,1
0.42538937396418763,0.4032407208167843,0.09754928496568293,1
0.4648885343850564,-0.20185434608232366,-0.2785002900218574,1
0.43924563169599384,-0.4774057810922865,-0.2049672197728949,1
-0.4201672291895733,0.38762377631314093,0.12842807273851164,1
-0.466847094806111,-0.19971020624367375,-0.27924644106127516,1
-0.4394288944502125,-0.48890441972926,-0.20799937505880317,1
0.4028688331390977,0.46232323197800395,0.09186614224053713,1
-0.01028290558581657,0.4854345406697653,0.0918997704233171,1
-0.40635282741781764,0.4545363733619101,0.07041906569898337,1