-0.06289674725587613,0.31754043799735565,0.22193991004911795,1
-0.0984644737102407,0.3716424011248952,-0.002703599225114095,1
-0.13055973847263008,0.26532300839572165,0.1114583468242719,1
0.000966241039376925,0.3029054984868248,0.10297817974787415,1
-0.01827894262644225,0.26227949884870816,-0.1126200181672311,1
0.0916599298548002,0.2557078974887881,-0.11945456978800184,1
-0.2236985097957893,0.1692835486901103,-0.09772925758467288,1
-0.12166248152804515,0.24227545750162405,-0.1218939783959404,1
-0.08608584022498711,0.2863050997193233,-0.31219378161058553,1
0.10513275496750118,0.24824326622426396,-0.23568593014652306,1
-0.2621749997811156,0.16163988514703864,-0.2313214248344111,1
0.1729078922967382,0.22049741580279947,-0.030225947296930844,1
0.1669401426830417,0.2065183652306921,0.1087525783506531,1
-0.20012829131208143,0.10507396828902093,0.17200527659628073,1
-0.2634544196778479,0.05760275168637474,-0.01425261945028855,1
0.24909753978663396,0.023859963686895136,-0.05464833115744483,1
-0.2020728399442813,-0.1333747928418405,-0.02808732447727813,1