0.2705433600406204,0.026208698675178832,0.31852315545973625,1
0.28403671656677787,-0.32899165428877164,0.18937731566495047,1
-0.28372386550516104,-0.3190232429910256,0.1924452205248096,1
-0.28818480200014207,0.029676884871154163,0.3196998743286968,1
-0.2718757885726695,0.1572623786258054,-0.09970949587105249,1
-0.26124119603969253,-0.1963247147159628,-0.21100245148294672,1
0.30327611968875856,-0.19950866609150042,-0.22452807922209983,1
0.29961792299881246,0.18932747446832243,-0.08707161041594657,1
0.4935852612659207,0.33926988998179763,-0.08695805858873529,1
-0.4961283804430656,0.3372038780626201,-0.0885246457253901,1
-0.4948008078806641,-0.2632249299083276,-0.3068234250270393,1
0.4973783440927757,-0.2628190362745675,-0.29968093804876544,1