0.17845076026785,0.05705941824517424,0.49778610156157393,1
0.179759839651969,-0.21207985123130468,0.4271990502564762,1
-0.19696197056793396,-0.24143363126297945,0.407637693753336,1
-0.21176106657392335,0.050943835965791884,0.48434902244638106,1
-0.1860391209139276,0.1312247021441162,0.1436148448715867,1
0.16491491253695045,0.14440142733576167,0.1517019444796852,1
-0.17261201838446116,-0.15683754032248304,0.09787728005918561,1
0.16093266495490965,-0.13640224911232035,0.09552132852136807,1
0.16807396062531232,0.24917256895518802,0.10402517444412584,1
0.199845208475685,-0.1012064817138667,-0.014801861334341692,1
-0.22046394913575273,0.19790952924770888,0.0868276446484404,1
-0.22097761327329834,-0.15044274690656012,-0.004115181400948131,1
-0.20478120047643866,-0.08247808687721547,-0.30302114256119106,1
-0.20794849558813055,-0.054686978353903015,-0.48102511086384503,1
0.21387539755395757,-0.04142560951553165,-0.4558931628445517,1
0.2204048282483786,-0.0497382613271149,-0.3082643806286143,1