0.114068903028965,0.10823586583137512,0.31826937198638916,1
0.11482598632574081,-0.08445422351360321,0.31633394956588745,1
-0.4013127088546753,-0.10635975748300552,0.32133424282073974,1
-0.3925352096557617,0.13133910298347473,0.3215672969818115,1
-0.37042462825775146,0.04961250722408295,0.1664370894432068,1
-0.3087667226791382,0.04761549085378647,0.16555994749069214,1
-0.3161846399307251,-0.04490318149328232,0.1686297059059143,1
-0.3704206943511963,-0.04678595811128616,0.16568556427955627,1
-0.4274319779721263,0.09988076911448007,0.053913668305206386,1
-0.33207414023975534,0.11596946250131368,0.044390716691783016,1
0.03506678679743902,0.08913499575411021,0.09146694837403596,1
-0.4934856454065071,-0.004037654551396486,-0.20661912559485174,1
-0.43610390488449096,-0.08602649677196475,0.052687544431473554,1
-0.35841037069951,-0.1130412639464343,0.07394826217649808,1
0.030139292436162312,-0.08861990972913071,0.08057466700050601,1
0.3107557351736884,-0.13814531622248882,-0.28453304477556496,1
0.31343988159058244,0.13807820414288674,-0.28081893211729947,1
0.396452173392981,0.08816814843127307,-0.3204435747097385,1
0.3942837988571206,-0.08738396145745231,-0.3157672613109135,1
0.3961590685695879,0.0567805297295374,-0.2462382607624094,1
0.40211853730166003,-0.05014366991188812,-0.24370105828467886,1
0.497530090646392,-0.007233784559449452,-0.17840312538985675,1