-0.208460400826171,-0.025321696394975834,0.05548209763595224,1
0.10380702170944489,-0.029552495077269647,0.4242692010337641,1
0.23776394948689505,-0.02287042339999157,0.4343496074869746,1
-0.49840779140850166,-0.07958723499927522,-0.006975616707640242,1
0.1535247785315927,-0.03727084507313716,0.0721751650663569,1
0.3161661194593005,-0.04522148990883523,0.04868819136227459,1
0.42076884889599636,-0.03137992714448057,0.17537897299587546,1
0.4736723002368496,-0.032316149305776864,0.18020286495338056,1
0.4585020756083249,-0.027562950498236704,0.05513855162590475,1
0.49401383744703075,0.09213804352480714,-0.0037756755371760597,1
0.3474195009959439,0.0004690550286097217,0.016087483748808584,1
0.4669546986124864,-0.040437063881197055,-0.05026097294203824,1
0.47706174642698684,-0.031654164816509844,-0.17671510101626087,1
0.42045739188490394,-0.0313904305892021,-0.17729400283592622,1
0.35433905554726585,-0.02831382652433878,-0.07358351996394408,1
0.14941236731775698,-0.02318036846888971,-0.0855820603967768,1
0.2606203467690751,-0.0246074621193777,-0.426533550647614,1
0.11272828660181844,-0.019714647481069214,-0.42502042769196624,1
-0.22045949001185794,-0.05051477611091881,-0.04647623792921468,1