0.4111062621590498,-0.0451355217791235,0.24067722283593557,1
0.06942875698779316,0.2674280513928425,0.4873128822447008,1
-0.11505116612647231,0.34374599074769624,0.4633306464248516,1
-0.27180011307609053,0.2946037077367911,0.36284725693041997,1
-0.4087493055593474,0.18264565574342661,0.1613450547241606,1
-0.26331136183216186,0.09652022182156528,0.09874319881758708,1
-0.17256375737365381,0.04545221341803507,0.0299502051643441,1
-0.09716349234376775,0.08518774199222068,0.08189672499313261,1
-0.17040844280948475,0.15854828532449217,0.20929340184687017,1
-0.021676177388644024,0.11121262595227332,0.136715306082571,1
-0.0552798617392396,0.1934939902277495,0.28109394238696694,1
0.08321962552539985,0.09240367152962608,0.1760247335072121,1
0.09271117287660102,0.1607925986325012,0.32434100609412364,1
0.19569374715335908,-0.062378161743131044,0.09186602163735297,1
0.24906765006483056,-0.1123849123625551,-0.03163825917957114,1
-0.08039137193468615,-0.14206984850297843,-0.213392309541369,1
0.16435925177302435,-0.188928740883769,-0.13472361474250077,1