-0.2601409638097086,0.1770944617859196,0.09108642658843813,1
0.2575034826069732,0.17751723811281228,0.09071889996167659,1
0.18823582720949003,0.3815644179697336,0.03337824470163318,1
0.07741696801647665,0.4175156686489732,0.020779024321694483,1
0.01797375833525497,0.49857879670870353,0.1302414830237737,1
-0.04275541368650851,0.4179018066496474,0.008554778654134148,1
-0.16690779471450165,0.3694362947268598,0.008754414600384272,1
-0.0597082742786291,0.3999517314299207,0.26071522359991594,1
0.09145253105250628,0.4065638692205334,0.2602957607570835,1
-0.007098599382907522,0.4126641818593203,0.37635606279343214,1
0.1621190306825651,0.3029164500611191,0.32432994321761305,1
0.2260652890773445,0.25868613562001374,0.16751293948210916,1
0.2097615624082701,0.3583921578539594,-0.1016914583655868,1
0.020149049503980137,0.4423229424622835,-0.2217508071042188,1
-0.17875705149546572,0.36683870951616953,-0.13008946137703356,1
-0.21378005828671012,0.29992830610273735,0.13716143496666244,1
-0.17517350914449256,0.3302620358599624,0.2368914250229604,1