0.20795555412769318,0.06583134084939956,0.4985717833042145,1
0.20911726355552673,-0.328561007976532,0.3235625922679901,1
-0.20490580797195434,-0.32870885729789734,0.3232766389846802,1
-0.20142555236816406,0.052327580749988556,0.49435004591941833,1
-0.1949664056301117,-0.16942492127418518,-0.04084933176636696,1
-0.18882699310779571,0.2532806992530823,0.11393530666828155,1
0.1978590339422226,0.27548664808273315,0.10935208946466446,1
0.20308616757392883,-0.16697654128074646,-0.042777832597494125,1
0.2692592567566748,0.28718203399853026,0.033917373492137415,1
-0.27398461203833984,0.2828889029066515,0.03466765112967796,1
-0.22273937847477931,-0.12156050816527308,-0.12773234246315024,1
-0.19427819620394177,-0.2218798842603309,-0.12881836273791336,1
0.1822005887904795,-0.22304695369224414,-0.12738387023463016,1
0.2260194212419957,-0.11161350740389142,-0.1437072706814917,1
0.23680675771809267,-0.030202254530580563,-0.31788217483511483,1
0.17521849553184926,-0.06737681149435992,-0.32474869406653206,1
0.2637860923232579,-0.0051552826239498195,-0.4672264008279985,1
-0.255121043670441,0.00046460164532691195,-0.4585658401212678,1
-0.2326733452462979,-0.036510784267357876,-0.30494088775252326,1
-0.17706875088502805,-0.05393256146607672,-0.3302376678014918,1