0.15851526807702854,0.10305303549638944,0.46384642194067893,1
0.278089190222536,0.09731404735418891,0.42213737056898315,1
-0.019148640619994883,0.048620542816267806,0.22236800797517206,1
-0.19771790460147898,0.10532180181474926,0.4644251806794083,1
-0.31904032846547725,0.06925458065246015,0.4027360464556894,1
-0.1767103834846604,0.04856011714365982,0.14511641633843608,1
0.15691190410487743,0.05723392239801173,0.14286709827171232,1
0.17851416798045272,0.07223739378720861,-0.008617325111748591,1
0.41262439697620695,0.06886116618978316,-0.10023872822466995,1
0.39219601947872423,0.05157014512069674,-0.1805163479544071,1
0.11809643505794029,0.03793218708346316,-0.1644993548552031,1
-0.2009818424386749,0.049984046053683784,0.0045691244227963334,1
-0.41928197723173815,0.06063021817358716,-0.09368584934007817,1
-0.38715086765333706,0.04576945314551284,-0.18506182685941153,1
-0.14664361297789635,0.01408427463105194,-0.16037101076983845,1
-0.0071461245199604395,0.15644306275600397,-0.27679188780439123,1
0.05079073801393544,0.10070657973521964,-0.3429491131852471,1
-0.0651783706229434,0.09827676865245582,-0.35024136605742673,1
0.1528144075219895,0.015949182880142354,-0.3874659444549008,1
0.13015177227856167,-0.0009277674404068459,-0.47983510989661554,1
0.04430279812302418,0.011929249605662412,-0.467017631459397,1
-0.053633411229308425,0.0010882008885941818,-0.47284408095817315,1
-0.1443830198615863,-0.011622702714041755,-0.48834568540946443,1
-0.17485330248277997,0.0042647253856991085,-0.3769435258255545,1