0.12210035824108517,0.000037204077111274714,0.4889155893286894,1
-0.08649009709530796,0.014187841643163445,0.48847250019700006,1
0.0855642972581444,0.003839302068466721,0.19369366801818288,1
-0.05132922050003788,-0.004305679361932241,0.18833528910069358,1
0.013268177194832711,0.010972381134626646,-0.012036214573000053,1
0.063308005095977,0.05382262443540875,-0.23975913672775917,1
-0.042847556104912976,0.040559842285897485,-0.23661261014266466,1
-0.04600743157168749,0.01727678284615619,-0.14223080550980743,1
0.08400954933442928,0.020286662006582023,-0.13623059691136152,1
0.014891308456852825,0.0512231622795033,-0.12277041339909134,1
0.1043140636566747,-0.011643282551062617,-0.2575077715035952,1
0.1667889327307753,0.00014062200500419841,-0.17774384695812478,1
0.2565920975273987,0.0009398534155705684,-0.013257644724309042,1
0.2863870564294459,0.024599662856864768,0.018773481004620618,1
0.11369830734038766,-0.03323727434159729,-0.32955454351258295,1
-0.06732996483313358,-0.01713200034108342,-0.2563284054916933,1
-0.12771113705000714,-0.010896838046583701,-0.16236761828306545,1
-0.2119168950789355,-0.01031357477635133,-0.03270525376368244,1
-0.2445332880438202,0.0036321370193216906,0.028569576762984758,1
-0.07266307024738017,-0.03189945042304343,-0.32689529148103235,1
0.004180934695583005,0.03586810918194372,-0.39436592085312616,1
-0.0008868570131870257,0.03305328324474832,-0.4408279535057011,1
0.06026779740837765,-0.02482438222992639,-0.4460002872533822,1
-0.003978420262203519,0.0041176560858433575,-0.5056696982163111,1
-0.04393029699668016,-0.017133297700807848,-0.4601191968607658,1