-0.0711810359120082,0.08190530332143964,0.49513030330834495,1
-0.15257290279684854,-0.4127370492466601,0.3051644635596963,1
0.18796279712103936,-0.18415215189399614,0.36826842433766593,1
-0.37851757934164776,-0.1533953873999669,0.4094879821165843,1
0.24533328636419638,-0.0892848284668677,0.16788877082051812,1
0.2286967468255352,-0.08097404938020114,0.12916061001986945,1
0.2360168738282422,0.11857443808130874,-0.32144547285571345,1
0.23222037923182928,0.11632366810404171,-0.3622955901615147,1
0.409209598304463,0.08307105012539484,-0.3221008121632485,1
0.4410369920600121,0.08481295761519902,-0.3326720618529988,1
-0.1346207602306957,0.43063948243245536,-0.2549724231685927,1
-0.1466139116884404,-0.1732114252543726,-0.49891953682758894,1
0.18674690236984281,0.09048178565641618,-0.40766373645461806,1
-0.44998937242753473,0.17136084535684826,-0.3483931960067206,1