0.2592301610080977,-0.4372251268425663,0.25955150623966305,1
0.4514151298577218,-0.24085535242440903,0.2931069255500951,1
0.011622940936171666,0.12658236654898702,0.43205478715196133,1
-0.16869460068351527,-0.10089422455629626,0.39347208665352484,1
0.3907436863571565,-0.1659479162735984,-0.03828812737298293,1
0.23488839075601575,-0.058321266813025296,-0.2262116958783067,1
0.2618953701439857,-0.148795763135543,-0.38122813274215117,1
0.34927769911896633,-0.11782702454973792,-0.0016121306337746332,1
0.10962737766346087,0.01648520848083246,-0.13756801677541275,1
0.004761692724009309,0.18997322383179593,0.031454902034681265,1
0.04305331081402464,0.09311355572365354,0.26933538135044443,1
-0.09246102202856202,0.24431236755982155,0.07794545353483562,1
-0.4614108042698182,0.4576233925677488,-0.3074968320773044,1
-0.36515399870003057,0.4741363740482856,-0.31069211248106243,1
-0.26718277594450423,0.4290058289313077,-0.41005863387300323,1
-0.3811374245290622,0.30795749578360443,-0.43233131815988446,1
-0.4532068078568834,0.38257392438005766,-0.3191749844422951,1
-0.45436786415441543,0.34192497356155504,-0.21799447680917083,1
-0.46609260190691737,0.451867720789902,-0.23616601724705277,1
-0.3503539359526098,0.46488120238364594,-0.2059851542611445,1
-0.26870882836711573,0.04086856268462152,0.028151523843673032,1
-0.18696414313120035,-0.029685701496576677,-0.00839121256824965,1
0.011343174404999656,-0.04030273074837809,-0.07632915802153973,1
0.0805850988157284,-0.09663166835760611,-0.12062099406304021,1
0.1676617324298343,-0.3022884781969907,-0.03881976547121013,1
0.23664123298565098,-0.34895895807192545,-0.07069794431844267,1