0.22426872734641487,0.10700335631738489,0.14066903673479847,1
0.19116447893801797,0.12436548697203053,0.3610186868553027,1
-0.2845278550997925,-0.21683982416859493,0.3783126288004337,1
-0.3436982731309812,-0.24503493000533982,0.14423498290769032,1
0.08041884513285863,0.2141663860833236,0.06105597420976683,1
-0.04512397192060047,0.27036392524830477,0.04995951127509185,1
0.044491094790342744,0.32122913207544434,0.049721191124253133,1
-0.014034972975449228,0.19725888998434482,0.1303669831796962,1
0.09828602905492312,0.4167805051342575,-0.18562700869722498,1
0.14249182274177607,0.0436356871869792,-0.12410343786378221,1
0.15857136080393386,0.2470655249862741,-0.045896685403380155,1
0.0949184440919153,0.2903182410716839,-0.04622543374136373,1
0.008002205218579194,0.32882455700375956,-0.05406588626273634,1
-0.054939564889409764,0.3531162142823513,-0.07052493875344123,1
-0.20533264907270265,0.1630093342705639,-0.13937997133400293,1
-0.14656688396361778,0.21978582557006698,0.03720799981032452,1
0.10507111190911244,0.12492628690063034,0.07530209692365391,1
0.2092333780866933,0.33245148602252794,-0.1675315504086209,1
-0.012467140232010232,0.4277673997221565,-0.18931019961011008,1