-0.23185115830546277,0.1557385162775141,0.22833699128090723,1
-0.046705724017120476,0.17149538021758284,0.24749286742399368,1
0.1594349834118478,0.22838685007709436,0.2912796167814773,1
0.25954736480456114,-0.20227716087533717,-0.0054218826302075695,1
0.08082636741864724,-0.2197211006165087,-0.026825535079109786,1
-0.08135741406553443,-0.27247925616673657,-0.049090659071716614,1
0.12203725154685801,0.114055504301718,0.10658478778602132,1
0.0857619298735578,0.1250385301096883,0.08746416535072443,1
0.037978651094687454,0.11919890839536601,0.07947794772168803,1
-0.05791264547841379,0.10329055286307337,0.06738855781136077,1
0.0015927696385718143,0.09985078834727012,0.0654092575871108,1
-0.09112483425586562,0.07174540739243851,0.0598914130751963,1
-0.17248740361169745,0.03278684673962462,0.049679065354248486,1
-0.3497661140438172,0.05625033333321183,-0.009836002389672526,1
-0.49238360583944196,0.1721660726577401,-0.15498143738982328,1
-0.3342157017483672,0.015437687800285093,-0.04169500392283654,1
-0.33071659785056434,-0.020975708537142035,-0.06597872665715298,1
-0.4274252194951481,-0.026685974866983986,-0.2923520121735308,1
-0.30609320836606013,-0.06030723136110283,-0.09135837538612357,1
-0.15298618972455147,-0.06029753373730279,-0.022174139966760292,1
0.17598242302453082,0.0015720560792602533,0.044966172162435924,1
0.1280882176548519,-0.00012081141375563931,0.005292775762232971,1
0.08456256775327299,-0.014809029105822796,-0.024978878881029204,1
0.04833157903868901,-0.005714241830653055,-0.05604718783763096,1
-0.030598557426114003,-0.04279832309610547,-0.017665395374297926,1
-0.07611166191778407,-0.03996053071681532,-0.035944635380082746,1
0.47885927731201555,0.17945916491586433,0.03458727396023864,1