-0.045129190667831956,0.1686460788876989,0.4826496284298751,1
-0.15835668190894025,0.03055845661451606,0.4875061689472932,1
0.3251956590571667,-0.10924757790986894,0.48134723005864233,1
0.25239329342056754,-0.2685741792004226,0.48406373584265316,1
0.40616642948798004,-0.18198647984725136,0.19925280382427202,1
0.3532772186011679,-0.2462551435812791,0.18100092501559595,1
-0.02128044224476252,0.06809197761513552,0.24265694517143516,1
-0.05930684170776496,0.012224959036996274,0.2562953500778677,1
-0.06586110789491542,0.12969502350721826,-0.02219940776415217,1
-0.13668412993725476,0.011261561941740036,-0.01447170420068683,1
0.24988274129884935,-0.03763763515913521,-0.10058618015914566,1
0.3419315531679308,-0.20926182786266034,-0.19183724787267797,1
0.3624353645328817,-0.19430357263846698,-0.19620767142138173,1
0.38467027435329703,-0.2218809096520994,-0.005197578832226379,1
0.20412961767392756,-0.1188006641884245,-0.3434915770731823,1
0.1298896283912545,-0.05582707499505757,-0.43947450005885535,1
0.004057383776166379,0.021683430050445262,-0.3468947786003911,1
-0.07743179337692851,0.06844927971706119,-0.34578462144457456,1
-0.17153463405385472,0.14085730692440815,-0.2362075997530646,1
-0.2534384485788337,0.15139359026773452,-0.31863830917593283,1
-0.25273204680397176,0.08695947562283734,-0.48931225197542627,1
-0.17541108469370492,0.20095281502340345,-0.48677469668658446,1
-0.4387240312499684,0.28624167553494295,-0.398298367522454,1
-0.40323619081189643,0.26994023356459973,-0.4644879735221017,1
0.1726994095496548,-0.18392326550764992,-0.0922448254486965,1