0.46819573711553897,-0.013329029916174573,0.49524251557897747,1
0.47037897416346963,-0.017131777234278278,-0.1592543508213975,1
0.2292132128235389,-0.0014207893243760594,0.3331525219050535,1
0.23324494900641918,-0.005744212276740157,0.0001652383411722136,1
0.009473596435174203,0.23422208235749697,0.013766595981481666,1
0.0978956664993289,0.3270723892671077,0.00026844962916516834,1
0.09913567709952575,0.38243984805547315,-0.03510222497663795,1
0.02212593070294644,0.46502287480872795,-0.15940666176535778,1
0.3171106770023014,0.07271875087896795,-0.0000048699781460825875,1
0.3841636195725821,0.0739099016285848,-0.04248064212000524,1
0.3172869459586769,0.06798436111628758,0.33256045279905266,1
0.37578306213144596,0.07905036162317325,0.37319263739262775,1
0.008761141359314384,0.23498637764496957,0.3228609414933481,1
0.09767186893480684,0.3206518932143867,0.32554351050975094,1
0.09976588220175442,0.38059745843137704,0.36210122852657134,1
0.01960776899385852,0.4677242540904565,0.49549845956642024,1
-0.46704144089046195,0.01209111428407672,0.49903265807306596,1
-0.465872731455542,0.014818544722351667,-0.16667332724956818,1
-0.01953697407196353,-0.4677992369172628,0.49694941507975354,1
-0.011824347058008832,-0.46100314129210895,-0.16666298709236524,1
-0.009623783000400898,-0.30942704866209736,-0.16914411618925584,1
-0.0062141656114055865,-0.23368562423764977,-0.24552018092610367,1
-0.007735020575175167,-0.22516008610206728,-0.500000090719261,1
-0.3073301470880785,0.01535818453436022,-0.16806012132490133,1
-0.23455473881155808,0.007146608009846567,-0.230346613329371,1
-0.22491508073207056,0.018153405112720122,-0.49766553723414075,1
0.020189682485298732,0.3035271635052158,-0.16711994442879008,1
0.00927836643275226,0.23443126671995262,-0.22660120625100677,1
0.010665748796626628,0.2329434030178441,-0.4940526946914394,1
0.2350112536831923,-0.008739564166393432,-0.499988916210639,1
0.2318431609652547,-0.004240491414880587,-0.22523232515494618,1
0.30936541963749436,-0.014398712197559282,-0.16736445110805842,1