-0.012349673278812645,-0.23400933093939535,0.37922338156471413,1
0.047440975048722134,0.2365296004219637,0.3809348117434239,1
0.2743384704113323,-0.02409133293029475,0.36989232371818925,1
-0.22114793687640954,0.03373419294548796,0.36705642394245363,1
0.3057102352734236,-0.038134250077213494,0.24228936634773301,1
0.2859937321519348,-0.0357648789416769,0.16041744162273608,1
0.25853181141313697,-0.006212475489168062,-0.17567791063520244,1
0.24241849449265107,-0.026758878579984102,-0.21682058042598906,1
0.48807878841415686,-0.03935109925540892,-0.08996844473382825,1
0.45283025189261394,-0.03255567508523449,-0.07726304224299607,1
0.03540545027320441,0.010256362270062824,-0.39048582699815814,1
-0.22663224820216748,0.027969128173207513,0.05209559814799769,1
-0.48387971322734135,0.035898567272066195,-0.34157523676360646,1
-0.35373807539481316,0.062378370638467295,0.11281309214278501,1
-0.249662848616635,0.04514018556769561,0.24255307906596757,1