0.09075532543168088,0.17463677494096386,-0.019702498361720888,1
0.08101930903949123,0.29787348019443765,-0.09809759715571958,1
0.0794409855774254,0.48911754329204354,-0.15548834253756727,1
0.011953396023014484,0.486261374848809,-0.4118173561368166,1
-0.1702537615317965,0.3387777285258897,-0.2440298833475194,1
-0.1879137676859699,0.23447356183990386,-0.22440143491043374,1
-0.1781720217256928,0.12544004837371148,-0.1548603197150622,1
-0.10894965234795151,0.12850438226553984,-0.169365852913835,1
-0.02746757048057713,0.17246788966384496,-0.294285429077461,1
-0.015142044299418344,0.30841563051015796,-0.3779039871450518,1
0.10545707675871485,0.45016573990052433,-0.24634140895489698,1
0.09883916584464414,0.3368276913450601,-0.32394963596893644,1
0.059571036054549276,0.13927794460184722,-0.27950565551084755,1
0.17340082040809923,0.29633759422184735,-0.28938457614353274,1
0.18207042810360807,0.1282336274491649,-0.2091598865441464,1
0.17381371371134246,0.25664735465146293,-0.13880424368425248,1
0.12946868254494492,0.13129181234734255,-0.2514097634206114,1
-0.08078916972512326,0.03174191073533905,0.03631571092126307,1
0.11179329594953768,-0.01277073881744284,0.03990823206741245,1
0.08247613642249718,-0.15963829357889214,-0.014271330985652142,1