0.009660616095894303,0.03635633634183266,0.08896959342861921,1
0.03759440329941022,0.28413498261562975,0.46065062336228113,1
-0.2531460735580031,0.1320027776725491,0.19617313351947274,1
-0.21772661409530697,0.024777216147968905,0.07837572543419835,1
-0.4891475351162059,-0.013219256786902278,0.011343253211752113,1
-0.21779414473965192,-0.05330833248782607,-0.04737625715211813,1
-0.25099796377272743,-0.11114335957080823,-0.205724524420428,1
0.03496181348656269,-0.27514216883520115,-0.45565401131211525,1
0.00015492962181640202,-0.05622943964045041,-0.0674033865105006,1
0.2618315744167359,-0.08240078719907018,0.018733200175397257,1
0.46324653817579575,-0.11843819404500344,-0.03010995112220627,1
0.4239425440432394,-0.06495659936057452,0.05568539044773957,1
0.4597797263165737,-0.021737308101563823,0.1279759833323073,1
0.2629261734009396,-0.05876934910912038,0.0867427791411215,1