0.45031178245826764,0.39193237298595673,-0.007192135995728696,1
0.23290070500260185,0.32562773822607493,0.03815719490894855,1
0.09770787412445592,-0.17253724301349987,-0.10418754107622967,1
-0.39824113814315964,0.45695390555863796,-0.43891238388160614,1
0.018463666051186378,0.14559461474380367,0.26517638292640716,1
-0.2143064951589549,0.03166210378280096,0.4539885949519804,1
-0.43713673252218476,0.33085361910101873,-0.2844347896275976,1
-0.03802868055960412,-0.1668602480044602,0.44609093473981753,1
-0.15545745042388598,-0.09732580841622618,0.48622579515997255,1
0.0799046643888317,0.022882813220617803,0.3268886937630797,1
0.052041239608687895,-0.2584542109831696,-0.0720375457974296,1
0.2371395197003201,-0.41352651627934555,-0.4965127379947951,1
0.3242879772854797,-0.01277976227587363,-0.23083801002645465,1
0.050514776611164436,0.3814085009925148,-0.20750851870489795,1
0.3442202704045849,0.1985791847431524,0.05110313179183135,1