-0.48415254565155763,0.24825076187993922,-0.16381163535154863,1
-0.48854171154367565,0.1914994544544788,-0.44265102061704453,1
-0.4471048929387136,0.27615214220063855,-0.4454234334753142,1
-0.4461939227112621,0.28585487366034656,-0.3081275639685478,1
-0.4960915243409656,0.186265556111886,-0.30475714416527777,1
-0.3770858795917693,0.1386372409843144,-0.2836876045366462,1
-0.4104372941312562,0.14125741335672082,-0.33991416307121053,1
-0.34620520284743517,0.2284268246654646,-0.2725575019767523,1
-0.3378912928984459,0.2294414658959516,-0.34400870699495245,1
0.39853447621805493,-0.08452911467295632,0.1977020168488175,1
0.3951760196370935,-0.09139566067987515,0.37674627255941495,1
0.331538309102414,-0.04748723613849637,0.43916102720196915,1
0.23908878843664638,-0.20433426805884958,0.44976378754110746,1
0.31079625745497097,-0.2681696581741022,0.3731688572572205,1
0.3173517026678798,-0.28241518307593516,0.20256453948200415,1
0.3377347053464477,-0.15886216202753434,-0.17782884287020506,1
0.4493996793620886,-0.22492802608778,0.18084445803731014,1
0.23071084015601917,-0.016641257732102566,0.061909676002986115,1
-0.20829968700918822,0.18524926674138203,-0.006301882724804253,1
-0.28098021478880497,0.06817393232919222,-0.014071341474866772,1
-0.21535772681990206,0.04538398955573353,0.24645135275796404,1
-0.16341469979092704,0.15165583357832102,0.2292497151526553,1
-0.13152071016573164,0.12080000324427376,0.3718269906290681,1
-0.24996530796463687,0.06743725624362329,0.44012306522459205,1
-0.20442380601893761,0.14762843194617248,0.42990725046868195,1
-0.1901577660209336,0.018134299577469037,0.36781561094018295,1
-0.10667268338696045,0.023925154296926987,-0.26068476189397716,1
-0.4295667496590134,0.18547994860107408,-0.4278109991371366,1