-0.49521800603169064,-0.06989187722567536,0.005026204860677508,1
0.1159827063218466,-0.025543968054371646,0.4320966849892951,1
0.2441198623686251,-0.025332820204674533,0.4357324850307047,1
0.12119303995603092,-0.02720575715057899,-0.43658548123446045,1
0.2611033524569992,-0.026583036757644063,-0.4339307748993164,1
0.4941079576494549,0.09108801556149704,-0.005457103439275635,1
0.41221320892009095,0.09164007601708413,-0.0021602021063773513,1
0.425788275732526,-0.030971280992926786,-0.17898541311033345,1
0.47796354235195593,-0.03571195000358385,-0.17865716820694155,1
0.33082173773428647,-0.05139643122517784,-0.053082312070199256,1
0.337610033228681,-0.00020325729552017613,-0.004704893463540527,1
0.4715960486223505,-0.030831985317123056,0.17910105023889233,1
0.4204411153292398,-0.032626621234109976,0.1768697136356172,1
-0.1961434974445413,-0.038120411298518286,-0.061390015566796574,1
-0.21801251296569968,-0.0328107060487437,0.0520975887418006,1
0.1452509705986871,-0.022627252577358745,-0.05961891402709967,1
0.15429390058120906,-0.027537967007172787,0.055267143714279515,1