-0.028084969167433194,0.41899767134026067,0.012939270218309873,1
0.0760305277106581,0.42285180531110056,0.017818529163457608,1
-0.03824597347812608,0.4444367818570769,0.17006518154067174,1
0.027525469685581422,0.4922039381537729,0.14716225233781122,1
0.08030308744822434,0.43411547656426663,0.17631410913818285,1
-0.04717770609536853,0.41045812224944966,0.26071430304462506,1
0.20106490602588534,0.3437541492281251,0.04577580103453105,1
-0.16398051846374895,0.37242785706051884,0.01358335020441137,1
-0.21492416758366106,0.0942874263452842,0.20753135519198418,1
0.226102107812731,0.09380445958898731,0.22832130580619237,1
0.07146177334735915,0.41520270643431356,0.27582575346940263,1
-0.00446143948328806,0.41901685797375743,0.36945210181742105,1
0.1266985683295357,0.24862304653347556,0.38585399074120263,1
0.03788396364664068,0.27624302186761707,0.4195658556699864,1
-0.0699593203041195,0.2440961536430688,0.4077165159370404,1
-0.15144133708813767,0.1893182493465737,0.35466218974311214,1
-0.17352765108408888,0.12089134762505793,0.2945683243677859,1