0.039487086345719735,0.023034720242631535,-0.39122292987648005,1
-0.49071501864654765,0.04473663230107405,-0.34850457069207863,1
-0.21247348744869082,0.03588213954833197,0.04909106717002487,1
-0.26081711131885177,0.04699023694041715,0.23245802320797537,1
-0.35848628585293085,0.0691088986489298,0.09223481636856734,1
0.004556753460826013,0.24292010055455826,0.37795131024884476,1
-0.15433369680191245,0.16367419078282186,0.3777669930887795,1
-0.20505752758480789,0.0023948002129274837,0.38247407602213246,1
-0.1624453950017175,-0.15173165215298368,0.3769351493341495,1
-0.00017560370704350348,-0.24021554676199497,0.37717290532901093,1
0.11551871819059567,-0.22612793440019785,0.3742162114811717,1
0.21682172812046518,-0.15750678403195417,0.37144236688493193,1
0.27135674507426,-0.030318812560614194,0.3722007064046071,1
0.2522512545574349,0.07273729014757291,0.37867187129546087,1
0.15721691928327708,0.18097424597224526,0.38521324072553453,1
0.26046890530864597,-0.03241338072752736,-0.20993752687771494,1
0.32872545908673445,-0.04646756434084298,0.22025797372737982,1
0.2746728106819081,-0.058604089938500636,0.1576730240152482,1
0.24947960865856073,-0.029866816941123808,-0.154675108217871,1
0.49738958386271825,-0.04301804234823248,-0.05160047264469636,1