0.0864104910957813,0.00020687551186993058,0.20347018453366306,1
-0.05366764693851861,-0.010654659061917315,0.20719151101225466,1
-0.07842112840453597,0.08544144064046044,0.4684205906893695,1
0.13927791824943436,0.07742653973142977,0.47147089063978986,1
0.10378226634471721,-0.06996836946162865,0.48593745899052815,1
-0.09004821374970962,-0.05830994422655422,0.48376317250045553,1
-0.15122009789618696,-0.013823921407159823,-0.17315786100610797,1
0.19277934646467565,0.0007247585793734856,-0.16417750017351684,1
0.11671971584022733,-0.01745090924383952,-0.32231936490860447,1
-0.08834883337329846,-0.030847564434981933,-0.3134202874637775,1
0.11136366460582359,-0.011857780974301457,-0.25094804624772304,1
-0.0694157670852088,-0.02090541650309663,-0.25055241865590205,1
-0.0012608367227020523,0.04281916265833474,-0.4312735316838695,1
-0.006206689595854575,0.028331763410716193,-0.4938071124867136,1
0.0003109288768022994,0.033860526961228876,-0.3893395699492279,1
0.007278431511100532,0.020432194804771542,-0.020286016072939658,1
-0.08159307200675077,-0.008300206955442035,-0.04671019352403047,1
0.10270324178019011,0.016632747809127782,-0.05398960365966822,1
-0.01760142189868577,-0.08907070632177483,-0.01876407253205073,1
0.058436659463295904,-0.08335033765564726,-0.033626828800951136,1
0.01656627197092475,-0.060033811249896374,-0.3635900150542546,1
0.18103301163066798,-0.02989747263614073,-0.14547148039150803,1
-0.14694739224780823,-0.04258333216021626,-0.14272676619221591,1
-0.24524292389408953,-0.02508779523932203,0.031091151869501843,1
0.2708169824494219,-0.022108353906423295,0.010716174485222107,1