-0.3784523416339154,0.31298622238386686,-0.4285336844208009,1
-0.277147910286228,0.431984375471957,-0.4046860059355873,1
-0.30129361231229,0.41292224595453364,-0.3757309076101152,1
-0.38421087866106673,0.3403367091130458,-0.3926535098114693,1
-0.39912654491776134,0.3005922422804028,-0.3186481331592979,1
-0.278900934281311,0.4276305823536253,-0.3113756901603398,1
-0.4694150867597341,0.4655973608751829,-0.2971415176768622,1
-0.47646205237007355,0.46473982336177944,-0.25245923629686107,1
-0.47010312351177713,0.4571467064907222,-0.20517027628298812,1
-0.4668445424274017,0.44736411696931455,-0.1776166043608548,1
-0.238974530069186,0.19148591246205715,0.05379291389287809,1
-0.2975159797863156,0.27526706265658873,-0.13618415552965613,1
-0.15933833561314503,0.29050906222241846,-0.2174842333928615,1
0.11372459994328987,-0.026655813634302028,-0.29277312601664973,1
0.2640534784443296,-0.14767818083242856,-0.3783281845425861,1
0.3970649696760745,-0.17079355074105407,-0.03011775659768512,1
0.49532896383962655,-0.25039343732848174,0.22016563402617262,1
0.41226319083273655,-0.2102570877967671,0.29926424173926147,1
0.22683200323748354,-0.40479674865573706,0.2395493338674637,1
0.31486315072134996,-0.477820036587542,0.17149298464444368,1
0.24973770954083063,-0.3426702145035969,-0.06489295480111994,1
0.25724047037561215,-0.00922403519703785,-0.20456325678803164,1
0.14445663188317015,-0.16046352341134718,-0.2518208687781671,1
-0.0727889585892125,0.24626052383549707,0.06840282752020205,1
-0.27378439462803733,0.05533672328156625,0.03228412332762565,1
-0.22250164530268068,-0.05341405317724002,0.3781445421168945,1
-0.03367642138190163,0.15840993154476313,0.41869587273911435,1
0.06186115132024461,0.11095941007608562,0.3627652554957,1
-0.13246502887417266,-0.13074411461232494,0.31481548384580327,1