-0.1008724138557153,0.3757187655900497,0.01394832919619865,1
-0.02094024394928415,0.296200007914375,0.015297067478335875,1
-0.020260426745246057,0.26262209361060546,-0.10794032654048405,1
0.08362382187644465,0.25859824390139563,-0.11539944591584661,1
-0.12521934143719043,0.26849273066831847,0.019539323704129002,1
-0.1333118811765276,0.23491272165877772,-0.1142411766654296,1
-0.2198582378619835,0.17907302028609767,-0.08717529841663196,1
-0.1318971515332249,0.26286355325831723,0.11530859267152138,1
-0.020082904003192015,0.3178544083882063,0.09341725233624362,1
0.22390837900689953,0.09835055963649769,0.025575382287219173,1
-0.21209261322236772,-0.044253266936220004,0.07203569202992821,1
-0.23682352662084138,-0.11214555416638561,-0.03428232433014827,1
0.2798225440776833,0.018920361612670036,-0.06113694513553239,1
-0.06953151838187135,0.32293086862638365,0.2018122576237486,1
0.2419827720245169,0.07773047047438253,-0.1234240443928527,1
-0.2346506025448143,-0.13138770829970703,-0.07868554712789833,1