0.24141712099698198,0.12345692372300299,-0.3461960257454921,1
0.23924399652214418,-0.07011112794991592,0.15269179988733816,1
-0.0378607398042724,0.09736392600071214,0.4834518718324231,1
-0.1531938664571325,0.1045470804749046,0.484147255137744,1
-0.34458221810098927,-0.043745871385713286,0.4483516067794038,1
-0.3696271155682973,-0.2536950814225718,0.36529580790402383,1
-0.21815122489520544,-0.39568125242484276,0.3140906790495499,1
-0.04837009383557772,-0.4160670371962162,0.29969705956985004,1
0.1187822852326077,-0.31637760977061546,0.33156498934948586,1
0.14308046635182414,-0.1602144408198356,0.40224531331235114,1
0.09047324310494798,-0.009007175666347678,0.4596875129397562,1
0.4264355344772778,0.10142499268616945,-0.3365238448027682,1
0.2412832495446131,0.05701941254452314,-0.3801831263991202,1
0.42887637559672465,0.04483955863046907,-0.3601287079402944,1
0.26479862683646493,-0.14088025530483606,0.11418358931789063,1
-0.12736065529162088,-0.16003937993780304,-0.49416370023992373,1
0.12284029339048022,-0.06140199448407557,0.38866839248315,1
-0.296295201917653,-0.022349241452872093,0.42237796341069256,1
-0.14141793334766425,-0.38491067698424386,0.2719648548437439,1
0.101572546642139,-0.30284710495370837,0.2704514657166986,1
-0.31853418930366945,-0.2573785753302992,0.3328633638768074,1
-0.07319063895245703,0.07378765924764119,0.44719413494347915,1
0.12212176806777944,-0.034309407429623295,-0.4466388578884404,1
0.15353889612312607,0.2720485277043573,-0.3344168126696307,1
-0.02733565391242819,0.40111177089653616,-0.2599127424045342,1
-0.28119561165160967,0.37518152038870234,-0.25655898266782096,1
-0.442014995684711,0.15727009408088577,-0.35109008599400315,1
-0.35533291911395404,-0.08659738805976591,-0.45472127249291283,1