0.488394144771351,0.1474738131278866,0.11707978431246407,1
0.4790477587668503,0.14557582641547007,-0.14070260854795488,1
0.3003083827853361,0.13731592271268997,-0.05348238811649786,1
0.28703896372186577,0.14084699785749952,0.022770022808801915,1
-0.48322217974124726,-0.006075584015897417,-0.023769135346149106,1
0.07372157956407074,0.05823025339101032,-0.15273866558392718,1
0.09442348718514948,0.0756120477448089,-0.09984199315819475,1
-0.01675219986575538,0.02349921394609883,-0.13672004780921143,1
-0.15050935522566355,0.12521641832145355,0.11753705376470319,1
-0.07218443861068824,-0.14542931592238406,0.11322194832332366,1
0.014558096669896603,-0.020847097854228558,0.14825836300933304,1
-0.014367318409579055,0.06486843945663265,0.14959379181110583,1
0.1684481215964122,0.08167683526219238,0.12564124279784905,1
-0.4863706702710926,-0.05657502558629246,-0.026766656906614616,1
-0.281019108982536,-0.01589987904532797,-0.11309008125381886,1
-0.18171987780795607,-0.00459979649522424,-0.12376572131449809,1
-0.4504320290192713,-0.04430602552260898,0.06172257936856748,1
-0.1926770674080756,0.01848983127221293,0.12541741029966857,1
-0.186367981823691,-0.05960386845119686,0.123081526679995,1
0.1985447043141697,0.10485651658864115,0.06675051542379629,1
0.1044561197659194,0.054107301985153455,0.11214147635114402,1