0.2833200020818327,0.047569916326980044,0.3230210452704916,1
-0.2760568762305148,0.051770303164333065,0.3210923376018071,1
-0.3088249278983606,0.20693836822803102,-0.09687016922228242,1
0.2895865132732498,0.20672551361885816,-0.09204913368237722,1
0.3105109537965631,-0.18800495037385856,-0.23370740440914606,1
0.30168302539454406,-0.3368749515215512,0.18419806177290177,1
-0.295726770583002,-0.34277478448585497,0.18121552840196786,1
-0.31134451683078906,-0.1883345255013788,-0.23746357498081422,1
-0.4941885779259638,-0.2662347027982154,-0.2974743732964693,1
-0.4914111515940538,0.33803657341180005,-0.08141042555566269,1
0.4928882621128127,0.33954423708647763,-0.085005287905356,1
0.493843322865547,-0.26587898848180114,-0.30031761283217445,1