-0.42113079669596853,0.4540637277626054,0.08070289159921806,1
0.4010775078683668,0.4624080827305379,0.08369895408348604,1
-0.0028988481290497248,0.43400389288924135,0.16446950396731186,1
0.04159048734206383,0.4773771130073148,0.1149040411052007,1
-0.0408245555256288,0.48289234405176407,0.09897504071040464,1
-0.3628462446551515,0.32499810246711425,0.2767292875641352,1
-0.10942992791911355,0.34060386068981763,0.28353289996021824,1
0.10455836182719525,0.33811370472870006,0.2871744344337722,1
0.34131474652534344,0.3248863119400647,0.2859672238172313,1
-0.47506050595950533,-0.19426392373462853,-0.3048628823929118,1
-0.45952354074405477,-0.4692873427895341,-0.23273113081844166,1
0.4334289770234605,-0.47467085518766794,-0.24281480709061753,1
0.47397511357660305,-0.21395913325193128,-0.3091237591882736,1