-0.43781971765201977,0.2844423716179405,-0.4013189812550415,1
-0.42636264291102544,0.2655560901752728,-0.4483451717633171,1
-0.3320385358472109,0.24837428702067865,-0.4712383449817428,1
-0.1798705248224337,0.19891100999842637,-0.47826065954792885,1
-0.3596976211037184,0.21764715363747134,-0.4737208721265991,1
-0.17137597882860256,0.13756020005635317,-0.08725890795380986,1
-0.18564411202334619,0.13249301909565703,-0.2394279712848647,1
-0.06692746356659651,0.08550721804073597,-0.33692503706049315,1
0.12790491592889197,-0.010778963637125827,-0.4154563523986162,1
0.22182045883687235,-0.0642743886571957,-0.31477851664911155,1
-0.006161370618354117,0.07410955339632902,-0.3257137511398315,1
0.34480081989448763,-0.2100695497546523,-0.22518344887129427,1
0.43763708414301616,-0.22137192913443204,0.19865317691011752,1
0.41414264574827087,-0.2659849811034345,0.19277573131513015,1
0.4112542211659358,-0.1691398497385972,0.47953199875055197,1
0.35268770279687667,-0.2703998426982577,0.48890780672292283,1
0.36958893618732225,-0.06374246736295319,0.49487937630659873,1
0.32327381290402357,-0.09343079781683783,0.4940881009470166,1
-0.04908070305510792,0.1778670254879966,0.49367647125821046,1
-0.09241480775045652,0.14517898234463678,0.4931711264326033,1
-0.15986667217447703,0.03402942218337657,0.4900660732181574,1
-0.16868482911691274,-0.008219857469602854,0.4928029700570091,1
-0.029252142145986593,0.06227483803175837,0.24723731048137454,1
-0.052107971161329925,0.025698523490859326,0.249850688368618,1
0.244801475221466,-0.22629831638260983,0.48367724095382325,1
0.23610645704011657,-0.26652475468565984,0.49456265004885713,1
0.1255817758249016,-0.18142673298366496,-0.2741178313656272,1
-0.09790514013552198,-0.05083515442042291,-0.2171152661068605,1
-0.3323237976257063,0.17121177984239322,-0.38712094996864854,1
-0.2954317615829827,0.2318854575724525,-0.37973742423973045,1
-0.2581373455623195,0.10440137026869478,-0.49175489728044114,1