0.023005122748163576,0.46407984482560005,-0.15841849058090496,1
-0.4532098242914292,0.033141649897180964,-0.16447602825805707,1
0.0019200407924254703,0.22792139071403336,-0.50000001125396,1
0.23096544977447026,-0.0032990603561902643,-0.4991931574340086,1
0.00498916101476421,0.23254163196150113,-0.23033812044405788,1
0.010475983467565841,0.32244911498485773,-0.1666730198495171,1
-0.30299315066412413,0.017982246508200572,-0.1690984312903969,1
-0.23252910247362107,0.011053275070727953,-0.23329109041799267,1
-0.2264105694005054,0.016758873228031657,-0.4879734590422964,1
-0.005872781911799851,-0.23336693592396562,-0.49695492150774156,1
-0.009683647395745787,-0.23603988444150215,-0.22083001270104896,1
-0.010260168932728853,-0.3061665126818989,-0.1719630232720819,1
-0.013872331128177429,-0.463116895772119,-0.16666304046554714,1
0.22829316244532105,-0.01626645714631758,-0.22129862931170763,1
0.3127175367799664,0.007354576611089847,-0.1666630968675027,1
0.4596630126630057,-0.014497050620863483,-0.16666309869335372,1
0.3665516768774326,0.07550725809418823,-0.03069283343274276,1
0.363160736982576,0.07747011716547858,0.3628780096266252,1
0.10466838852855176,0.35836540480548384,0.3653919556274767,1
0.10559874807650327,0.3717753443561683,-0.04189505569028373,1
0.09770007744977693,0.3214636295717942,0.012129415993541948,1
0.00950406937971715,0.23418928298768327,0.00821698712853891,1
0.3170410775836856,0.07101511332779567,-0.000005038680674696039,1
0.24198027666201985,-0.0022405301415215767,0.007767639056361797,1
0.2457708610269405,0.0012939866688402857,0.32024150806227303,1
0.3090854359310188,0.07762835670408075,0.33332105386450817,1
0.011903276812723629,0.2330375328954304,0.3333210303778473,1
0.09158971499790569,0.31329825490825325,0.3242791951785926,1
0.022947878990931425,0.4641416677931906,0.4926291505637031,1
0.4681854082274839,-0.013318318220419734,0.4863544000646416,1
-0.02122418338025267,-0.46598969744487095,0.49331594619463137,1
-0.4670903514517127,0.01214365926539518,0.49499502651002736,1