-0.015241772414534172,0.15595979984124275,-0.27590894750348655,1
0.13108907597035602,-0.007537321978493161,-0.4873245848035337,1
0.040103351042026336,-0.011573595036991291,-0.4788526377592814,1
-0.06716694425322078,0.008417327169403022,-0.47052493528441675,1
-0.15652413715025792,-0.0040322706818087806,-0.474999877724153,1
-0.1761998336215247,-0.0017670215989782356,-0.3834694269333442,1
0.14340221293585875,0.022448494309578848,-0.393342504876315,1
0.12621974264267025,0.02551655717107415,-0.18420205960350788,1
-0.15239654936907795,-0.016801615854679874,-0.1787037244075466,1
-0.0852030435003383,0.10502263391558575,-0.24152385830046832,1
-0.07457030885913057,0.0963649342708861,-0.1924244125805308,1
0.041616984186634454,0.1064096116205756,-0.18663515680905246,1
0.05562911694801387,0.12528501418225346,-0.24484787794390717,1
0.18561970291009586,0.041221477885381747,0.01543332706686875,1
-0.18873371249976498,0.05380691495044643,0.01961302321415398,1
-0.18216164684533714,0.035519948555791325,0.13829911262911476,1
-0.25999893541561225,0.11395754746250386,0.45093870702866506,1
-0.012537011809137593,0.06717596727415791,0.2084933612943506,1
0.23012534674893936,0.11918428942801418,0.4477576348499257,1
0.17071277175781932,0.031101515303770522,0.15633821140426277,1
0.41598749189628426,0.06579528241054433,-0.12958358557073743,1
0.1347529580520725,0.041241612272336026,-0.15189763695149916,1
-0.17204284675409626,0.04474708937212468,-0.14777776731107076,1
-0.4190502422954241,0.06390183788311876,-0.1403016451056032,1