-0.4114894211898781,0.16322799063726823,0.19559822797125292,1
-0.2750609284473018,0.26131992267648974,0.39392205878496656,1
-0.12908403436400762,0.30919062157128696,0.47992591057887113,1
0.058645044766883814,0.2319758394440532,0.4945452605962224,1
-0.1771194677701415,0.15537080792824598,0.19572517802603706,1
-0.0608468724967724,0.1929778465832792,0.2782701978272384,1
0.08105679582856729,0.15115750668213412,0.2937547646221217,1
0.06300069426229718,0.262823297283893,0.46458968597327377,1
-0.11567442439391346,0.3371977410801963,0.4435809279435865,1
-0.27320574101819173,0.2920704070055957,0.35576047187751936,1
-0.3896063973592586,0.1761800968810654,0.16260102700723023,1
-0.2780833071625193,0.09702489688841842,0.09814630119827505,1
-0.18470429084474105,0.03726698980462806,0.018558887368443466,1
-0.11390411667931455,0.07948236424901345,0.07773119863964928,1
-0.01676652854210503,0.11229067806319293,0.14307560502502076,1
0.056148583283425424,0.0939028701145741,0.1877802801455396,1
0.29555118714814554,-0.11912522875745912,0.05503873078148125,1
0.4132295734299875,-0.042874023611652545,0.2335220379109174,1
0.2670309624698739,-0.10265245267758027,0.21688266467930783,1
0.047078239415608625,-0.006168518585466964,0.22416267536035905,1
-0.055339718396675064,0.025071483568397834,0.21193391306199816,1
-0.1372175554202968,0.019300287862963228,0.15965718701416587,1
-0.19263935306838187,-0.019527453859582655,0.10364694263029905,1
-0.01596813295985733,0.05407345575489231,0.24785459730510073,1
-0.11308663153634146,0.06645167504518512,0.2152354528702629,1
-0.18278582146679268,0.03112818370372558,0.14757129858066226,1
0.10889472563651226,-0.21254729962480712,-0.0938294487861997,1
-0.07255687907243491,-0.1722616050772645,-0.18221905164483054,1
0.17513114378857542,-0.07775704275916073,-0.16512155435179254,1
0.17646763191332426,-0.022960862672319893,0.06374475036801511,1