-0.1771615710112473,0.16815314731508613,-0.06338844638107333,1
-0.22266018976762458,0.1788369072106799,-0.1483966892728777,1
-0.19792500440205574,0.22493555452487213,-0.17712521356758743,1
0.01648359424517265,0.3216905296094206,-0.04903303108105206,1
-0.04431988409990062,0.3582443043502126,-0.06675158069766962,1
0.09075811898875052,0.2887569432372277,-0.043936952957944087,1
0.1597804915113632,0.23063618144757603,-0.046554896282108515,1
0.04076342172865072,0.3175082277285891,0.05564522238819891,1
-0.0008288902735318349,0.2901161487347923,0.039297841795738364,1
0.06636854601855235,0.2712525346035992,0.042869415034914926,1
0.07904194309563684,0.20707362254188344,0.06201471653971469,1
-0.04809199061927516,0.26588258324891967,0.04992149508142818,1
-0.017419227847661478,0.18934428392295843,0.13335693913666358,1
0.129998563067955,0.0581810287130225,-0.05604006620481006,1
0.18361266801312826,0.013725200708796959,-0.1680333827202124,1
0.14154564320222413,0.009882983516557364,-0.10954319478397431,1
-0.13101587763928052,0.09877794087159297,0.05709517035041345,1
-0.17565843850745277,0.04557028692846243,-0.0630810875154304,1
-0.20735533181362598,-0.10061738841421164,0.09976195156566536,1
0.080498087263997,-0.017870936027640366,0.03544352194878808,1
-0.07473779690488658,0.0503846960299098,0.1630778113416964,1
0.0559387405463454,0.05573392921108855,0.1441243272327264,1
-0.1902264165460017,-0.03393128924939215,0.14912397681225098,1
-0.24960051200467048,-0.15295164778090475,0.11623847498305029,1
0.21880869721964655,0.1258687086787773,0.1633258571374009,1
-0.36144708751999266,-0.24005610205680572,0.17527512715256366,1
0.08147686958378264,0.41991727063662454,-0.16199329550520947,1