0.33465263852144433,-0.13832898917885128,0.4524542889389864,1
-0.052404651960592075,0.018934009220054282,0.492790256013395,1
-0.33021417002183906,0.30774070441727464,0.1319147211643381,1
0.14669047816378367,0.11968878887950998,-0.3803852192211537,1
0.20951821521885355,-0.14274393111645345,-0.47721729979890853,1
-0.28296032064833365,-0.15754162009146577,-0.4111805766686021,1
-0.4467555094890099,-0.06650956790869611,0.010206638321466177,1
0.479985949653281,-0.2347958946267532,-0.07223672755670707,1
0.08870432969769407,-0.16916847525673867,0.030232241702747076,1
0.07881196171027005,-0.002466641084484994,0.08733781373073939,1
0.01704883131421675,-0.13979778137470117,0.1070159270041715,1
-0.015227206193632742,-0.04400771979199994,0.07849025325729289,1
-0.04830404963992113,-0.08449477850648691,-0.00907640861232517,1
-0.04677213239927136,-0.13501599716953083,-0.1133737072545323,1
0.0035651028201282298,-0.041302924416045106,-0.16769530057340742,1
0.09633000021982957,-0.08421001702528763,-0.1489509455288759,1
0.09564993716461502,-0.1560993328800141,-0.0724897515755902,1
0.07561346972816041,0.01954772397223503,-0.09464009316036061,1