0.45177750932258043,0.38524894763847406,-0.009429213406842774,1
0.014825017912890814,0.11244646881578024,0.31397015162714537,1
0.09231700332213455,0.03081563302039414,0.32703756209424895,1
-0.02720490006425874,-0.17374221216494892,0.45620404037265655,1
-0.20661844012464936,0.04558998896348765,0.44852740230107124,1
0.17873444811495887,0.3155978513644371,-0.02655866037322463,1
0.3256153880744504,0.18037288404892632,0.016773900816941772,1
0.23044825643912592,-0.40825528468676264,-0.4995058003559403,1
-0.3941327407552606,0.45071656222031997,-0.45172256441987,1
-0.001766375531888631,0.3812783469704599,-0.24144497343078952,1
0.30714946276271426,-0.0015485690233356664,-0.24826426702567983,1
0.06796736039842222,-0.15537045244479175,-0.019588309769512813,1
0.07863217062755368,-0.37787026246163613,-0.24964125325424535,1
-0.3815136566074053,0.2763175609774122,-0.21829479506225202,1
0.37830568419380517,0.2645802698901519,0.17597991127237303,1
0.3114391699549355,0.3391776173443466,0.19061129037492885,1
0.3976413549722366,0.3548242792924543,0.08197877410860302,1