0.09096335833083335,0.18151533628757976,-0.023784900162881373,1
0.09023394549146646,0.3073058520322145,-0.09776023654429178,1
0.08721289767262874,0.49210285389963526,-0.15562103326836185,1
0.014480673335887317,0.4876616423933222,-0.3966888678595568,1
-0.16400750310712442,0.3446244924097414,-0.22151866631325035,1
-0.19873525161802363,0.24587008256833803,-0.2150168170452953,1
-0.19439563230084134,0.12646259495380058,-0.1254106725940356,1
0.0020386045553387744,0.40426631614660247,-0.401779345827606,1
-0.009945461714180287,0.30756652925680417,-0.3776602116778127,1
-0.04073174783242245,0.16215943575550273,-0.2848401745877691,1
0.04775494915181683,0.12624457081420526,-0.2693286351984927,1
0.12631685413007876,0.1313706715445459,-0.252721977338461,1
0.19214558693739558,0.10702866202988781,-0.1941378789756345,1
0.17455243078285854,0.3048672807647126,-0.2881114674197498,1
0.09084806196791462,0.34787467034154584,-0.3258471836987895,1
0.16050982273010805,0.2760554930014013,-0.11668909540476402,1
0.12587787842148956,0.346238197780419,-0.17891304491727056,1
0.10261547229796264,0.4620423500332418,-0.23266766461295862,1
-0.07742238815553382,-0.024048816073874546,-0.07493658806895076,1
-0.12086882015688577,0.10655786578929338,-0.16410185858536075,1
0.07820510450308155,-0.15200149046033395,-0.021532224394931188,1
0.12673410478869532,-0.0725313818259149,-0.004757526755800878,1
0.10887260829533973,0.03957088117068497,0.025084015971402085,1
-0.07487316039632042,0.08468076573586303,0.023643202564346766,1
-0.12032537036816854,0.17414310664211333,-0.09047153233555655,1
-0.11272169950591426,0.1511166429009532,-0.15653238769070016,1
-0.03522788604723992,0.24934416471234533,-0.23925171067131412,1
0.060920576741497756,0.23919757601028696,-0.20443062025831615,1
-0.019174941851698435,0.34569921089624556,-0.3256184051200717,1
0.07829073381304785,0.3383556085111044,-0.2523369533737845,1