-0.49250239605288826,-0.01566839138449172,0.01734527174106404,1
-0.2522275837198148,0.13341888931026172,0.19531139349349425,1
-0.21663420091897656,0.0378217182437699,0.09317649319903154,1
0.01203622304340024,0.034067032116784746,0.0887726453833605,1
-0.028728788129370297,0.1380436835636234,0.19934800013209575,1
0.0264700303124088,0.27978423619863024,0.450075264769076,1
0.016490337003786548,-0.04163409504660115,-0.032540414262471895,1
-0.02503788184409217,-0.12080448003208147,-0.22435067793824714,1
0.03349556530651121,-0.2732596062644167,-0.45355369045987004,1
-0.2466722321632726,-0.11049172872530291,-0.21113149646334572,1
-0.20880560194382003,-0.04457558682833458,-0.04906227205214986,1
0.4709441341001437,-0.022355880250187865,0.1285436544792109,1
0.4701082501524567,-0.12228892280877612,-0.03520934568574141,1
0.2488901676482982,-0.04885946496331542,0.057439126284211106,1
-0.21185226559116965,0.023108099910329027,0.007492683072920836,1
-0.31969657487978864,0.056017307433108954,-0.021317343817317758,1
-0.405772395770313,-0.019731915588412363,0.04202654033729181,1