0.1894596517017888,-0.14853497721680242,-0.4826381582885939,1
0.14255802304698495,0.039622360924749245,-0.3576380554520804,1
-0.30770374958664615,-0.18139328170517022,-0.39354908750939654,1
-0.46102241976060543,-0.08745861790472631,0.04336640736300679,1
-0.1990783089950916,-0.15390976684502,-0.2088025007113402,1
-0.292609515058202,0.045763392705846506,0.1038959341641712,1
-0.18367412012153933,-0.028896656838600876,-0.035390904173041415,1
-0.0707921487804355,-0.014187382031744411,0.4733990251371252,1
0.3181534332884719,-0.15837716115955658,0.4345351530885362,1
0.46486907948104905,-0.24449155279138068,-0.08557761620242799,1
0.07355666177091055,-0.18014201256430812,-0.04427825231839472,1