-0.0018652845284053976,0.45402724258462085,-0.14760181879648826,1
0.4538109713809209,-0.005902970709172117,-0.16666299052828737,1
0.45302887358267246,0.0029356083067585137,0.4766689430756744,1
0.0026138370525087273,0.4582043502319965,0.49714265448339456,1
0.09876170853624366,0.3828407924806855,-0.024979223877370726,1
0.09738080570619345,0.3843216855291657,0.350893741643479,1
0.37700638006821907,0.08357126647291446,0.3771744364617696,1
0.3820569089748063,0.07313447423166636,-0.03303343146109078,1
-0.22186045286448921,0.021001273729582825,-0.48953252807843705,1
0.004107998816082162,0.23172008258041726,-0.4904624746166997,1
0.20727967017183862,0.02210090087191885,-0.48472355231368674,1
0.2374987231028869,-0.007164888897742583,-0.22008096012868372,1
-0.21676918965887348,0.02574952543408493,-0.22737009043212947,1
-0.005910199545930639,0.2307896730496181,-0.2160707656349483,1
-0.46825798753117076,0.019109705259557685,0.4927168725866313,1
-0.013481859336406887,-0.4683380618919327,-0.14774861673085604,1
-0.0034741225137369102,-0.23113046013664995,-0.47590450590382183,1
-0.0071954058643047824,-0.23460086173125805,-0.26352294610627313,1
-0.008032507433520574,-0.4632566009336416,0.4694242095287027,1
-0.46610009786126205,0.012554740907573747,-0.16667295773938928,1
-0.008383608924872498,-0.31877799275862256,-0.16666302701518726,1
-0.302965662212932,0.01235010539332608,-0.17323632742605544,1
0.001120266479093468,0.2966983106645028,-0.1726631259926963,1
0.30602524903225236,-0.0019320724548967938,-0.16666304834777223,1
0.009977422074303965,0.23368184796074706,0.31890422054127815,1
0.01034197766853906,0.23329081810024488,0.010144557307658397,1
0.24666740996435865,0.031266135326107225,-0.000005036350369191922,1
0.23245832171348546,-0.0032700872265732927,0.3333209758398575,1
0.32108722430641645,0.07152819542368971,0.32728525360509464,1
0.31729545251519403,0.067991791518807,0.00774235668730569,1
0.09838148081328235,0.32806068211147376,-0.006798920557106403,1
0.0980885353396328,0.3325855352531293,0.33361038544727406,1