-0.4618408856666361,0.2567398121453744,-0.16573398458837796,1
-0.45301453890838733,0.2564649461327959,-0.3998753289497159,1
-0.43629359984375104,0.2752908924203567,-0.44275797603751415,1
-0.19983687837708258,0.12039682930067283,-0.3886209052756559,1
-0.0748492382275634,0.10447834367397302,-0.23795317598783377,1
0.140997087102768,-0.029663361024428555,-0.1842242829331208,1
0.2615198050853952,-0.045409757922587196,-0.18792753757776942,1
0.37406904575518235,-0.06749129050049753,-0.11615152851246954,1
0.38197932805634404,-0.0599000373262943,0.025962364530988525,1
0.35473218267329553,-0.03516465082800768,0.12215502972146518,1
0.3882767456080059,-0.06798046451615307,0.21789493928254977,1
0.37954719935097553,-0.07508855510934917,0.3448425550180731,1
0.33770958321686683,-0.06022372227900323,0.41268398214099644,1
0.2918748564358228,-0.240380063215623,0.20151667217960317,1
0.30286764307183805,-0.24390410395384432,0.35180054916546677,1
0.27189490073487027,-0.20382284237091827,0.41946427485439946,1
-0.1300980735853167,0.1850408577481116,0.06428956758142175,1
-0.1338592729708558,0.15399040889260304,0.20886416704533461,1
-0.15749083486169058,0.14691988687518434,0.34268373954515085,1
-0.161783804708989,0.16944143227186537,0.41611743391396633,1
-0.22299472802395592,0.07138961714407452,0.40315327127683376,1
-0.1509772976491878,0.20370431640171585,-0.048705597159573115,1
-0.23535331811048365,0.17914737714818268,-0.13586717143693916,1
-0.2678401316256208,0.1903270338531757,-0.2646684830964317,1
-0.06774351421761358,0.14873022230105037,-0.015438428328977902,1
0.17464104319359763,0.06398039853097648,-0.10193284848565757,1
0.13822213711710463,0.08621102825346413,0.005394089568508143,1
0.3873042028952409,-0.17653377050958224,-0.15702493528063807,1
0.4463462545503135,-0.17007155764214055,-0.05927808462706863,1
0.44022145458178113,-0.20202060824152776,0.10294923322354604,1
0.40483334465073783,-0.2578668696781268,0.008056918542157731,1
0.426565821225894,-0.27518887652003654,-0.10959777212998478,1
0.22411841589603887,-0.2893821420143734,-0.05684812946404083,1
0.20556644419561615,-0.27850248628091423,0.048200633958553674,1
0.1289598048149128,-0.15058184632092264,0.053930156912242344,1
0.09809388347530512,-0.20345678733875605,-0.06759616448353212,1
-0.10936855971028657,-0.0586237815294921,0.04359893933765013,1
-0.13222009079104033,-0.06931620683052975,-0.0945122387034536,1
-0.18399132761566345,-0.05469107803598661,-0.05384957282317693,1
-0.1639212608268098,-0.029921689798115825,0.04507492367793464,1
-0.28032795224592577,0.03477952678648655,-0.029867389578767334,1
-0.14684706387337332,-0.019817252702650445,-0.22050080100666514,1
-0.2852610001460041,0.10559610685482923,-0.4016455712378715,1
-0.4274846554002867,0.17281283190601382,-0.4148625289011427,1
-0.4835556098168755,0.18061495003951222,-0.42887336581394564,1
-0.3970868652991679,0.1379935069238929,-0.2759899841705513,1
-0.442061721985983,0.18749126018356854,-0.19177289472003434,1
-0.4874282749789588,0.17217634312011443,-0.30632270402181394,1
-0.18714534112218428,0.011729702928717777,0.23673694731097816,1
0.29784174630695026,-0.2820462881131416,0.22772554889601437,1
0.36992231802783043,-0.10220036244498087,0.2503571303007093,1
0.27564710333882647,-0.263043572023971,0.35652297809745103,1
0.24824277618540236,-0.25359593030939287,0.4302658983570611,1
0.3381397559444812,-0.19783926999444556,-0.19386114668927767,1
0.20735548026948353,-0.25917137775060084,-0.12288918619077371,1