-0.46892625688239236,-0.003618986959502024,0.019899313299720333,1
-0.3029373886018445,0.0530419835762119,-0.028775655702895863,1
-0.23909733615356565,0.14645893678307414,0.20583504150215925,1
0.03159893245432573,0.28154697436441883,0.45397968385926457,1
0.009639554284723741,0.036755055412516044,0.08946933610576822,1
-0.026548779283755052,0.13189815396024773,0.19307183606648828,1
0.46478484871267444,-0.024493701013386465,0.12279201416551133,1
0.4545451175843564,-0.11252264525874114,-0.02329288609320035,1
-0.24802384685277645,-0.10313377193671014,-0.19858389577633373,1
0.03427692357630069,-0.2727593365184091,-0.45264976994167194,1
0.027057579699831007,-0.05933129521222037,-0.03599074152153443,1
-0.028236614371896236,-0.11969404552002695,-0.22435718699671472,1
0.23908133358015293,-0.04892864431193411,0.062285879007129896,1
-0.1350960234450647,-0.1825365470800909,0.09790655853436481,1