0.10887667479063861,-0.1082451946668751,0.3171848518709838,1
0.1190874148219303,0.09035869209279157,0.31727883936762335,1
-0.3729720909402392,0.10363680913768502,0.3196876433946714,1
-0.3847778823289216,-0.10719271671310038,0.3216080928897558,1
0.4551812737608165,0.003877523857445553,-0.13055071272541552,1
-0.4389378891076605,-0.020527639341848314,-0.2358327680733967,1
-0.19905016202416448,-0.10914731572023006,-0.13592490680978653,1
0.14076444210398142,-0.0944212198911204,-0.1255398871183273,1
0.158354838855165,0.0432840042220799,0.10845266687215515,1
0.1901373856546349,-0.011596575235100381,0.0869171287878282,1
0.15991116530484906,0.10820650668413167,-0.06940760416045322,1
-0.25914053128553493,0.15471620061002933,0.005904004503890059,1
-0.21720819047727113,0.09763773861151015,0.10441927209222657,1
0.056919360667862406,0.007668089879426798,-0.23053802379767352,1
-0.2828449966651674,0.10993416346509743,-0.1896659468544315,1
-0.2628134595291924,-0.09506735695196755,-0.2016472656811945,1
-0.467274074450433,0.06273938940201917,0.03333675338836706,1
-0.4400751057106381,-0.07992534613588487,0.04631027790008757,1
0.313502284442999,0.12750136512735527,-0.26703421148084566,1
0.3152525149724297,-0.1261835939870532,-0.27032216159033106,1
0.3579958380939581,-0.0821840691679599,-0.31270517218517035,1
0.401333186962594,0.05042010846464218,-0.2496361485546994,1
0.41080310170977196,-0.03863995486772373,-0.2328569348998928,1
0.49572859074129316,-0.009714665211933093,-0.1542986792550063,1
-0.258619632183535,0.13833934500855605,-0.08196322029275792,1
-0.019008715908959694,0.08565987551639395,0.07154076639731444,1
0.04903928599335616,0.11499921804461066,0.06707146208221279,1
-0.434077937213585,0.10491672273288555,0.1870345991589823,1
-0.4455476003949034,-0.09317450837403454,0.2035782527755599,1
0.07563328642924744,-0.09655490078797735,0.1884007685942981,1
0.08076519911474604,0.07271194979851726,0.22540020307644004,1
-0.16422062874483906,-0.1341630639443237,0.09553922597354003,1
-0.3201134930060428,-0.09263940272230953,0.06135351262925259,1
-0.44159820926803317,-0.1003392158110738,0.13509025430100652,1
-0.44298289568930893,-0.09898926480302927,-0.06397000037542355,1
-0.16637417305649466,-0.17356249260082934,0.0017838453205882842,1
-0.31236854210386167,0.03745652598567584,0.15664146387716593,1
-0.3721449153915447,0.04686988080681753,0.1591131413733421,1
-0.38277195053256685,-0.041863734973236255,0.14388339975759834,1
-0.3212979349693832,-0.04511581340313686,0.16392721009869593,1