0.06701540691684882,-0.08506131864402166,-0.4134442936442895,1
-0.04550537837559587,-0.01897497958312555,0.26012182289518837,1
-0.15336235158404188,-0.02744762145914148,0.48415006081802725,1
-0.1403740355543206,0.016513797855121748,0.48459605715569143,1
-0.08494633015079411,0.12292891495449276,0.48104372842647436,1
-0.03927983478275343,0.17184549035883423,0.48546625067345905,1
-0.027865939765121084,0.063635762390021,0.2524586583342877,1
-0.013835693700345208,0.07851919323747802,0.36894270125809625,1
-0.07014067142932012,0.00696867393327838,0.38563474414495613,1
-0.09383894484011867,0.015994870739671984,0.09441824758340711,1
-0.02064390607088948,0.11709495138534037,0.09442450546646624,1
-0.3315391719887366,0.19956058008892041,-0.3362389186504569,1
-0.4036055786000732,0.2701807495288522,-0.46409960286149076,1
-0.2215634449109367,0.20131798423667213,-0.4863365047870359,1
-0.26931514542476276,0.11135138999380123,-0.4851184597044593,1
-0.3604897585490644,0.18721697256722336,-0.46709813941748185,1
-0.31861293289252756,0.2550255538870516,-0.4693660976335843,1
-0.4325823270119107,0.2743282657531081,-0.4201033733225942,1
-0.3916345523318192,0.28792254502548275,-0.40645843338957377,1
-0.262621318620911,0.2443219977621186,-0.4264302525941348,1
0.0148682777843544,0.15722283595758263,-0.08640791734596265,1
0.12086060291692124,-0.014514493774213752,-0.42033521996685063,1
0.33723259733578037,-0.08133296078498105,-0.23297270755682,1
0.21865812979461102,0.03643541429260494,-0.1593179148146946,1
0.3807532332451823,-0.11481621438372103,0.039219393009014336,1
0.37558561455517525,-0.1023864837166335,0.4755752816067176,1
0.2874011502299618,-0.23555811526359493,0.47543193550213125,1
0.2600850295761399,-0.27017233193774537,0.48058093492665143,1
0.34265863405401253,-0.10701351486582855,0.48328405134609387,1
0.3931171220212484,-0.16959282080099802,0.3693260373148881,1
0.34370507936044525,-0.2459850131887637,0.37714626330225886,1
0.3785417208486642,-0.24259204510269133,0.2400014899600884,1
0.42824370698612923,-0.1875935614673211,0.1969797479814832,1
0.34899875500073785,-0.2023533019350331,-0.22591133657047746,1
0.38450891788966856,-0.2249564672792168,-0.05067922250843804,1
-0.08930075824595374,-0.077182317543806,-0.0975629754499317,1
-0.16162762860035062,-0.023354941713742416,-0.11144462402592875,1
0.07760593645677272,-0.19594140580784813,-0.17886440758843286,1
0.12893816078315146,-0.18857002512743515,-0.09174837995896154,1
-0.26473467947133766,0.13394864002334206,-0.150792735534453,1
-0.09085024416242049,0.08885410404809823,-0.010931358143587921,1
0.2503975782490066,-0.13561499008405542,-0.10588659586543154,1
-0.16183829047540987,0.17165769012032822,-0.13069856706102206,1
-0.1967035856486975,0.06449874168777936,-0.22064127978370673,1
-0.1945442324773585,0.038195367818794734,-0.11154406073814071,1
-0.3097883400137693,0.14724286255638352,-0.40073960317732027,1
0.3737972479103475,-0.2824265544091604,0.18243793526755425,1
0.18117596871978425,-0.2524335175678265,-0.08383687025830011,1
0.1260352434207046,-0.21176999241849592,-0.21931858348511834,1
-0.0241197708092864,0.1055515967788252,-0.2994341742554447,1