-0.19752600409924104,-0.035137322252313474,-0.44896306253730134,1
0.1808104015685874,-0.011384066583326468,-0.4382848967146167,1
0.18097720164169706,-0.026202197708121044,-0.32569647328710505,1
-0.2160945293321188,-0.05334789353015523,-0.3517561580838854,1
-0.17965467896664977,-0.07263166150854916,-0.2806183938551293,1
-0.1834155482999163,-0.12258748483584697,-0.0345526514961213,1
-0.0744076929980253,-0.04534939721137743,-0.30947316593417673,1
-0.06925475149721558,-0.10995484759218887,-0.005196490161566869,1
0.009860471110112234,-0.04502360073573197,-0.3008385053207598,1
0.009422521685595604,-0.1120663550656054,-0.0319165370861546,1
0.09237661529693186,-0.041433752611419794,-0.29826416295794394,1
0.07344384501930823,-0.10987559579078375,-0.02684095639739103,1
0.17934637978635923,-0.09358673823333141,-0.018403915969264606,1
-0.2143955330730669,0.08654428578072504,0.43417173427402933,1
0.17034995893811766,0.08937306394710287,0.46418416567731113,1
0.16985793583879127,-0.18339524350163794,0.3663051836592397,1
0.13176979667731714,-0.1027636932231129,0.011822103655156901,1
-0.21192092342552726,0.18256043493946983,0.06497551168598559,1
-0.14288185532422504,0.22972888592189688,0.07956759127882429,1
0.15513472111883453,0.2345625153623785,0.08868588066389238,1
0.20547914010314117,0.1931914067307432,0.08005287410481143,1
-0.19060328471229554,-0.21515691278996307,0.3717605648014026,1
0.1802947326096393,-0.19024167320406687,0.0396614072142041,1
-0.19942313384289023,-0.19616908330551272,0.007098906161976445,1
0.19646737459531652,-0.08366077161048876,-0.31624315200797787,1
0.17812173045586504,-0.07327243625869001,-0.42704889329363915,1
-0.2073237381897483,-0.10819038658407118,-0.3458225421897365,1
-0.2041255804247718,-0.08936654015006257,-0.4656923422636941,1