0.09030587851039229,0.2438581805657991,0.44738789248874344,1
-0.09263386124288164,0.3313219135091554,0.4523588449110821,1
-0.25537382440856704,0.27175533540596164,0.34639828550481283,1
-0.39045885265599184,0.18607277191364885,0.17981734168637087,1
0.38457114981491314,-0.03553389698965104,0.2174369728909079,1
0.2852815890256468,-0.10458018613065523,0.014714252065377159,1
0.18535259369435997,-0.08624076661341184,-0.1473191021721615,1
0.18941829015902112,-0.20432479088119715,-0.3278504828842721,1
-0.006472808464223601,-0.05951820446788014,-0.32482871277558756,1
-0.012708409322280345,0.09522054909701472,0.08687685141077045,1
0.002824352502095895,0.07356511951937738,0.21703426172541235,1
0.16622276743671127,-0.015375739849939562,0.07668127270032757,1
-0.061774197292639776,-0.18572939455142157,-0.15178478769311388,1
0.15920194717790226,-0.19073225896858448,-0.13919691642947118,1
0.12595687786072784,-0.18659032768395978,0.008567337995637247,1
-0.15039272224011912,-0.09530220009221768,0.005368379159116143,1
-0.0920663952075827,0.0810446311846138,0.17504696850413026,1
-0.11707737294730225,-0.013558963018961867,-0.11522837356841009,1
0.09564831335625662,0.0059110185279140914,-0.11973230485537156,1
0.011957442789870986,-0.1505609806792217,-0.4210239809342564,1