-0.21050272523874258,0.07409670395726997,0.4566454993092911,1
0.20783591955556746,0.0903963177083531,0.4716374519003157,1
-0.22259075331882705,-0.32636291195276,0.2901636790855172,1
0.19445080787685298,-0.3377859130765617,0.2847216131517275,1
0.16170725536496505,-0.23000518364023392,-0.11744083004796493,1
-0.22885985696035194,-0.2234166030150887,-0.09939153762509833,1
-0.2561467955950541,-0.016197085517941412,-0.45945442970089106,1
-0.2594298035824995,-0.03655032542504823,-0.34052581376767843,1
-0.2784677452505718,0.27351560245682443,0.03963750891558565,1
0.23229261848483862,0.31911104243671406,0.0566202651260348,1
0.25699275718073266,-0.00020945247813131118,-0.4641179684132526,1
0.23330983222791335,-0.04007289253181859,-0.2976889453415897,1
-0.2199452112066549,-0.0354893147037707,-0.3054096981868297,1
-0.18499137466991877,-0.1167482757107956,-0.10667388767907093,1
0.23842887192689832,-0.14083377086207427,-0.10343678557809876,1
0.021834482303444605,-0.10021503249379612,-0.4387079298945824,1
-0.002507713440769152,-0.14586562921755827,-0.10668744140260425,1