0.2495037338264552,-0.15830722322246782,-0.3764630157683011,1
0.22058703911942867,-0.46920509882535777,0.20794642237893646,1
0.21331780455686644,-0.42171353603538675,0.21118315019891742,1
0.25003955985239645,-0.39548292207655633,0.24368820415415415,1
0.3932025391191546,-0.23249467501241283,0.260172047862949,1
0.39320112494024384,-0.2044444956801419,0.2752715718812029,1
0.4416946170640794,-0.18934052226607756,0.29456906449584874,1
-0.22567456198261193,-0.09894530609518481,0.38428717039065496,1
-0.2195661993499518,-0.05145334790908995,0.3710138337356925,1
-0.18758986806987088,-0.04343971868476326,0.39339870687838596,1
-0.04592386519206837,0.11355097011799364,0.40702004850488893,1
-0.043482867464404884,0.151174878802513,0.4259976039655238,1
0.0051658073988013475,0.16545878262778407,0.4297867184735872,1
-0.3207065867123233,0.2208499439424223,-0.04198247771896657,1
-0.24530482119213115,0.29970572797770156,-0.022661114091344414,1
-0.45483522607214466,0.44975152181688393,-0.21852058327563073,1
-0.46170631125286054,0.47885694556795677,-0.2720494572862515,1
-0.44686490267820305,0.4145426814945483,-0.33005483438700045,1
-0.38913743895660213,0.46331576987616873,-0.3303275064925195,1
-0.42801298452366065,0.4870096743500998,-0.1937999430720243,1
-0.4916309240588248,0.3900978247427531,-0.2238722036226326,1
-0.019094883935894424,-0.042620802454026885,-0.23279215810068243,1
0.0911334560246444,0.07062168265615742,-0.20677385317956356,1
-0.06361359163557512,0.1030370065039854,-0.25094497930361986,1
-0.2338289663559252,0.26643839141674685,-0.3138701430846602,1
0.3485189421450494,-0.16644655937502328,-0.0361472974948851,1
0.25703861209495393,-0.3339895591101758,-0.05383534004705903,1
-0.1362971429457902,-0.13226788372282394,0.3417532998466072,1
0.07396862847489976,-0.06103466301812088,-0.06865253643053382,1
-0.17888849539964094,0.17047515607530528,0.0712704006480569,1
-0.2547729027284853,-0.003962389587462312,-0.07359382998691055,1
-0.2977971781379458,0.1492372810791287,-0.18460460440559245,1
-0.37846293732071334,0.30937445930661855,-0.43656555947903186,1
-0.2729209045922669,0.42449589467261184,-0.40986800603706896,1
-0.028686665701409097,0.28301431419693235,-0.08656138502389154,1
0.005642562939543794,0.22194406359958196,-0.1525572166110134,1
-0.2500777332268034,0.37133787801167694,-0.2358959172296875,1
-0.19498382274584136,0.32983008368476896,-0.2644941433834638,1
-0.022749593955343705,0.17982997460132655,0.18302360481803337,1
0.0776332022798707,-0.23874860219938435,-0.12146714706000106,1
0.1801801234213476,-0.2453063217079969,-0.16792268047518366,1
0.27945566439426084,-0.13666871759437973,-0.1391672412839795,1
0.45257966333958133,-0.2638208449351991,0.14980230624988078,1
0.2610990594539284,-0.4612053202380193,0.12975622110824414,1
-0.08917760196174543,-0.06788442205296216,-0.03382167542697634,1
0.010951188403605427,0.07254353713680506,0.2813015813632105,1