-0.2932884620653997,-0.14582813762742486,-0.394557689550489,1
0.19604507088661194,-0.13809706270694733,-0.4446616768836975,1
-0.46349555253982544,-0.06776657700538635,0.05958016589283943,1
-0.06887651979923248,0.016011223196983337,0.49954307079315185,1
-0.33978402614593506,0.30907684564590454,0.1388639658689499,1
0.13330762088298797,0.10495246946811676,-0.3592178523540497,1
0.4787173867225647,-0.23757734894752502,-0.06771698594093323,1
0.32714593410491943,-0.14017973840236664,0.45880451798439026,1
0.0681840181350708,-0.003426274284720421,0.09182426333427429,1
0.0045455859471526735,-0.037257606282383324,-0.17986508059507167,1
0.08871543328655806,-0.17273262617216178,0.02283241608757125,1
0.023277738885017163,-0.1474839450654173,0.1083042192979633,1
0.0978280619926814,-0.15132400734639217,-0.06103544614832457,1
0.10081680189205344,-0.09042680854302298,-0.15787678738671462,1
-0.044536818371776476,-0.1435497569890885,-0.12320814687661707,1
-0.12228538178909354,-0.0599854384679005,-0.051468844407008385,1
-0.04199982998812292,-0.0296112422263589,0.05140164392975573,1
0.007246560777450228,-0.17048721408013784,0.09559046933650228,1
0.08797450328474054,-0.31694017438825517,0.33370967296163756,1
-0.15083455957155317,0.056090398274927455,0.13721294474452753,1
-0.19797796423880842,-0.02539471777002622,-0.01958589421473611,1
-0.24452967540254145,-0.13541006170835668,-0.18241404446603537,1
-0.03437085736071954,-0.026566801679006158,-0.3045409907090614,1
0.11476213861121476,-0.08234095119106555,-0.24159086521172623,1
0.18231644780956246,-0.22840294889906276,-0.1795978152064983,1
0.21372403944888685,-0.2883327346071929,0.06102725356326211,1