-0.3930194507426439,0.45895228588916303,-0.4427224839939172,1
0.4459665256227239,0.39571826800390663,-0.00030951204958196143,1
0.039000962812804296,0.38529437179699766,-0.215331327875953,1
0.2988735056702718,0.020672364119020514,-0.23183894422168794,1
0.214600826023841,-0.37025626650095156,-0.46981866053465865,1
-0.19595559425149878,0.06375877786429407,0.4475762205309503,1
0.3084223906715694,0.35186100623837846,0.16447479205771295,1
0.20939630332961634,0.34087718236064584,0.05396456672172234,1
0.34577447665644056,0.18366424586735386,0.06316006659056583,1
-0.039370979632270986,0.005354687133713121,0.36891712830578793,1
0.11187783236422333,0.030820635872031654,0.21468486919914542,1
0.04539354546882457,0.11073210202941075,0.2786684231793761,1
0.08365703313587447,-0.3827294536475697,-0.2497374862567293,1
-0.300524861087064,0.20991131652789915,-0.0908037675220965,1
0.09920654725010402,-0.13714497697992312,0.034783038865202176,1
-0.15585065857478414,0.18108373319211024,0.04453076924056676,1
-0.4026755964088913,0.30468567742556196,-0.21788291803202675,1
-0.45193197805360685,0.3863207130838262,-0.3715750138898395,1
0.16074748687678308,-0.4563073956362391,-0.4092548682756343,1
-0.034649468561117835,-0.18104793055926827,0.46757378350748924,1