0.005452475044876337,0.45194610953330993,-0.36393457651138305,1
0.09771999716758728,0.3109031319618225,-0.1035638302564621,1
0.11156588792800903,0.17674048244953155,-0.023606564849615097,1
-0.17979367077350616,0.3078765273094177,-0.1866649091243744,1
-0.07784510403871536,-0.37682709097862243,0.39762812852859497,1
0.10280292481184006,-0.37680134177207947,0.37531283497810363,1
-0.06840592622756958,0.07251347601413727,0.031925637274980545,1
0.1113763228058815,0.018084052950143814,0.03545818105340004,1
-0.02583777718245983,0.2508828639984131,-0.23651254177093506,1
0.08021847903728485,0.4705059826374054,-0.1532660275697708,1
0.0984690934419632,0.37328043580055237,-0.23912416398525238,1
0.17762163281440735,0.24676798284053802,-0.08531888574361801,1
0.15921533107757568,0.33220556378364563,-0.2183152139186859,1
-0.1450304090976715,0.1775158941745758,-0.09442312270402908,1
0.07697915623378337,-0.1715548800562796,-0.003582603308326382,1
-0.08242668204010373,-0.07262374647835645,-0.03489154452144083,1
0.17873634170362784,0.10336558962637454,-0.2010487526407303,1
0.1327474648025695,0.13140215919850817,-0.24978704933116624,1
0.062003523220587664,0.13562087060179917,-0.2761957664358159,1
-0.04216306393775103,0.17192960052824138,-0.2889164141981849,1
-0.17446133738623803,0.11739861808644769,-0.15226070607108055,1
-0.1821893649295555,0.21160744885738555,-0.21438964857351858,1
-0.16241815838456797,0.2923653630079215,-0.23991643241882676,1
-0.016793512847655512,0.2961369652947682,-0.37108391454004075,1
0.0051956211404617924,0.43800215596871683,-0.40817624794082197,1
0.09073033950335762,0.3092999425752645,-0.3210912650389026,1
0.1531893776989537,0.2575005818603433,-0.2906221229247343,1
0.10032612976560418,0.45941387874133016,-0.23865108404200352,1
0.09400900250797051,0.49285782498997693,-0.1822660031564114,1
0.08625395249044165,-0.028451823683426913,0.06345393889114203,1
-0.026694197957050497,-0.01791667267545005,0.07050734789477564,1
0.017218857021643607,-0.4292037728115723,0.21910107638424492,1