-0.2498828777188278,-0.005926758951214195,0.02331082193229697,1
0.265796815125707,0.01898536086302227,-0.0015499341725875581,1
-0.05902825971794173,0.00809914877402429,-0.13133157899677217,1
0.044848694496987196,0.04156297067094311,-0.1378072869947102,1
-0.08980620097763614,-0.019960160298354346,-0.30067501983946987,1
0.0022357559225947287,0.04393925114132946,-0.43117260446200467,1
-0.014386798238872233,0.023418505329877243,-0.4468062011568061,1
0.010411378854694564,0.027087832064238898,-0.44984825357835084,1
0.003945427073453911,0.03646026080869169,-0.40894607933002635,1
0.08918485179592533,-0.02501415042844607,-0.3332632521826516,1
0.107194264041201,0.014985339210145276,-0.019094932485748464,1
-0.07317532617194829,0.011450969256090265,-0.020328038246620328,1
-0.06346909516779725,-0.013373085446651583,0.20161881536949405,1
-0.07086238928415367,-0.021976183178222946,0.382837320880613,1
0.10604607984951075,-0.01855556885187093,0.40794572826837083,1
0.12704832037473834,0.06342456885149009,0.4640874608533892,1
-0.07674013115743972,0.058978805971524106,0.4592474846103748,1
0.19779358813392056,-0.0022932752388958865,-0.16643738241809536,1
-0.14816597571610868,-0.007459334601937095,-0.15774944872565866,1
0.007948802961565193,0.034186234085907846,-0.3906189037653626,1
0.04113123761931872,-0.01523410749955624,-0.42217255382883095,1
-0.028274058149459435,-0.025694532496832067,-0.40834039684167444,1
-0.01756088033708278,-0.08384677035622134,-0.25564113560952506,1
0.07108561671469648,-0.074202710297675,-0.26878764685586487,1
0.024361347130269828,-0.05563375654318703,-0.16006304535406285,1
0.07752112639610481,-0.07669461018791421,-0.03803987304145989,1
0.062178607974697764,-0.05986266654258576,0.20288361660106296,1
-0.06191821290217403,-0.07365650397738377,0.20141933272393653,1
0.0045601510273429735,0.012850426281097143,-0.5038572913420971,1
-0.038961588005786085,0.04360530891131138,-0.23772904244884074,1
0.05902177134653497,0.055735576819331986,-0.22835214894563105,1
0.02465864873976764,0.02845248293698854,-0.02656864785693691,1
0.07845483206362783,0.0008377968892374632,0.2041858014757727,1
0.016135186496817555,-0.08271359709065407,-0.4441293788728192,1