-0.3693837523460388,-0.14500699937343597,0.4176459014415741,1
0.19991396367549896,-0.15905393660068512,0.3561198115348816,1
-0.05932358279824257,-0.3731634020805359,0.32613006234169006,1
-0.09325441718101501,0.07578838616609573,0.49815496802330017,1
-0.03242561735701166,0.43069000516322275,-0.2445192175088915,1
-0.3576308954493328,-0.06611349140617362,-0.4367240713483822,1
-0.4219568751896259,0.20627495499167891,-0.3143509045970128,1
0.12064903939456695,-0.03750934127363825,-0.4501375824832802,1
0.21551154951560214,0.13128668908736696,-0.3669720748563432,1
0.23148072614835002,-0.09440286354251526,0.12208532825152099,1
0.4430096159362513,0.0678678044847234,-0.34247559618681844,1
0.4529134434592237,0.018187771881491343,-0.16368753955904136,1
-0.2913905841407676,-0.37436741714484345,0.303020539841349,1