-0.22008817118040813,0.17281794731332933,-0.14089615187754956,1
0.013777956664430046,0.31017878251572206,0.0411819917933256,1
0.125729218464961,0.265348736224585,-0.025995889480018963,1
0.1242166180979849,0.3352304254929,-0.06658332082776486,1
-0.02527667762364308,0.3490126085284243,-0.05076279195872943,1
0.02798438101834022,0.37515178788421827,-0.07486138395899,1
0.060448806122095355,0.33041184307465865,-0.023782138009127873,1
0.06771785033604438,0.27756928472752473,0.04273227491330356,1
-0.0023574712966665245,0.24926342165091012,0.07795111339849958,1
0.15740351357688986,0.38495828036203255,-0.1651274831667502,1
0.05610428922812316,0.39221184356909544,-0.3704504571406573,1
0.10090036111188283,0.35404590220988363,-0.3602386544100824,1
0.1627094628295218,0.33805634409722873,-0.3461119268989137,1
0.13413402325582568,0.026976165349067216,-0.1199904851263015,1
-0.12253321709825471,-0.15457334548998514,-0.2220004221387476,1
-0.20836435672497622,-0.1648191278249329,-0.22150873741470225,1
0.12725446421096204,-0.056819228397395394,-0.276518284854843,1
0.09070611884161805,-0.07202716837553019,-0.2015428683511934,1
-0.23775877435592463,0.06202136046698037,-0.30070680240407443,1
-0.2242806233318535,0.2261517417197043,-0.2710794268567,1
0.24226876906468497,0.22745941344793863,-0.2771863557783085,1
0.17018746862963585,0.12942377732206722,0.35313666976888846,1
-0.3129191406374936,-0.17012319442513757,0.3314994071719948,1
-0.2566454504805362,-0.17905504953270412,0.10332611088633348,1
-0.34093430901157084,-0.29971963211717955,0.4352250344514257,1
0.3205919867745646,0.10988546912464336,0.43894476147582306,1
0.2284283631757711,0.12793929943504634,0.17159375596333404,1
-0.12160211856944936,0.13623366458638364,0.07550750920061266,1
-0.09018255734159031,0.26350981672772106,0.05825610229351014,1
-0.1699760292257193,0.09210916055729967,-0.019221280784014638,1
-0.02109360413439798,0.10847608072529613,0.11481315150513194,1
0.07118347931245306,-0.00010380709200397131,0.05801984088585477,1
-0.12142972882138281,0.3569433709969856,-0.19542941330449492,1
-0.13080478482454882,0.3235416588370097,-0.3586347762943749,1
-0.13037262480174716,0.06109781869814368,0.38269426132363815,1
-0.16351181072849208,-0.01269551764925965,0.10902523657241403,1