-0.34116828441619873,0.31956303119659424,0.2916884422302246,1
-0.411672443151474,0.4426518976688385,0.12568651139736175,1
-0.03312399610877037,0.40980759263038635,0.1849072128534317,1
-0.11981233954429626,0.3320302963256836,0.2942974269390106,1
-0.04754379764199257,0.4782056212425232,0.11059052497148514,1
0.023356197401881218,0.4738459587097168,0.12803800404071808,1
0.021960685029625892,0.41621124744415283,0.17360611259937286,1
0.09752729535102844,0.3226102888584137,0.2897150218486786,1
0.3335641026496887,0.31880542635917663,0.29314133524894714,1
0.4259861707687378,0.4405134320259094,0.09293558448553085,1
0.4388924837112427,-0.4430796504020691,-0.2035297453403473,1
-0.4265204966068268,-0.46008363366127014,-0.20703016221523285,1
-0.38596491457950876,0.4444532629935649,0.06603814293129978,1
0.4321616107266577,-0.428719853041986,-0.2584507336381274,1
0.24113318735244737,0.43706432380870785,0.1910975309905476,1
-0.2586450258532209,0.40847992788153064,0.2323703145077194,1