-0.10948315027219443,0.41992920960668634,0.010723528183825104,1
0.13765344537074875,0.40176374142204674,0.04697241573861266,1
0.13345893820528642,0.41948841479003595,0.007640639989034526,1
-0.10541118080051584,0.43033386608464963,-0.014561739307106608,1
-0.029077938191639146,0.45848678744657156,0.16784947711590892,1
0.0714881751973113,0.4523114733981397,0.17107123081465203,1
0.01682721652232927,0.4750987781499325,-0.0188347434344438,1
-0.201769724338665,0.3706161455163357,-0.2140688085625524,1
-0.3223225652760299,0.2231674514474884,-0.08428737347354165,1
-0.23763524995650131,0.07765714650785904,0.1658543775029926,1
0.29452585311012613,0.12064442199505731,0.11065619904568402,1
0.08068272191788564,0.4096037406378421,0.2616177891973943,1
-0.04979333409775821,0.4067993686761837,0.2605187372935701,1
-0.06923652651453871,0.3460327491842562,0.34795909899610255,1
0.011535923380904478,0.4041742500309278,0.38584756616776983,1
0.012314153326156873,0.4815808581332329,0.17130686357875247,1
-0.23935143571622383,0.27542366949501984,-0.013605478813435101,1
-0.025133338370277203,0.3892667010579849,-0.35053903127886293,1
0.2333491922667572,0.37412120483734234,-0.18346852469253427,1
0.07582120525411084,0.4386376932818341,-0.20135269735181993,1
-0.1475142134050569,0.3768286981584009,0.057486901507865645,1