0.11586196500982576,-0.02789746630437384,0.43423297601945776,1
0.25521838316048784,-0.02466439821409877,0.4325496959753976,1
0.15118777611872114,-0.01846795363827733,0.12515650496704311,1
0.35691045767853024,-0.03330785745059309,0.08061035069648192,1
0.4807195006175613,-0.0347328472671215,0.1736529910908069,1
0.4226692934011087,-0.032467495919003025,0.1779987345555789,1
0.4609128768799135,-0.02895792065736555,0.06450522378087497,1
-0.4885522647648104,-0.0708363898585635,0.01638499139307581,1
-0.17957589006281502,-0.0332127140800257,0.08234077579698551,1
0.11353102714398408,-0.021765086610320505,-0.43022485656152515,1
0.2640629154495471,-0.02786144246164346,-0.43201079783744794,1
0.3292088427887183,-0.02714147792832774,-0.04895953827101017,1
0.46477737114866663,-0.029797708974607068,-0.05696276924710471,1
0.47718936613939244,-0.0341838420065913,-0.17873940371493982,1
0.42165847364514064,-0.027762492238799896,-0.17008244008813622,1
-0.21742287312324915,-0.07662806424283536,-0.03783203950121128,1
0.14616112295500527,-0.0542186649529538,-0.05841699530605948,1
0.1414765516769675,-0.045446181062076096,0.09086359529938005,1
0.42871138333562,0.09452918906367591,-0.004752225430792567,1
0.49247474651821754,-0.06743941832871591,0.00461779037155452,1
-0.12475904852175533,0.0019338136023232116,-0.008546973056633988,1