-0.47517039794151205,0.04574618849673173,-0.33838912853222913,1
0.037397810616007554,0.031622837800403536,-0.3855049009723282,1
-0.1150279404697816,0.07765523796803342,-0.2677026650226543,1
0.04410690545863094,0.19130239101160784,-0.22316218633545018,1
0.24830919191354117,0.006234326676355262,-0.1906396221177775,1
0.45207408822709016,-0.032958269773258,-0.0782052511503846,1
0.2990804222920844,-0.024931943485776264,0.1696351123671049,1
0.21600272869926534,0.18037673176204438,0.3204420060841954,1
-0.21470519100343743,0.09147222348803807,0.35001684613879613,1
-0.22950500202456592,0.031757432853089185,0.27880952112833407,1
-0.32987715541202966,0.09823507746504667,0.12248530155219742,1
-0.22542547123811696,0.05641705953573173,0.05481811042929578,1
-0.3640096116181608,0.07287738639662344,-0.05796807443184952,1
-0.30362632552182234,0.0657387139084129,-0.058148737897123603,1
-0.15352287509679652,0.09185204694603677,-0.06744802364862912,1
0.006436665387338891,0.253865550348064,0.35966659106761756,1
0.25504245410039594,-0.061731326483799975,-0.19422230027348186,1
0.2767147274898685,-0.08582810032814025,0.2597265541752264,1
0.0923739271112467,-0.24866888886514538,0.3494438002636471,1
0.0731158171873747,-0.18796536591357982,-0.21070361293887374,1
0.02458757859376881,-0.06526655279025695,-0.3286009616831362,1
0.09825320266720672,-0.026076152023543075,-0.3270967919232879,1
-0.2496450215391831,-0.021461577381442415,0.12525439468287627,1
-0.0785667733438622,-0.013629166203921627,-0.30966768623151885,1
0.1773940539084263,0.12589100562914662,-0.21665083200365637,1
-0.20395091766536366,0.12763602383078387,0.17759304157464056,1