0.4654495860531429,0.15076301521674645,0.1055479802790959,1
0.48339137762789053,0.14903817531222002,-0.11990292041758152,1
0.058556728680956405,0.057826069859539725,-0.14644797655168282,1
-0.4676235746283674,0.016483717330931416,-0.0025544390019421985,1
-0.15457942524346257,0.10822136019410391,0.10283879256942091,1
-0.0221727112932735,0.0626144762094282,0.14150161323110122,1
0.15273422512006773,0.09397260659640265,0.11121479643049678,1
-0.27597368850959375,0.0607893757305235,-0.006443907797405543,1
-0.07923408960146463,-0.14867608020820328,0.11801804468480653,1
0.01561419517110715,-0.020770372441057727,0.1415424339015318,1
0.14719668999504376,0.06278137738542022,0.10807693580248845,1
0.49425855868173174,0.12759081753412832,0.10763312775888933,1
0.47174578000362604,0.13189713042770545,-0.13334046782744802,1
0.07271137283242801,0.03300274791341368,-0.13093442586317483,1
0.29152443010413864,0.09800492831703866,-0.038445506653836836,1
-0.4717465109824333,-0.08259419252398681,-0.009519469306200734,1
0.2516775166143218,0.08743732734873133,0.028534777120264643,1
-0.19724634188321044,-0.10965408787445341,0.093637377457915,1
-0.22989697334544928,0.024726122968019126,0.10724429774085031,1