-0.47959193713241854,0.16926543179961984,-0.15824243435496266,1
-0.3208250344346482,0.047815928468617874,-0.031402311492019,1
-0.31233778645902676,-0.02737792580641743,-0.10229033940569874,1
-0.4128118966729255,-0.021771151093133767,-0.2871620905500609,1
-0.133208600449374,-0.05540305346166918,0.0112348672376118,1
-0.16516405834979506,0.027842102883987047,0.032362184273127245,1
-0.06510576829863226,0.10076363735054838,0.019874916476807724,1
-0.033054597709087766,-0.02732453421744792,-0.016465920953299504,1
0.0585982909433106,0.002559901289361566,-0.015073556203327065,1
0.1282484125061091,0.0365143100699904,0.036849246488923904,1
0.11105752975262985,0.08900170333508461,0.06333226854084528,1
0.03574814234595228,0.10739409887027437,0.03687624047048402,1
0.2186403708040558,0.08386565285544944,0.06753156731865117,1
0.3273336041579324,0.17035433407315437,0.01766574816089972,1
-0.21215989170473082,0.13280916887046473,0.21318692639384806,1
-0.030132179041270412,0.1541794748169636,0.24456576465538982,1
0.1796336104212256,0.21877865745521552,0.27591837625229987,1
0.2740116557585577,-0.2199898713302728,-0.004991527165050691,1
0.08697412555408568,-0.2452512854164507,-0.035338031302599715,1
-0.07903853679824668,-0.2781699526313832,-0.04918275764936553,1
-0.25799516348141327,-0.08497952931899455,0.04787950129536167,1
-0.1977503225795219,0.20460968710824084,0.07972655631426262,1
-0.004179320485072857,0.262007738081932,0.10934119713658807,1
0.1717135679513171,0.2886498986725985,0.14309364381843287,1
0.2755729558556821,-0.0419993875278708,-0.08451699999486761,1
0.10072180351806592,-0.1146323343867729,-0.1501543404196406,1
-0.0894793614365832,-0.12657649780124097,-0.1149703551123904,1