-0.09122547769393585,0.37602579889880616,0.01006370860655792,1
0.042159104085899735,0.2760623943824214,-0.11331247323739285,1
-0.19188057722978913,0.22548445542548667,-0.09885357296198849,1
-0.08397653911498126,0.3277247368604496,0.09903265877515077,1
-0.35004737930255203,0.11817584918459811,-0.3313281419148407,1
0.16437113567977235,0.2693425837025121,-0.37725876776059075,1
-0.31701549810374496,0.08323396004573058,-0.14000804693864038,1
-0.080510796332252,0.3110181934160148,0.22837746961346514,1
0.28825918512015275,0.03197012067721086,-0.054361245141787196,1
-0.22747918453120322,-0.10077204922327763,0.024778183189425568,1
0.0759122567170194,0.2832383474397566,-0.1873376264692283,1
-0.14402027179909768,0.2774606909753772,-0.24271595753928904,1
-0.04758765937898746,0.31470342099733184,-0.22503202269400457,1
-0.1383478991858791,-0.018340321014303384,0.2784777377309172,1
0.19761393076266476,0.11106238634015453,0.18002803692616176,1
0.2600063559571226,0.2080565323971979,-0.21771344107021226,1
-0.26534135973481376,0.1753898146867945,-0.3666344794193359,1
-0.12608283207271076,0.3251346628519144,0.01624895143039143,1
-0.008110873038328025,0.29653181028790015,0.008141111223735786,1
-0.008246363593081618,0.3045028350057737,0.12829837650630937,1
-0.12392922048117127,0.27186497292480777,0.13730366207438155,1
-0.009673859107660387,0.30289011645110553,-0.1591803663388473,1
-0.17099629101957914,0.2686586221327103,-0.15517121374850842,1