0.4073694348335266,-0.05920423939824104,0.2488509863615036,1
0.06533913314342499,0.25319990515708923,0.49660342931747437,1
-0.10779864341020584,0.3330332040786743,0.474924772977829,1
-0.2813674921987924,0.28168921116212087,0.38533865305618065,1
-0.4183650325610078,0.17296746654597323,0.18659981984981666,1
-0.170861727811368,0.15871030366144856,0.21091693115911614,1
-0.05619598688451441,0.18899059914503497,0.273590870724286,1
0.08406017413077344,0.15664192714762804,0.3065908886389561,1
0.3170840922712673,-0.05141152692079887,0.16302079898513355,1
-0.2854594559948214,0.09858413011514777,0.10024921759918737,1
-0.18904334779900195,0.046091081864913175,0.03493317417582453,1
-0.11349691858148842,0.08388852407208536,0.0838596237476476,1
-0.02545969422092853,0.10590954047328008,0.11887321452759547,1
0.06744770344715972,0.09066048625193429,0.16269322737296962,1
0.28304127809010315,-0.09863709298793011,0.016009599268737684,1
0.17941879636305097,-0.12851913880419952,-0.1313443806989696,1
-0.06596398978264961,-0.10928831985076837,-0.2540081578695137,1
0.19416691254821972,-0.06627303522872197,0.09862853994282972,1