-0.1458875983953476,0.1198100820183754,0.12636274099349976,1
-0.07316683232784271,-0.1423579752445221,0.12634170055389404,1
0.4935151686521677,0.13734519287148772,0.1263963270330537,1
0.48839025354057264,0.14319936095166996,-0.14021982151598467,1
0.07677362510471486,0.05652760512689059,-0.15643720293733487,1
0.29081196784695806,0.12870246876063374,0.0470040178162513,1
0.30129755132658476,0.1361939509931993,-0.05589453927193433,1
0.14966604983074028,0.08875487362571222,0.12544380770327535,1
-0.025926415164438943,0.05923105792812966,0.15252526012400525,1
0.0126947413922478,-0.02072917352054071,0.1504412384657407,1
-0.49608800555691074,-0.04465896131756342,-0.012495517946323975,1