-0.42950387359997033,-0.4947621672336804,-0.2227934070865485,1
0.4340725417231779,-0.4846970067995926,-0.20973662113951969,1
-0.4783994338400833,-0.22166349006591438,-0.3031816384931042,1
0.47748160021902264,-0.218302318700335,-0.30603836927202366,1
-0.43491032752790326,0.43625733466548455,0.08411513776334667,1
0.4315097047425258,0.43013467010188267,0.08873487504418986,1
-0.03663791082017642,0.48293598766766566,0.09632850973753715,1
0.03742023412441853,0.48297435965043856,0.09484100713627153,1
-0.030932034731763425,0.42754727839577134,0.1712635865649469,1
0.011819069956871875,0.42705659038317145,0.16744760395671843,1
-0.11979431871263041,0.31108402498075344,0.29787113947759425,1
-0.331099022281871,0.30231180350427156,0.29867223619174776,1
0.09956250276274992,0.31912829717773095,0.2910239132156258,1
0.34040590243961244,0.309643380280324,0.2910303802428533,1