0.040972323673400424,0.29671486764597566,-0.004159930975996873,1
0.007486375998356332,0.25439380882671975,0.005134137514857473,1
0.07372415693809337,0.251635764066266,0.0055898937108675995,1
0.08835033161522576,0.24437556726091175,0.08358209392485882,1
-0.015312882588725624,0.24433179366705807,0.08607908221444699,1
-0.10243101602390614,0.1868297003001299,-0.1136143460987018,1
-0.021310830277792236,0.20686413316031543,-0.11036212745997998,1
0.08420432816142709,0.21054851124089777,-0.1086026415046929,1
0.17248714600164383,0.19755506657120492,-0.11317681246445521,1
-0.1511031372987058,0.005146972679209591,-0.0012642912478584012,1
-0.17047547282613212,-0.04588340177462258,-0.08367462456055064,1
0.20841206403936718,-0.004157103347872115,0.01630381558233296,1
0.23561476552315108,-0.06892337546318666,-0.06353335312295916,1
0.02456069304931363,0.2514603152006081,0.1693669652150125,1