0.25327518556528855,0.041960610750052585,-0.07514797168233012,1
-0.21752511127503826,-0.0987013381243056,-0.02357468294906928,1
-0.059401904938075845,0.316665001297773,0.22571413761422873,1
0.23434122058068507,0.0904993038451205,0.035393550407205154,1
-0.21376129756045598,-0.05445526423470626,0.07928748836592892,1
-0.0005685192088571989,0.30144219783170934,0.11018560448836512,1
-0.13169689147812427,0.25963979340346327,0.12955082715489305,1
-0.22356801319275865,0.1797636957433032,-0.09386918873218618,1
-0.13412419330038175,0.23841296040670482,-0.10751194585945467,1
0.09412526082138273,0.25431796459478295,-0.11125427762189938,1
-0.01576147500835956,0.2592564546078908,-0.10663854676594403,1
-0.1039043941142141,0.37465388616639705,0.015275699862865068,1
-0.12439758862157275,0.27181320333401876,0.03914848832932663,1
-0.02497993209094522,0.3188674737695827,0.02338788205761888,1