-0.16955702105695702,0.3397071627616812,-0.24364005470059147,1
0.01462580695277449,0.4873980005487726,-0.40830084149032864,1
0.08685635113433365,0.49554434858681695,-0.1580803035023406,1
0.08070182073421961,0.3000542300225444,-0.09807239447231852,1
0.09862118618331506,0.17942917094934474,-0.018827326608551687,1
0.17532702424970426,0.2711421715336435,-0.11643310854791267,1
0.16643040234188433,0.32104713094585335,-0.28819156409533075,1
0.09967909074489667,0.36121887861706425,-0.3206570546441012,1
-0.023945184314356993,0.30336862495171,-0.37357721996364823,1
-0.19342797183623084,0.2206951130594088,-0.2122526037155037,1
-0.18838120913352796,0.10921663811509053,-0.11546843202895962,1
-0.03806625844504197,0.17308725626989263,-0.2917411351904926,1
0.059026912655304464,0.1479300269338358,-0.2850527115048147,1
0.12814631917398422,0.1383210963853786,-0.25548251909999276,1
0.19715795451019003,0.11975970705302985,-0.19550547034967197,1
-0.10248047988720627,-0.010074739823837886,0.008559723207658743,1
0.1287883807405783,-0.019565784538928765,0.012990184869711485,1
-0.10718454178731168,0.16079863809487455,-0.14692666566517576,1