-0.0016013122513021116,-0.02080249910724019,-0.49845310463068215,1
-0.0026176996874154312,0.018832949351930584,-0.49477401469150006,1
0.0023075317598274525,-0.0391106377406345,-0.38227361337458704,1
-0.0073908204994670434,0.04227006702921954,-0.40946993514646346,1
0.12548093074387978,-0.0999656519067558,0.41869809938555314,1
-0.033053430288289,-0.16018980420464635,0.4301557167345078,1
-0.15828197170454272,-0.05099577843421299,0.4103172563660454,1
-0.12045148876737688,0.10690033133907573,0.415234545193087,1
0.035432334924882625,0.152567626255404,0.4087982979483158,1
0.15960415766549563,0.04582752413502256,0.4144244420522145,1
-0.16231403719838458,0.030353297667450874,0.48345922501983235,1
0.15943990787782658,-0.027013678125163976,0.48408191620037777,1
-0.03836144022238008,-0.15548199387960296,0.4853954176633005,1
0.03447491396711724,0.1530419758154037,0.4856935801559968,1
0.1344814791014304,0.014858405156873561,0.03609225461178903,1
0.009097744352848103,-0.1352761572146049,0.03765559824825218,1
-0.1434087033404477,-0.015213329613431317,0.04119978694378759,1
0.0009854184098845309,0.135350940656032,0.037375785113661464,1