0.21572463782838167,-0.012894762393271586,-0.33306271819309763,1
-0.11124157074053692,-0.011015187199053145,-0.4537614656664465,1
0.16107569853843184,-0.027976867764613944,0.4992985855868457,1
0.1690690408037283,0.13029104901029387,0.49886269935596395,1
0.1873361949044559,0.1303895878361736,0.3200869717850346,1
0.18244737009573875,-0.03830572342903782,0.3297504288392561,1
-0.01326776893892867,-0.026232831233444526,-0.49874264357465314,1
-0.018677802662281973,-0.0888711086653887,-0.4399247840091829,1
-0.057695269460971144,-0.06594612090610052,-0.37240205829910256,1
-0.07565995749347842,0.006702353221440749,-0.36169867738353256,1
-0.0477120528332049,0.06459425284369935,-0.41091308035728225,1
-0.02674360006248344,0.0478285775450904,-0.47645699907158456,1