-0.17970524777602503,0.09044157183023249,-0.30300632795496024,1
-0.11083296223692951,0.04012948764718338,-0.4975353912453091,1
-0.01634335234868725,0.13482911860412505,-0.4761266384865459,1
0.06870398769652872,0.17863247902588436,-0.43005489136646263,1
0.18186569596955948,0.15353992895254542,-0.32832550473911937,1
-0.038265829489185665,-0.06368190980509636,-0.2929756722703312,1
0.06615800509205283,-0.034046087219611026,-0.27411041545577797,1
0.1496203209123219,0.00031060634415347455,-0.21146132777881155,1
-0.016752140204977728,0.06836245108377437,-0.3979515450396608,1
0.0032193127041151293,-0.0060458940789085425,-0.32438076787341674,1
0.07483939260782901,0.11264485712638539,-0.3543972662015427,1
0.08676480738619838,0.04401267776102835,-0.2818907698793285,1
0.16694964322771133,0.09901478477229508,-0.24195513364608992,1
-0.1072816850245708,-0.04384764833291399,-0.32067919121003696,1
-0.11314973816061258,0.0009440979024537555,-0.39896399245086067,1
0.1426825936757139,0.03978235917628714,-0.14368515339270538,1
0.05995907019409752,0.00361665110232523,-0.2056292822650892,1
-0.0012927270877336472,-0.036925456012870006,-0.23388138548229015,1
-0.08387237013821155,-0.05591410476756545,-0.22103440198436208,1
-0.13418975896588697,-0.019406385540428724,-0.09910348489146753,1
-0.11256376976854826,0.05990658362201984,-0.0817874063372992,1
-0.1197277411149551,0.06772816459591624,-0.17468622891416485,1
0.12025297851693106,-0.001849810905208693,0.2357033409382751,1
-0.13900803326633554,-0.03592620926692214,0.21026812979678028,1