0.06942334220853633,0.15870222765660105,0.46371952990280785,1
-0.10111534827614688,-0.020597587801454667,0.49407253999367123,1
0.07108234660294199,-0.008254729799249905,0.49182349759254507,1
-0.12094854577942238,0.16799514697337647,0.3851797993835202,1
-0.16853099975700592,-0.15142991066577371,0.0008340845570811717,1
0.16488293534051413,-0.16984409336790982,0.04692272919008589,1
0.19052426650709187,0.14597501833255744,-0.017986213379178495,1
-0.18449071804642087,0.19455308865200666,-0.01711067398715671,1
-0.19788153206830672,0.12546385470500399,-0.04108010211690072,1
-0.13550052552175834,0.12863797187704085,-0.0822704389915212,1
-0.126132007477933,0.19568450417705763,-0.0552875054966786,1
-0.11485112881331982,-0.0316237592796873,-0.2681373237409703,1
0.12512315359434578,-0.04688077630356355,-0.25811077775047514,1
-0.007058408446229514,-0.11702154694848865,-0.22937287169508802,1
-0.0018104767349312045,0.04108792472215933,-0.2524938297709257,1
-0.09299488340532161,-0.04125493444037748,-0.38800178175404565,1
0.08840346967314394,-0.05702475266352014,-0.38684168334800456,1
-0.002736964547590315,-0.0628921741332179,-0.46267022045773476,1
-0.04245715183736509,-0.22427428432943372,-0.17036892012902394,1
0.2072595800148331,-0.0661508356627451,-0.18230030796263594,1
0.06899967231342141,0.15976246467853786,-0.22943647960797733,1
-0.19249872270564605,0.00664162356258724,-0.21883139843093602,1
0.04376761319865263,0.21512691303145087,0.05469339369381965,1
0.19252700666252653,0.008318512200707673,0.10560438624424551,1
-0.21052791845932117,0.04506254523530284,0.08301373254992583,1
-0.042504475632235354,-0.18187080996728222,0.12076266508256606,1