-0.4905010871409782,-0.016826772066399265,0.010778416360201604,1
-0.21418404967341154,-0.05186943957948564,-0.05330999225741413,1
-0.24584438090012428,-0.10412439717469635,-0.2047374325856984,1
0.04376627831997304,-0.27933297017512615,-0.4595189518958711,1
-0.02052517469698323,-0.11385382622586526,-0.20574711142708058,1
0.0334603206504166,-0.053546749637317315,-0.02871134772761863,1
0.47682550887327224,-0.12489537280044871,-0.03847085502333947,1
0.4732382529252046,-0.021405192778631843,0.13115902686343972,1
0.02193742724314443,0.01513174478730217,0.08204373686321009,1
-0.02474263857900527,0.13565552568104766,0.1993885293460932,1
0.04102958478261454,0.28374244721892783,0.46340650530578076,1
-0.2526215314558021,0.13114794968097987,0.20034807639752183,1
-0.21970037192297787,0.02225216682188602,0.08323097559396572,1