-0.05206486840744351,0.41523159334143706,0.2751245533067365,1
0.08417205854845611,0.40662238126343336,0.28714984321506776,1
0.19340985316443415,0.3655758835171161,0.04235589154364794,1
0.08451622338117248,0.40009273374087484,0.037366270073089014,1
-0.0382797132447088,0.4134613545310102,0.017507637251833685,1
-0.1639502894251903,0.3723777499520118,0.014143376187482737,1
0.022947696808786278,0.4889932726783254,0.15527836545331308,1
-0.22424588344245083,0.07772227532804421,0.1790961006877192,1
-0.1974696818948275,0.10087094338003721,0.2437957559490962,1
0.013345086944623441,0.429252980105452,0.35605439150775775,1
-0.045033638322737754,0.42820053662794283,0.17954378445824165,1
0.08543423898088905,0.4281316299570039,0.17675297290847675,1