-0.4844016423587074,0.12768195014847228,0.15643973240800657,1
-0.4409387029262155,-0.05697786238872715,0.16894187243112485,1
-0.005057800519223721,-0.09017042025987965,-0.20647920418039728,1
0.004225276997692484,0.20170469028684757,-0.19875020582450453,1
-0.07639139732881173,0.1330734711336916,-0.23488434628360322,1
-0.08679131555822106,0.005319121771204305,-0.25208689339696644,1
0.4933235539836025,-0.07072069915949064,0.2035296149872936,1
0.15661858521904914,-0.1852174241945459,0.22301862257815075,1
0.17588316512366342,0.09639742272890084,0.2379206312379587,1
0.003936855216768231,0.10241971195618527,0.24861829569920757,1
-0.02208777445179022,-0.14890896082300475,0.23541947478594238,1
0.38709342081131537,-0.18922404936049297,0.08283881828660283,1
0.44579406149722123,0.04842580813995867,0.0712815267078506,1
0.052989025874477624,0.14089742486790136,0.11355557315830009,1
0.045210690885384874,-0.1753711890891938,0.11720125593107023,1
-0.07600355023797623,-0.0677091846185792,-0.07771974242736457,1
-0.06276488220226767,0.14407401142862394,-0.0729706378770758,1
-0.14929530307290062,-0.06639071308202715,-0.018692501911517,1
-0.1291713786708374,0.1450289109478166,-0.023858318440144424,1
-0.23317773773925066,-0.03718897224235641,0.008647644430290036,1
-0.21420055067441884,0.13226836965426966,0.008159520746956916,1
-0.17611507499467688,-0.04259071622901542,-0.002032480369435985,1
-0.16869996627297706,0.1247044398859716,-0.010312169636631952,1