-0.49281809049645586,0.04236173213133032,-0.3531845707114232,1
0.035327659192994076,0.014276210010481516,-0.391365524222769,1
-0.21803997373118067,0.025377479117895785,0.05242732168896455,1
-0.23531507613961106,0.04330800444351879,0.261120900854253,1
-0.19510614512989832,0.021798599431158472,0.38602029197151566,1
-0.019254144373231696,-0.2387112250011566,0.37585631772938766,1
0.2701771060349687,-0.06233795056443636,0.36886919161031984,1
0.10984782130233484,0.21465101013440957,0.3836837544897358,1
0.3221094531456421,-0.04675523060468367,0.2275495737228256,1
0.4900077667930219,-0.07282766473124913,-0.06039821141490398,1
0.2472185206205344,-0.06301394654470172,-0.19790446273876472,1