0.23888938587625308,0.11119285116759592,-0.36565698408207403,1
0.4595144510508238,0.057951038292772594,-0.31286706664770025,1
0.23065400513575574,-0.126865337494384,0.1732421562255564,1
0.16153423270085576,-0.15823413189184266,0.3972541673251908,1
-0.3636682403932343,-0.19293998152152847,0.40363657732312674,1
0.17874124589918772,0.11851356079214614,-0.3834279050844369,1
-0.4482728059495442,0.12851306498652648,-0.3650661428555857,1
-0.35108662709540184,-0.1678836040117,0.3607471223502281,1
0.15514728621057206,-0.14767124507515073,0.3438478170644834,1
-0.09729799473772371,0.08171360387034243,0.49773184645771884,1
-0.08012696826051524,-0.41780733851916274,0.3027894451253572,1
-0.18038311798730422,0.422729135615408,-0.2550146305782599,1
-0.09642914727946206,-0.17251082785235106,-0.4939148703488687,1
-0.08690535719672776,-0.38143144805634943,0.2731636015131085,1
-0.11736838620700318,0.05460576172352072,0.45157872397621035,1