0.11664044111967087,0.10043339431285858,0.31766486167907715,1
0.12021757662296295,-0.100336953997612,0.31644150614738464,1
-0.38692525029182434,0.11251893639564514,0.3228341341018677,1
-0.3982648253440857,-0.10619800537824631,0.3216071128845215,1
-0.3161846399307251,-0.04490318149328232,0.1686297059059143,1
-0.3683963716030121,-0.04419371858239174,0.16261745989322662,1
-0.363053560256958,0.05810077115893364,0.160687655210495,1
-0.3087667226791382,0.04761549085378647,0.16555994749069214,1
-0.4901058678007377,-0.01841676842939699,-0.1936989677575539,1
0.49803505276184645,0.0030749346984901837,-0.1658859694753123,1
0.4078457187349209,0.041086879286008376,-0.2426031917813649,1
0.3983103816448801,-0.05437488132909757,-0.2423133284240732,1
0.31464719510672956,-0.13271521041774578,-0.27980358999113153,1
0.31078386077637177,0.14144221798244683,-0.2785651017976827,1
0.374740901507282,0.09613234988545527,-0.321892349229699,1
0.38242195400940515,-0.096012496106059,-0.32055855892247515,1