-0.13585534488010786,0.1716586210982931,-0.4972704355896074,1
0.14259849919520318,0.1906052660532036,-0.49578658585900115,1
-0.004050680796443551,0.32213819727494264,-0.2581887451660081,1
-0.045298786461564156,0.2153306792991465,-0.3222841137641015,1
0.044618824139156216,0.2208112203676338,-0.3281462114596092,1
0.3880063347968692,0.35605596358505975,-0.25488720818282484,1
0.353585592459293,0.3758861968944711,-0.3096129586482501,1
0.33439908974894017,0.35564331092858925,-0.35811419783477305,1
0.3317557468122623,0.2896382697595694,-0.40952552454987545,1
-0.32933016217510835,0.20681552124648905,-0.45217150828067565,1
-0.32882100274190096,0.26272476005908274,-0.44002161543608587,1
-0.3527054077446392,0.28209719100202835,-0.39955796625047335,1
-0.39077537773706794,0.2809693951574066,-0.3599766910102291,1
-0.1826920329213462,0.03406398339849412,0.4808732941906557,1
-0.2397488321532404,0.008761615835081615,0.48620094823718996,1
-0.263627562263421,-0.05179097773626129,0.4938493139693514,1
0.3361465563203887,0.0352211441300172,0.4836146848870033,1
0.36370411869255737,-0.019695066922270854,0.4834479023398508,1
0.28260427525279574,0.05461418115835093,0.4855174020693453,1
0.03260048018104822,-0.36928536609376383,0.2140783746192383,1
-0.2132081080648267,0.0006563008569507867,0.24944456864218822,1
0.2610916933524736,0.017014957717391255,0.2041316510732596,1