-0.4987261760000651,-0.07783785728275555,0.005573202710309921,1
0.1134972874862048,-0.02760029481964632,0.43303712876271483,1
0.2573308583730345,-0.02952960619940148,0.4347191971542639,1
0.4176516714360676,-0.03729263521448978,0.1771682449488432,1
0.4789429920211352,-0.030611948133772326,0.175389526428108,1
0.4991011530531809,0.08508786042059667,0.001643866665653082,1
0.478104171863025,-0.034501343144127894,-0.17862026618147642,1
0.4168427523280318,-0.03835643042487824,-0.1754923475041683,1
0.11604557709857613,-0.026513840290396495,-0.4343645955832089,1
0.26548538692663426,-0.029670744189165266,-0.43245030105138904,1
0.15419902121097007,-0.032411626342366606,0.0656939561618255,1
0.15207788592425792,-0.03893231640461048,-0.07056157393245821,1