0.007008223438483396,0.3253612214370687,-0.052617143577782244,1
-0.06650409472791308,0.34052191329817827,-0.06450087491815282,1
0.09616990251666668,0.2907904720076608,-0.04687036003265818,1
0.16032741919873586,0.2504494725962371,-0.04756822389143317,1
0.04373661555575403,0.32082556740927526,0.05049949249441854,1
-0.0057983798990935975,0.29009420592254154,0.03176919437186959,1
0.06866080015217058,0.2566367405264962,0.038338727950008616,1
0.0701007044353425,0.21287366133305563,0.06452009575550326,1
-0.04662001086696599,0.2565658702031772,0.05040074716220189,1
-0.1743992497854836,0.1743753788805702,-0.06139292456743073,1
-0.21710948709321976,0.1863500423616733,-0.15520965295682343,1
0.12755125038694964,0.05554365549452034,-0.04936119770683378,1
0.12976928609471416,0.044968445673491786,-0.11588726775713898,1
-0.017113790524017736,0.1931328995279834,0.13218212497999704,1