0.025523845744745977,0.00678318761884833,-0.2447496444775556,1
-0.49805660597537416,-0.025368385159206974,-0.1351663343798964,1
0.2784770542194438,0.019277160279145056,-0.09756208972158409,1
0.3248051468442503,0.013848863673093625,0.15597660653766576,1
0.45772420688496385,0.03756766419161639,-0.03215123506738643,1
-0.2746182730059257,-0.017114901023933093,0.027231648146611498,1
-0.2750661705329236,-0.016892097514185522,0.1356596915611612,1
0.03435360947499677,-0.22121901510271585,0.2382291193102688,1
0.04732055693210235,0.2211128710769736,0.23986826857144716,1
-0.18577486905830737,-0.015599933758561169,0.24044524508418222,1
0.25613803278770664,0.013483151233068202,0.2374661348659874,1
0.04119314639150046,-0.2162145782426432,-0.13597703533817618,1
0.2445466293148898,0.015561809060104403,-0.13294354601064762,1
0.005967248138363829,0.20744054959006786,-0.12462367813741884,1
-0.17584877347495345,-0.008689826078728036,-0.12418644868227116,1