-0.009395835267401953,0.44700487562602476,0.46284741684436265,1
0.45852585368278986,-0.014689396543586142,0.5000000012331568,1
-0.4620469731382215,0.0067353860639958185,0.49579912023308204,1
-0.025089329822293394,-0.46184482354048306,0.49092382419583735,1
-0.4676514600527253,0.01967517518547246,-0.1555493214773307,1
0.013798916137102823,0.46841364217526427,-0.16667283039464942,1
0.46244332613526096,-0.00716023879361094,-0.15568584375770778,1
-0.012437253682789473,-0.46736444631338636,-0.16433048371468484,1
-0.005544631427991664,-0.23306168122651605,-0.2342145291845421,1
-0.014202962969429578,-0.2291521837247359,-0.4978497549679197,1
0.2340289044879238,-0.009655983428272119,-0.49218971405789225,1
0.2303834534457989,-0.0026754516646672055,-0.22476155088662703,1
0.008346094849827734,0.23543085166653338,-0.24208342357756107,1
0.0005205925694418134,0.22837481374725666,-0.49722046525568064,1
-0.23263525905671667,0.010954102852631986,-0.22550451050204368,1
-0.2332319599252317,0.005727914779729781,-0.49115001158240434,1
0.36576518437317196,0.07394923010242715,0.3623812312297843,1
0.09602002821118738,0.38578151284354156,0.3623048537897393,1
0.09968262103836181,0.381853122551642,-0.03569452702614062,1
0.37798829357165253,0.07327422373086812,-0.029603572919144838,1
0.31409305213746297,0.06500526425052389,0.01159827469964192,1
0.324070705648837,0.0743102181546923,0.32538797307399925,1
0.2315934960233117,-0.003972669970538911,0.3323435734240191,1
0.2275996854222711,0.00030974279831608165,0.007761574771424529,1
0.10302202805084804,0.3164083278241576,-0.002253330307138146,1
0.09514850954923226,0.3166167125095258,0.3293002045270837,1
0.009493466597038314,0.23420116579816863,0.3263376361082244,1
0.020105920696208646,0.23088084534658382,-0.000004695022464584753,1