0.42239634221020506,0.026176809877176854,0.40546299317594636,1
0.31221392926550884,-0.17409186690472467,0.4003894760107296,1
-0.24491533042330094,0.027418203584805845,0.4042720694141855,1
-0.11957714854984103,-0.16482654436246566,0.4036561814646788,1
-0.15850798806164912,0.0204035505868021,0.33665266343608896,1
0.4988430449168222,0.011383733528792794,0.329922960467139,1
0.39387429862842294,-0.1925008924039393,0.3201320669142875,1
-0.04424861707383254,-0.17741835807426332,0.32720669634276045,1
0.4487918030725953,0.0005055055543268239,0.11967201838933672,1
0.3534706421599127,-0.18081735658095788,0.13743637056993185,1
-0.4964176520978596,0.18718597906242818,-0.2109018128754575,1
-0.45859420339243506,0.21727287308787258,-0.21544345099598905,1
-0.4826946543042133,0.22019824511768948,-0.19353870698623354,1
-0.48061355976892284,0.08453730636623225,-0.3132812689622215,1
-0.37501784796579896,0.14078521524023777,-0.31977517118902354,1
-0.37025331049315113,0.10232605087864499,-0.41048340048551046,1
-0.45264109815580456,0.05136016597391735,-0.4119051403425993,1