0.27639529221777615,0.015374091352337249,0.3121179006663626,1
0.2823843469147662,-0.32829080097319074,0.18968527462628798,1
-0.2882326673015582,-0.3327229180478174,0.18778384580916851,1
-0.28136391430648766,0.029004250784829377,0.31924849372647657,1
-0.28554268310187736,0.15045549359238292,-0.08380612878325455,1
0.2669312464305954,0.14762827966958764,-0.0749573541047226,1
-0.29022170024769944,-0.1516908195588451,-0.21829815454249824,1
0.28382342029025676,-0.1444827757494842,-0.22744213527570656,1
-0.4896950518711962,0.3435082934118383,-0.09590981539499221,1
0.49553307440907624,0.33940988706517183,-0.09250081810920996,1
0.49293321192401274,-0.2631722696883414,-0.3132961735918396,1
-0.49173409853732963,-0.2625852502253554,-0.31501351092893637,1