-0.07698493611149482,0.08771457534924393,0.47108963730753883,1
0.13902188085549172,0.07191494897729944,0.46627049260125975,1
-0.052361566332392695,-0.004253492659157976,0.18579180574014453,1
0.08868986343752383,0.0029031018193703684,0.19147459926614097,1
0.27444986744287764,0.02244492116707969,0.010388160538251062,1
-0.24315329820809667,0.0009314248345743126,0.007276765807759211,1
-0.14582814475261358,-0.00810848296762856,-0.16850316135125665,1
0.17361833970087187,0.0024543998240149634,-0.17018582709608676,1
-0.03380367765269354,0.04675311435838447,-0.23884906995229044,1
0.06388131534802977,0.05342225417259283,-0.240582873783992,1
0.015021419206667191,-0.0037670082621887313,-0.004975017500877525,1
0.08091900165187363,-0.06209161569797738,-0.0013234949039184901,1
-0.037713461614449495,-0.08203710958014503,-0.0005139862704381833,1
-0.14617848652302326,-0.042487583119052375,-0.14602013867807362,1
0.17743472539150373,-0.03804394017288615,-0.1758061610372486,1
0.10902177071971864,-0.07042606640606941,0.4858808042621585,1
-0.07934577247255198,-0.061443384471339735,0.4783489225464731,1
0.2830612181144332,-0.01672082064878591,0.011395004496734265,1
-0.23015767933592926,-0.040611548737880525,0.01904169026424896,1
-0.0351589036010842,-0.021431516157165875,-0.33438334681392334,1
0.059488174959021714,-0.017003792769811663,-0.3384680886901486,1
0.0027634421511160134,0.038326176440280135,-0.42493879426856834,1
-0.01337965813126285,0.023167591153000933,-0.44515835673961013,1
0.016696627823346244,0.026080005742321277,-0.44943430195515227,1
0.04476072517740004,-0.024929577184924057,-0.4254082186791166,1
-0.030640512987991864,-0.02300404451013016,-0.4219301007103734,1