0.4549173284456163,0.39144145705808575,-0.004527395443922111,1
0.23537125790472402,-0.4154356720534982,-0.49664019563647255,1
-0.40373211685481714,0.4524338448411034,-0.44384360682378166,1
-0.21830140651298713,0.044057532528491095,0.46422167408853643,1
-0.045116828123130226,-0.17831499753984437,0.4546040568373431,1
0.10549858209570148,0.03988578036305501,0.2867838066575277,1
0.028725206455715746,0.14442803187066888,0.295229009822329,1
0.24127544480237884,0.319635328247709,0.03758627176093832,1
0.33956123865164267,0.2015731155466547,0.042499684358814904,1
0.1076727528843115,-0.13013435952604863,0.03946454323901449,1
-0.14931913964528065,0.1990787721245309,0.05607418185187976,1
0.04775775134828031,0.38729203401183,-0.20311991784802974,1
0.31853299930744505,0.03069996015365062,-0.2132900267129893,1