-0.49745849745166126,0.16668102970322407,-0.15179651977276076,1
-0.4381209120340206,-0.021945515842142216,-0.2861414706562983,1
-0.23250101909707022,0.13922549634987735,0.23601406411954506,1
-0.03374144839199489,0.16093157016865534,0.25048858118727113,1
0.1680601766419123,0.22150226979315873,0.2893897034620432,1
-0.0628465381277521,-0.29036906447195676,-0.05978619035489219,1
0.0916707929498548,-0.24442281858070114,-0.0234494987412468,1
0.2663389942217069,-0.22455594490221786,-0.010576525270565185,1
0.4766917776871371,0.1768451397693922,0.028433443145652104,1
0.19447761131755284,0.28741451557457987,0.155642088126004,1
0.14243148236829345,0.18777336156381108,0.06260938894351331,1
0.22690823065427035,0.01197474302954582,-0.04935142334460485,1
0.31699070266650187,-0.08741087148708904,-0.07511812985065724,1
0.09832382500287062,-0.1467060953731405,-0.1564539583627147,1
0.06800100822210153,-0.013484621910882288,-0.09015886000750015,1
-0.014500206228342749,0.27302376804031286,0.13047170258590796,1
-0.2050011699161185,0.20868779108205293,0.09271113362569897,1
-0.07871479679386492,0.1499956735047249,0.013729786404352184,1
0.03540928963722101,0.18593382860545538,0.038847414004749004,1
-0.08704026824316369,-0.1599602460204118,-0.12021399025150292,1
-0.050090444783494614,-0.02303896523037885,-0.03777134332252596,1
0.21045509176486077,0.06513932424216273,0.07637828886779774,1
-0.14638612288946273,-0.006485487189247685,0.01833730253868615,1
-0.3144637473587389,0.04298713408229582,-0.03299651072579168,1
-0.29802466709396785,-0.027836549045692882,-0.08583827339809424,1