-0.19824157006038146,0.159013615800341,0.45409556820651753,1
-0.2568077296883615,0.05334719475302352,0.45166271526547563,1
0.3201555976385779,-0.05866626991059398,0.45345792281782105,1
0.2417220591557262,-0.22584144828793007,0.45419241267793464,1
0.39065117772938196,-0.09097506307823344,0.3856815240960709,1
-0.1343456697206067,0.14294805425070534,0.37627763965679883,1
-0.1798550532753853,0.037609105961875056,0.3776959988766967,1
0.4092904623200515,-0.09286822203097145,0.2073081449259746,1
-0.14614080770344984,0.1570077390659359,0.23265774221756352,1
-0.22253297348114254,0.03299165885246014,0.21533246546143792,1
0.2905014209177488,-0.27153905608599155,0.3775169749453231,1
0.3112174544435031,-0.27966207315577774,0.1900461720269524,1
0.4518517157651727,-0.23793620660809456,0.17765276383161033,1
0.33261643610793756,-0.173061311342237,-0.18915527372972463,1
0.24772043435551272,0.004123102284631253,0.06283332290973176,1
-0.07890729904703342,0.14235499874892144,0.0565143080959718,1
-0.1589775092454751,-0.0018524342471271105,0.0884291086674781,1
0.15025885198386257,-0.18878902288681923,0.08112214597850831,1
-0.08412964233227771,0.040096815429565336,-0.2549606640353295,1
-0.47911495698833395,0.23366913010911894,-0.155273022787904,1
-0.49828575452042123,0.18448324089579776,-0.3098841400680772,1
-0.44404612475424,0.288557020684308,-0.3119852428968377,1
-0.44916161837927326,0.27598943469156545,-0.45078452379261513,1
-0.48890200381400173,0.19272313190986234,-0.44430185819883916,1
-0.3645547292761113,0.1533609776103913,-0.2742852968886438,1