-0.4360198744667435,0.061335898910518716,-0.19824246562936665,1
-0.3598402811252419,-0.19514933225380604,0.4415630782603177,1
0.3083937195167046,-0.19323896284098563,0.4355716102024884,1
-0.0027585061235304575,-0.10545933819813491,-0.5368433039605253,1
0.3967095412808096,0.17870505120280278,-0.09936682311302292,1
0.31427096383742953,0.16990286100936525,-0.0642822944198862,1
0.3909865799634461,0.19622340243986258,-0.22461747207672378,1
0.3164589626416542,0.2053450406591899,-0.2189539634177966,1
0.2556636352413002,0.18281657082211833,-0.16556274762936818,1
0.052332791003349755,-0.12625479630241795,-0.015871565883673694,1
0.05701715033536795,-0.057810832359628694,-0.1101118124363602,1
-0.054487101053074416,-0.08903388285197913,-0.12843605015238901,1
-0.05366165477555359,-0.11656316362140595,-0.007835680744066764,1
0.0025522391756891416,0.11697627963175422,-0.213180842628809,1
0.07002786714984344,0.1343817086213267,-0.15773302085404095,1
-0.054134985476187225,0.12938445036849844,-0.13657096496267496,1
0.1209573094029272,0.05185009484579331,-0.017591763322859028,1
-0.0008278318791303807,-0.014216002491317492,-0.5244446552877029,1
-0.019507869465866468,0.08773572540460528,-0.29459481665398385,1
0.11706367557994257,-0.07582239100696508,0.14270169240621478,1
-0.12669071217238467,-0.0943477687996046,0.08702564073706831,1
-0.12147580244508616,0.03912261019368091,0.08793576186193541,1
0.06169025820988788,0.09036824667945148,0.13552290779292106,1
-0.31047273171363443,-0.0588057843621308,0.3000184737615871,1
0.2598912963857831,-0.06590061065536895,0.2949719854130963,1
0.26039580330014866,-0.10012410465378707,0.20554054536050081,1
-0.33255348788894956,-0.158960142302095,0.29090617661802165,1
0.30175818244998587,-0.1699679599159971,0.26933041470651276,1