-0.3286309242248535,-0.042903833091259,0.16192078590393066,1
-0.27046167850494385,-0.03840068355202675,0.16265207529067993,1
-0.2655366063117981,0.04834844544529915,0.15396922826766968,1
-0.3254081606864929,0.05129760503768921,0.16417662799358368,1
0.3178316087681088,0.12970538941484877,-0.2708010560726066,1
0.324561600113657,-0.12695204061425747,-0.26694220408536673,1
0.40512163789197403,-0.07836262599145255,-0.3042253614494624,1
0.3931928021280208,0.08209557764654302,-0.3066369961574196,1
0.39871503806828246,0.05859714038919961,-0.2324604784599862,1
0.3947349276075066,-0.05791846235415432,-0.23602048958867816,1
0.48419435341978523,-0.021686415826032146,-0.16081859781349106,1
0.47951342007502906,0.029881553435643582,-0.16093437291002832,1
0.150564646285833,-0.09119003392717051,0.2844007554014455,1
0.15202160599306025,0.10254668585125692,0.2925398388315523,1
-0.326358367580661,0.11016449763057794,0.2996895645762596,1
-0.3308707048119759,-0.10547631228432519,0.30276340969554916,1
-0.49871007741491624,0.010010189559883198,0.14291525578901965,1
-0.4393194326254961,-0.012191696705076804,0.11143704405956545,1
-0.3922719630440228,-0.008418776117630866,-0.2316634345607227,1
0.13056151648921654,-0.10416862149844618,0.0328480401541984,1
0.12737435969995245,0.10739702671457513,0.03605109650118381,1
-0.22196788064214812,0.10094166576230885,-0.17416598774921233,1
-0.22408273006560664,-0.09185096700888096,-0.18788791965932372,1