-0.010391809034155972,0.15623209052917642,-0.2898244235599804,1
-0.1508192631802996,-0.003980871004590547,-0.4789618274111378,1
0.12238325183725174,-0.0021410568986107714,-0.48554874324773645,1
0.4343511093507462,0.015807886888389966,-0.1370981879376605,1
-0.4358176744810216,0.014193004925537527,-0.1375843426136653,1
-0.2776849731532445,0.06033809354481989,0.4804133903755523,1
0.2414702575858365,0.06044467253412056,0.486741014090042,1
-0.17029097369734436,-0.09424405941706859,0.1747368712260895,1
0.182418453309519,-0.05669546948205162,0.1838677326668139,1
0.04176305863261598,-0.0819548897242186,0.25793725996348815,1
-0.06043931017430637,-0.08564784926173263,0.2495299844407839,1
-0.20682528749433438,-0.05481047239091308,-0.1322721780403363,1
-0.23902077484582174,-0.03932316628441013,-0.012066002027590284,1
0.19537254293683415,-0.039264751634360995,0.003071277396208938,1
0.17954472156545254,-0.054966226551639824,-0.12681199742979876,1