0.13485506025806138,0.08314945149952191,-0.37127315585368287,1
-0.11516329828542116,0.08836022225195572,-0.36880420462885066,1
0.03218293988050691,0.33980693900785297,-0.2699079602073593,1
-0.08003362280836157,0.213915008914591,-0.29283899761398224,1
0.008063113169695324,0.24177293306806513,-0.31215012536938236,1
0.05975376069147931,0.24034617196678676,-0.3064703881696058,1
0.1321261495082826,0.1859273685871776,-0.28905103304077095,1
0.10131498627465185,0.23026479109921563,-0.28247956699874016,1
-0.043327214058866304,0.23767985706465078,-0.2828276130136316,1
-0.01785719381118911,0.32475545668435957,-0.186874091595912,1
0.07443131556943161,0.3109657763999881,-0.1848236809260182,1
0.11764504247934432,0.28322295418654686,-0.23070667729742877,1
-0.0578183080626864,0.28692841449870987,-0.23260197607535105,1
0.027659568564448733,0.3006745804001333,-0.1574888758650868,1
0.3906508036625993,-0.27691423930443926,-0.4924569945830286,1
0.2271282573614109,-0.03986501152962074,-0.34681455111768295,1
0.1335926949549946,-0.17612273854866767,-0.03542417073393467,1
0.305080348551261,-0.3184551161144973,-0.21648891413627336,1
0.1132217484760302,-0.0138554584068655,-0.21051998041683662,1
-0.08595759414140512,-0.024321986782386562,-0.239645347358113,1
-0.24749029819233018,-0.066401941630027,-0.37761962091289125,1
-0.3850200772038349,-0.27597921697195965,-0.4904534995222464,1
-0.0880606524132218,-0.18958251982364321,-0.03738035222024194,1
-0.2520880026451806,-0.30659299071786417,-0.21525261265162499,1
-0.14277660997491548,-0.03802637129577299,0.041057359514779235,1
0.1512136232027479,-0.02975746489191651,0.03221723346280617,1
0.14569702892198555,0.09037859263741121,0.03436695457066197,1
-0.088679434709793,0.09220101352724919,0.05344380809304877,1
-0.07974674698516471,0.09984138300782885,0.24723307006361184,1
-0.10810189541505189,0.0826579728791823,0.23853316889427004,1
0.1615684415856351,0.0939309468926448,0.24183853335101002,1
0.12406622011949597,0.10778112442854826,0.23981452546048043,1
0.08442150821384725,0.09197182148546956,0.23887042796758318,1
-0.12061737571847672,0.040417794825514,0.254106110176449,1
-0.03930798844431399,0.08748063320427302,0.24634051880317848,1
0.18009783913145816,0.06523514205526126,0.2368538413396623,1
0.19798398751030089,-0.06498235059647772,0.2353318026145894,1
0.17873004743190646,-0.022167644584568658,0.2354738172669797,1
-0.14902896675666688,-0.046247565767441046,0.24399866415996674,1
-0.13048635603331493,-0.029781151470247735,0.23537207948802452,1