-0.00380046051209712,-0.06824311167922045,0.49975983951494274,1
0.009330280891250473,-0.43815469792257355,0.2875316699479793,1
-0.22392491740008513,-0.2577237607966359,0.3880223830787304,1
0.22113619088779624,-0.23541284235363202,0.39574964350454156,1
-0.03270417131851902,-0.09535299962265725,-0.4972286796025782,1
-0.3101627179731409,0.18080654032884147,-0.3358239825593863,1
0.02688959080276776,0.43638895086490614,-0.19082252368090977,1
0.30964955181996234,0.12819659982081977,-0.36796287581467313,1
0.004134287057624995,0.030984368210084413,-0.07623232916387251,1
-0.04434413015183283,-0.03302825525609743,0.06553227809841264,1
0.04241274784924301,-0.029487163758867285,0.062127874053168206,1
0.03126637279021238,-0.09207277867423858,0.029339830753934704,1
-0.029686390870365953,-0.09634057413241787,0.029068038266230056,1
-0.019993682776999977,-0.27674026304223975,0.3131472925025016,1
-0.017437785441710485,-0.17626800349131821,0.33920328467157035,1
0.041823807487838316,-0.20744250828093325,0.3192594056349872,1
-0.044827022242462156,-0.21721100249655295,0.3164854325602417,1
-0.007746766446235537,0.011767252389535021,0.013260239729028789,1
0.004907335360009285,-0.057859098754489136,-0.03053389056003364,1