-0.249917497412385,0.08633124373705181,-0.4901601398683395,1
-0.17844807388666428,0.20073346707740736,-0.49001372676244803,1
-0.4382144683194076,0.28188589373045936,-0.40239436440592113,1
-0.4186412224331377,0.27346244608851933,-0.45312524783233066,1
-0.35412429987718586,0.20324146613935,-0.4746985017217442,1
-0.3308273253062568,0.15462273223494316,-0.4719298797450522,1
-0.33200280849249975,0.2434874929729709,-0.48266359200271136,1
-0.2797969437411396,0.24753176445957514,-0.47103267108659796,1
-0.15064612828752466,0.046046275149550064,0.4921026619605323,1
-0.16107001853344638,-0.010545991469522176,0.48355518004557546,1
-0.09351972649304408,0.13490044208310825,0.4853037780308282,1
-0.05357827444621455,0.1732203752294809,0.4905241865149137,1
0.23743490973028303,-0.2906427926585252,0.48707809788785417,1
0.23921380573197437,-0.22535361823294442,0.48904735423650947,1
0.31611775761279803,-0.10962280387674028,0.4876837497051696,1
0.35910472253417325,-0.06706019805435381,0.49292655077819436,1
-0.07128479009842303,0.07613964637347514,-0.3434007192991584,1
0.13111797694421012,-0.0503863597851848,-0.437856962701618,1
0.3842592908381995,-0.22276396642211993,0.001563505293795231,1
0.3598552704974478,-0.19413361593793554,-0.21192203709861027,1
0.40906678803468854,-0.1828128802867104,0.21213869039759636,1
-0.06024981527053397,0.007261670356431549,0.25398991115098407,1
-0.024279342335840504,0.06504576602274081,0.2600886100581872,1
0.35354947558968286,-0.26240008506459067,0.21348254503390596,1