-0.04500353010716887,0.4120687382069812,0.06149348972350516,1
0.053896114529211725,0.3400256917485527,0.03777940970128668,1
0.06968104904792627,0.38839150119165855,-0.058812428349058976,1
0.20944271744128407,0.34048649499402783,-0.04916121674480767,1
0.21301741360326976,0.3175829432578341,0.06678170639472114,1
-0.21744245134378604,0.3111088342737396,-0.06156088767765988,1
-0.2552731219726118,0.29635589474355906,0.0320091068420123,1
-0.14584561347232494,0.34489052840751233,0.07854535771447146,1
-0.10103948816769459,0.3675175916596847,-0.02239742210876683,1
-0.04269798895128045,0.35195655715003077,0.19473892772455523,1
-0.09765868539230821,0.3424555121461148,0.17308962641177197,1
0.020132154054741197,0.34558083535787976,0.17237282420820565,1
-0.22515839442505736,0.16136350701124158,0.32112923732652643,1
0.1620854748786129,0.18301390422399333,0.3263929134823318,1
0.20621928468946937,0.15630583542883647,0.197732826291237,1
-0.2547889381307869,0.14499031963402498,0.19342865296862088,1
-0.14055535889579396,0.30679559498223263,0.3627964862711213,1
-0.004276463123465302,0.3210920800653909,0.35875810278762765,1
-0.346264402055424,0.03368923185802364,0.025373698847904747,1
-0.2870135336752113,0.14646730643737438,0.009920875919464667,1
-0.28897251792388445,0.23209289010106948,-0.07061910293007889,1
-0.32594422366170683,0.2017154044688666,0.035626562406745776,1
0.26928689999558125,0.22468715177911847,0.040060152773347735,1
0.24614040220625885,0.17942857688133484,0.010131277060596355,1
0.2617410231803242,0.25661465319335,-0.07397128572144007,1
0.3092328546860534,0.08043841638769525,0.028140597218762463,1