0.18332241475582123,0.06543605029582977,0.4975080192089081,1
-0.2199988067150116,0.057420726865530014,0.4834631085395813,1
-0.19553259015083313,-0.23433463275432587,0.4062938988208771,1
0.1709122359752655,-0.2143721878528595,0.42578577995300293,1
0.1785883903503418,-0.1257525086402893,0.11357876658439636,1
-0.18595090508460999,-0.14974480867385864,0.09192813187837601,1
-0.18971903150796074,0.09894961050977882,0.14752171096937985,1
0.16570936673798636,0.1061273898927606,0.16499467677937307,1
-0.18485028642638057,0.23325988414403653,0.0958752564018357,1
0.17737834254737583,0.24412540001628136,0.10195372309234296,1
0.21266840666923625,-0.11108111856940184,-0.0019993199158296893,1
-0.21130697028942907,-0.13448894001256173,-0.011789899617122845,1
-0.2175815906117875,-0.05082848100440174,-0.46960850974201973,1
0.19978691849809826,-0.0256851156292206,-0.4611753909393541,1