-0.43541144051187363,-0.028490680425967696,-0.28942340257400345,1
-0.49621621857843334,0.1658629200250905,-0.15560027988537817,1
-0.32457744770109153,-0.0018042196066979654,-0.04680576037796402,1
-0.04525999377631024,0.06631822431922124,0.04516473050454865,1
0.039905406916795824,0.08502765744317453,0.046262837516760524,1
0.12147526425170163,0.10918992976655994,0.06129933556891237,1
0.14524518879410725,0.0312478886345689,0.014939842507253997,1
0.0557922160535113,0.003208857940894233,-0.007692457198321567,1
-0.046323985444566805,-0.013397875085753657,-0.000031574370057740886,1
-0.07255794719433786,0.14288302418339616,0.01580005742681062,1
-0.19300449383081267,0.21433953153134988,0.09176014632026219,1
-0.20897443415998373,0.15625541697302925,0.2167680694109484,1
-0.011185254131301114,0.18009218352465073,0.2284697223576655,1
-0.009543950441881,0.2723243076236779,0.1299120998747023,1
0.03801306350611071,0.18087890905171977,0.03813081207967706,1
0.13677263074803303,0.20309988573704962,0.05880911139910494,1
0.19020349899931843,0.29043101018677575,0.17311562020252635,1
0.18602009974494044,0.23488702614471446,0.2660957284587817,1
-0.07633403078203929,-0.13084912067250431,-0.11845829160555354,1
-0.05439579200002154,-0.2721369552854046,-0.07237849987543343,1
0.08425089303733846,-0.019891551408016572,-0.0933181499007576,1
0.11386265416834296,-0.1489790705488887,-0.1480619794304312,1
0.10671569967522676,-0.23864519296099695,-0.048560487277803155,1
0.2090047590422171,0.01695485630354987,-0.0542141608649398,1
0.31254105952307365,-0.08170521891204618,-0.08037577592525924,1
0.28881111587671815,-0.21534096743910114,-0.019004289083204284,1
0.21733024454675775,0.08502886090955508,0.07261867858463455,1
0.3503927857867276,0.1416806165510943,-0.00869319395260404,1
0.4948939605700571,0.16340986772007526,0.06819004702135034,1
0.37758471479924904,0.08551980438810602,0.1663897816903912,1
0.34024407978927873,0.17901428394940622,0.09124334263806755,1
0.3912376522205495,0.05485003282788248,0.047721099843402115,1
-0.3057221391038363,-0.04356069772372484,0.06938249098492344,1
-0.19420917816083172,-0.03635654303623537,0.07214536475897026,1
-0.15282292617910487,-0.0025663888698321813,0.010160576133766419,1
-0.2461543182953721,-0.12708732402667788,-0.05872979019572733,1
-0.3144917927513741,0.0666114763236069,0.05484472435883242,1