-0.4425816713619146,0.2754305194509472,-0.4474228207811608,1
-0.48125367772728555,0.1906799862437889,-0.44298050613095674,1
0.4526438566233457,-0.23531535676092124,0.18530700309011927,1
-0.16182066583656898,0.11309424159095632,0.07014435939545471,1
-0.17895086206777524,0.054329450653953004,0.08148138648927527,1
0.23130724219067478,-0.0009305882414835098,0.046681345206265545,1
0.13669680267873163,-0.18436010958983262,0.05822368250034682,1
-0.3240098211024489,0.17735262998202245,-0.26237154484381353,1
-0.4957613435012682,0.17558647350908796,-0.32558229838356034,1
-0.43931511497109454,0.2910283911235467,-0.31356996452690655,1
-0.46286940246976904,0.2630587362147929,-0.17800520888270171,1
-0.49239381839460305,0.21847449827022625,-0.19068884711713974,1
-0.09571947504220168,0.031127002679007365,-0.26317211303907473,1
-0.25655652421409414,0.1215586064305949,-0.4304684732813979,1
0.3153813177014675,-0.15556968585266156,-0.17884118577085628,1
0.4107889447462212,-0.10453841470181635,0.1997806861151199,1
0.32231083134122773,-0.27813409094380636,0.19816780730233852,1
0.3055897297947885,-0.26677601067455514,0.38069075815266906,1
0.38478620354048054,-0.11338146648288072,0.38012748600362256,1