0.1713427574714439,0.10748078649937165,-0.4654013695653783,1
0.1974674233483365,-0.06995097966390617,-0.45833435587328713,1
0.2269273216230987,0.12959377138982297,-0.35799587441864133,1
0.21034930976638044,-0.0678884383720586,-0.32320160554890087,1
0.28741827548148224,0.03022661188111231,-0.4033745970746099,1
0.3693069638083948,0.06830013737983176,-0.32569070056852744,1
0.3631790642757666,0.007798463755351648,-0.3154684928935867,1
0.16315015986710346,0.12584930903520242,-0.05929053792778749,1
0.16422276659760504,-0.0071830864733199995,-0.05682956832835151,1
-0.16222018671193328,0.14475980032302826,-0.0024202696970268,1
0.14361035441805503,0.15397969535315148,0.07617458579363301,1
0.10455896704437714,-0.029466292458624532,0.10944265439787322,1
-0.16245585096143714,-0.01438730937437463,0.057600455189823874,1
-0.32912556018844863,0.044067430757112835,0.01122759688370395,1
0.15454582874877254,0.0755697989399422,0.21267890617581142,1
0.3656546744950324,0.04444848239148769,-0.1754320214595263,1