-0.1803289388607811,-0.11792478833748443,-0.014054959471415107,1
-0.08408007288819802,-0.1103907431318637,-0.015703709348002692,1
0.0042125223371662634,-0.10838992018298199,-0.00558444175576351,1
0.08669610298397157,-0.10408339114388398,-0.004143930237545779,1
0.17813061910371175,-0.09312905971067842,-0.004064209993292378,1
0.17749431392413026,0.23978997633087895,0.09678696026708222,1
-0.19543830074852547,0.21858010559235924,0.08251097042388639,1
-0.2114651870855777,0.05325737187792878,0.4852704262223497,1
-0.19436671642175396,-0.24793101298212505,0.40790483720647863,1
0.17994576794839445,-0.21735136990064396,0.42642877620973696,1
0.18133702158974696,0.058771325147880304,0.4976806734474799,1
-0.2183562913834265,-0.1861229560002946,0.008858005696063875,1
0.2307832203449181,-0.17712260622752415,0.022973730141729487,1
0.214433052109956,-0.03085382532860992,-0.4537376129436188,1
-0.21901181087259253,-0.06325788976090785,-0.4759583845956954,1