0.08461416462998095,0.42979366050298645,0.17514389089635418,1
-0.1523839933733786,0.38494159904239056,0.022376908029436038,1
0.18968703676868692,0.3707629253276529,0.045329220721319174,1
-0.030014447627440432,0.4165821533818954,0.01713326354924094,1
0.08002948292872158,0.41305017911823116,0.03147335955915498,1
-0.059448735842563716,0.4009294392565377,0.25540850045030705,1
0.07566009553731434,0.4112221385480511,0.2631503614104218,1
0.041971136412659926,-0.4138741850562315,-0.1710121691336992,1
0.1607184254613836,-0.3617625667074664,-0.05556002631917911,1
-0.1564769378714046,-0.3701214369324102,-0.06408686353586468,1
0.04377982184458279,-0.25551396523337416,0.18502779696195917,1
0.32528313712630474,0.08035127631975,0.10203384344869691,1