-0.49478571141107874,0.04127116752741422,-0.35188076870636475,1
-0.22880882290021365,0.034769315956915126,0.04867844084382167,1
0.03544704219180206,0.026593705173519222,-0.3878249776512357,1
0.0643310457280104,0.18009351590179756,-0.23736308444094356,1
-0.24754094210125171,0.047258548845329845,0.24496662299343844,1
-0.2229621625095095,0.037628160917215214,0.36357118225568563,1
-0.004151665734159149,-0.2495165509355883,0.3688687422269866,1
0.0025945779551188597,0.24176218684132578,0.3786570388679358,1
0.277262419069793,-0.030598935304939956,0.3662443586590918,1
0.29456103092412466,-0.0430621276008506,0.2596607026719373,1
0.2995015671576452,-0.046992741785464386,0.16232520956821794,1
0.25423509825678725,-0.03620604719192244,-0.15923012347834967,1
0.2605007109377748,-0.021165201894973506,-0.20828580426200527,1