-0.14667803815793423,-0.012326689363367116,-0.48755773477295694,1
0.13936372840905253,-0.008096397148220635,-0.48208677659146914,1
-0.001666255880240275,0.15654989930977825,-0.28473290051667366,1
-0.25552138613545017,0.0753109591771608,0.48374814351294526,1
0.22285234095409834,0.07201740312961213,0.4893097662855663,1
-0.011507818947751324,0.0492741286995364,0.22127914383926064,1
-0.18096973207812256,0.03886789537916879,0.14078290118570064,1
0.1519049646283016,0.06265448588317923,0.14333055046363136,1
-0.20614285326600568,0.020053065348007437,0.015614270524608231,1
0.20269025218866932,0.03483353750861139,0.005826590853357544,1
0.14706666303632776,-0.005160510158686904,-0.1575051261044731,1
-0.15672818225596688,-0.020144523356466104,-0.16281171654242088,1
-0.43459762018411574,0.02700852100137996,-0.14139270870899523,1
0.43227867280843,0.0104519945597632,-0.1444709847877852,1
-0.0038839295147032604,-0.11522352366919997,-0.14268803832934462,1
-0.00043746040936262775,-0.15931475680202756,0.14465421117207613,1