0.0576357686223854,-0.22953168858306594,0.3391266034827898,1
-0.06202482534988096,-0.2365168615398304,0.33671301620829,1
0.047576068351342766,-0.0077869320281238555,-0.01420652677192705,1
-0.04201742793964066,-0.02148005630822608,-0.007619175242418341,1
-0.05249880252733169,-0.06231662005061467,0.04280181073498812,1
-0.036794705606509825,-0.08669032845955438,0.08978927753650378,1
0.008531313026543086,-0.05276090663118427,0.11179963164225393,1
0.02978570491596938,-0.02187049290186127,0.07532886728841814,1
0.12697551119037875,-0.41111990118511,0.2844958697244877,1
-0.12840097091986768,-0.08441486174865681,0.4798242311858245,1
-0.07044800235084675,0.4377369821288081,-0.1907670077505106,1
0.09338859827134643,-0.09730804629493206,-0.49490948713905513,1
0.008209037065892321,0.029634855812978644,-0.07735123268818622,1