-0.0051750381587114535,0.32184670002989113,-0.2613201620053901,1
0.14512790219387614,0.19813823541660003,-0.49233558118263126,1
-0.14064932999250246,0.1725006048749016,-0.4860910112885253,1
-0.03086432899598801,0.19992864699383883,-0.3388850104168343,1
0.048408992443222054,0.2111485946261737,-0.3385176258799606,1
-0.08763538886732913,0.11102069372388445,-0.3108353359902112,1
0.09649493715790314,0.13017439038158862,-0.3022026175765742,1
0.013165761355006355,0.06875324832885687,-0.1067797031465208,1
0.0007658216968371226,-0.21277102718999058,-0.049184025088070876,1
-0.3273411342542669,0.20552958261290044,-0.44971096768041274,1
-0.3352093723372427,0.2581201781745386,-0.4413539924232599,1
-0.35176716100939753,0.28403857714991565,-0.39744143716141655,1
-0.3890857290041674,0.282306731453724,-0.3572000017000754,1
0.38212270500991074,0.35733966812632056,-0.25462053230705717,1
0.3548106442383321,0.37717880910807055,-0.3032097592403864,1
0.3337338913128338,0.3596825645980628,-0.353074826427485,1
0.3315479019528593,0.30080349118999017,-0.4082321209380757,1
-0.12988831434703496,0.06432843147626133,-0.2524842361239213,1
0.12973130044510706,0.07938736922617773,-0.22873838454479078,1
-0.12348636686460404,-0.036997859795337484,-0.0866064702367207,1