0.13874120222077346,0.07971648338654802,0.478631701636719,1
-0.08093750272231892,0.09004262320545031,0.47590323265009226,1
0.009796697746223936,0.02169939785364733,-0.021731509903074014,1
-0.247911233187736,0.0011338418489401647,0.037524768070259284,1
0.2906234798487324,0.02165049156115262,0.030824946248636187,1
-0.0013796886617030157,0.04267608329858685,-0.4316340525958928,1
-0.06281287350150255,-0.0016405824787548706,-0.24660329275494797,1
-0.040184701893819064,0.03349981342552533,-0.21368745771221698,1
0.01512837973520137,0.056901946356048616,-0.2285141408985904,1
0.07720087246300988,0.03498098809890954,-0.21375909686383593,1
0.09936644612177014,-0.010955436131771856,-0.2504250428837476,1
0.0009634457400620189,0.04380786322740504,-0.14339867579719415,1
0.0368191598036855,-0.029110319760653258,-0.3882319647284451,1
-0.017703721239977793,-0.04439531337295888,-0.38530000228073513,1
0.022349859293283813,-0.05696707214140251,-0.1456100062067153,1