0.11493120161301795,0.04882244751971321,-0.04150660088695168,1
0.08008817423649972,0.20287230853311577,0.062292698737186625,1
-0.04935570571756054,0.26945247559136564,0.04891715298257515,1
0.049148491250318393,0.3186582222361365,0.05164901994019866,1
0.018904804009880482,0.32402131624514896,-0.05102446953664752,1
0.09776543806784688,0.28005893549682825,-0.03974739662630833,1
-0.06388784128579625,0.3428105149172508,-0.06851382445047904,1
0.15931276177151665,0.23887823751604387,-0.04687610457120678,1
-0.17454316882250653,0.17702721593874027,-0.06315982228423289,1
-0.14873765044854453,0.09316205068944994,0.038274267674466955,1
0.07017777888460967,0.04290145580333543,0.05348663667997214,1
-0.10603589818698716,-0.06540226234599905,-0.29278373654773254,1
-0.18605943765278177,-0.12672630836867738,0.0503367815530662,1