0.014786115679878531,0.22852481876719222,0.012485450977662626,1
0.09307089308159066,0.30769187758176886,-0.000005044784529006918,1
0.10509050487726257,0.37158656688430536,-0.04139462221952139,1
0.03792197023619881,0.2347624606982407,0.3333211011078612,1
0.09975120139717852,0.3155947482226373,0.3333210869016058,1
0.10161503011893566,0.3742553381346617,0.37400297118435627,1
0.2294230585869501,-0.0016458078067702608,0.013495237329167075,1
0.3149240551831438,0.06916732528877167,-0.000005082500153741343,1
0.3840600845568085,0.07306524087089583,-0.03415826650187337,1
0.2277495226550288,0.00043313660938792964,0.3333208488104406,1
0.3242812859703217,0.0745064241554374,0.3268236081695769,1
0.3766067765544352,0.07332256034456641,0.36688267720445766,1
0.47086113282455244,-0.01668201375712064,0.49712289192552195,1
0.4660989674864222,-0.01108001558790539,-0.1659222502734793,1
0.022824586392940826,0.46427360290642705,-0.16493281070455223,1
0.01789189035106542,0.46956389356763717,0.4964836190429839,1
0.3044269266963787,-0.0020768033868651114,-0.167652650016483,1
0.24025662034137518,-0.007055031551989888,-0.21798946492969717,1
-0.008347711629467014,-0.3115979432706666,-0.16668588500290493,1
-0.0783802826951483,-0.22290745464517358,-0.17953565709528263,1
-0.007877124994707607,-0.22445585993221007,-0.4999996562395128,1
0.2353613929738092,-0.008413115422125083,-0.49905301469771856,1
0.0007220657420980991,0.22856296514147123,-0.49734864434641457,1
-0.22753361936826333,0.015711720035017112,-0.49753442988677543,1
-0.23500341613604692,0.010250832093319894,-0.22112121974520338,1
0.003280243258849458,0.23094830702764568,-0.24176843456462893,1
0.013285219574612261,0.2992043456781779,-0.17511756512518506,1
-0.3097350840183157,0.013211219947512065,-0.167989452292243,1
-0.017552274661721462,-0.4683744410928866,-0.16666281227170351,1
-0.46546940638057654,0.014724236193592532,-0.16667278351780637,1
-0.015963160469561144,-0.46686295301988867,0.4999995757639777,1
-0.4653507987075931,0.021820410136278445,0.49783333143305985,1