0.2665017229116175,-0.16128787860326255,-0.3822204310576337,1
-0.27926061333185625,0.41343483332855513,-0.26748688688371663,1
-0.3076431613930696,0.4297698038653143,-0.20891798219388108,1
-0.4161934609719431,0.3017087973739061,-0.22476807156343143,1
-0.38023198717708006,0.3178270383559412,-0.4332375253570513,1
-0.26975063470159766,0.4343885404534662,-0.4069435262454233,1
-0.4581290296652831,0.4692893248234107,-0.3049960614900109,1
-0.4437950167257725,0.4152503771023963,-0.3514607002897199,1
-0.3795481553814479,0.4628359935408106,-0.347183554587577,1
-0.2770893055435731,0.022940734627507342,-0.08460973266122129,1
0.23806539319524636,-0.3398425123467896,-0.07407054557944083,1
0.3901661447177922,-0.1822195157134503,-0.036959076638375166,1
0.10383830647600964,0.06153676305563144,-0.13480497658800872,1
0.0210947200250875,-0.13089071243609407,-0.1871347822498728,1
0.11209765254109416,-0.025925161746183422,-0.09365912428834738,1
0.05075704162447736,-0.07057117632229781,-0.13608939390463898,1
-0.1287817641727509,-0.11007651232975157,0.26080836050269457,1
0.03666555617036227,0.07401506397951718,0.2876644525496652,1
-0.22145030178562344,0.18600055811189728,0.05003786310794289,1