0.4964125240960473,0.09090734089468921,0.001992244332972959,1
0.4795503661505145,-0.03305792956314968,0.17606932227745275,1
0.48117086375172713,-0.03214889456776082,-0.16749879230764453,1
0.2666241815593997,-0.03371557004613024,-0.4320086363973632,1
0.2630925845016958,-0.026674028285903262,0.42430721804822724,1
-0.49909750144611386,-0.07834977378881724,-0.002880361950181154,1
0.1597056601655116,-0.03442200186686195,0.05523547246437549,1
0.1507527912792022,-0.027002760308832862,-0.05985892886891181,1
0.33292980555421303,-0.029825335351509663,-0.055031096361999265,1
0.3298706711178488,-0.03715896949433395,0.055759996200061,1
-0.20331648636253893,-0.015678426425786984,-0.04575598966738617,1
-0.22829094142837083,-0.023242186908993822,0.045595493785172886,1
0.11569117305770016,-0.02370931855828945,0.4297957899400773,1
0.11432682810039685,-0.02119762492439481,-0.4295716079116998,1
0.49049118449380774,-0.06970765547466245,0.002268834549501997,1