-0.440539680823159,0.27505746103073836,-0.39712163677678935,1
-0.3394822455714124,0.24178556487988878,-0.47725035585504383,1
-0.3546435233246177,0.20981948574328335,-0.4813768264082263,1
-0.39330370935065595,0.28927968851417063,-0.4581601874348076,1
-0.42376499540660584,0.2443063495757185,-0.4565159668483525,1
-0.3126115881965088,0.14313336991172687,-0.4717303334666365,1
-0.26351342807009814,0.24016786114662247,-0.46938091967989415,1
-0.33808385310475497,0.20573122442157787,-0.3981859148538063,1
-0.3197414733920887,0.22805031131468922,-0.39550732527724363,1
-0.18006023135609383,0.20562193692387476,-0.48891805423280854,1
-0.24748891635422865,0.08856563783436999,-0.48786445726650185,1
0.2145736273283479,-0.12732537275107025,-0.329827974188142,1
0.23280416707810403,0.007254524094996606,-0.22454766848970387,1
0.02556822113289403,0.1234057568553717,-0.20677868575985192,1
0.0016709762633770886,0.01741568005916383,-0.34863890057802976,1
-0.1826402874371169,0.11638295102532314,-0.24266068372190674,1
0.3464841811361391,-0.20394062644669697,-0.19504525405185258,1
0.43999648427669635,-0.23313850347514292,0.2131226596096527,1
0.4106081344244421,-0.27971226019364825,0.21115359136287703,1
0.007439998475223586,0.07817463302794358,0.4885034505245205,1
-0.05098799312373936,-0.001907000112577828,0.4851851460938974,1
0.4131347438229045,-0.1757341585331358,0.49591143882408595,1
0.3514719484276583,-0.2696709020272038,0.4866800610448303,1
0.004069380227780917,0.06746856693817599,0.0027878963099260967,1
-0.04054974962126956,-0.014450981884020886,-0.0022449869547419704,1
0.25143379072030947,-0.0464722182304359,-0.09609273328884526,1
0.1592844184446195,-0.18941674529147856,-0.0963725821182784,1
-0.03521652543188313,0.14978057623800692,-0.04691623745791951,1
-0.14288071688796686,-0.01711984029756864,-0.05229599816806746,1