-0.37245371670415394,0.10712310215873799,-0.40911433169465194,1
-0.46055504880340114,0.050318752976246994,-0.4135931585304522,1
-0.4773031242492307,0.07383441603315499,-0.32471719403191956,1
-0.3794007551169134,0.14415334105914024,-0.32376794020526223,1
-0.20148358137512112,0.000828723008800214,-0.16636782641162195,1
-0.1793208691620888,-0.1310579995067085,-0.18123511607817327,1
-0.06978144386240181,-0.15160768923624912,0.022493734219327432,1
0.1807692083740784,-0.19864854118597575,-0.0373227693154472,1
0.36946815442680153,-0.18990271069829556,-0.09009397794311158,1
0.3960810277470599,0.001382089666260855,-0.06892109417116332,1
0.4535911560983057,0.010592232773255272,0.1251456762103893,1
0.35598219850153434,-0.17216792560559568,0.12900302162920452,1
-0.08603807822105476,0.023510810447161023,0.008413690863856276,1
0.20523318965521525,0.03949935705606156,-0.047842824419979224,1
-0.15413376409314994,0.034368786646533866,0.20849314349516668,1
-0.10436025934806592,-0.17120918117905148,0.18600846936828097,1
-0.0979295276160359,-0.19235095249260703,0.3995043670447975,1
-0.2666830377679284,-0.023732080028362662,-0.08791828094206461,1