-0.10509690845839452,0.15594269646976391,-0.15412106463493963,1
-0.10116096785077244,-0.014750113148853438,-0.011526699103801968,1
0.19584984863834176,0.12222721690708149,-0.1982303493397568,1
0.1653511851062075,0.2750034338563834,-0.11756169727155718,1
0.13096477437136267,0.23957054952302847,-0.052541835278829385,1
0.09802992703851292,0.17433652744743472,-0.017510755065401007,1
0.07959979407347806,0.3046312770560249,-0.10060057409525602,1
0.16483757329835114,0.31157576666560604,-0.29581029429578076,1
0.1345511578160128,0.1358369539848846,-0.25058056578712895,1
0.054922146648087033,0.14673490438626493,-0.2850444716019579,1
0.09800626155451297,0.3533470861407857,-0.3244513760010097,1
0.09132560081149155,0.4976430403806884,-0.17245162764652733,1
0.010972907694544176,0.48636594912458797,-0.4116589628504361,1
-0.015416422992892742,0.32292216961137065,-0.3824140486380982,1
-0.02910318456679964,0.15149787404316736,-0.2817549260849605,1
-0.17773891658351348,0.33912659619180424,-0.23654130542354185,1
-0.19113817383278064,0.24343037686759494,-0.22320407492188465,1
-0.18330344663840398,0.11311524331983769,-0.13311923720919694,1
0.08538403605581957,-0.15265313134435343,-0.017399299084335212,1
0.11916817331812657,-0.023796696649979965,0.028474218860272793,1
0.018451740315588938,0.10608587866260542,-0.045037230754396584,1
0.00883027755766097,0.18161134041147767,-0.17148981794580886,1
0.06935859763608665,0.17076091150689473,-0.15708996771173367,1
0.026043830759030495,-0.04733169382618585,-0.10099741875013807,1