-0.202347206129883,0.04306722187106582,0.496406895118491,1
-0.20085459399267025,-0.34147283164246356,0.32082829851218863,1
0.2091022433067513,-0.3389238858740258,0.32221785185639184,1
0.21371579987389144,0.06512262559196991,0.49984383543290966,1
-0.2793827841812818,0.2773327261336869,0.04570801240968303,1
0.27499332248556474,0.2859040349284907,0.053973649890402875,1
-0.23383799431790997,-0.17326362875845214,-0.09375585083107096,1
0.221914472466501,-0.24041496412235136,-0.11356808488902914,1
0.26070582314306234,0.0018762398434755134,-0.460030275498748,1
-0.24444963724049318,0.000825996665370532,-0.46064123785647126,1
-0.16614010069010754,-0.08335007640518532,-0.3167732034892565,1
0.18501173827677342,-0.060209296080025565,-0.31273650223068494,1
0.26325449876579854,-0.02996632538055355,-0.32241372754038844,1
-0.24743235117264067,-0.032817778479392046,-0.3127633294263835,1