0.13199080195931223,-0.01540012277777325,-0.1706791732034605,1
0.06347929040564348,-0.06856633485629626,-0.2268210381102201,1
-0.03447717413617468,-0.07808811322770559,-0.25371223476476434,1
-0.13653402016831806,-0.03280112350518394,-0.10127492722431919,1
-0.17824757101879118,0.0892301450598092,-0.30372985249694095,1
-0.10584736496907476,0.03673835534014058,-0.4997727508375518,1
-0.020136229346154916,0.13009194355384188,-0.4793562800961071,1
0.07930816869166565,0.1840653553196309,-0.42542549521181744,1
0.19001508962868985,0.1460457627293188,-0.32750838563015494,1
0.13774068035805698,-0.02965029594301516,0.2060943005918163,1
-0.14039094059727386,-0.05242093100453721,0.19655291705557598,1
-0.010880260166104438,0.04466252876311054,0.13926181652923697,1
0.01710357100908122,-0.02421184648673419,-0.08132727458312527,1