0.23398906417054532,0.06828085995428568,-0.31850771394883204,1
0.2353785809086748,-0.09202860555994219,0.12518616022561346,1
0.4120209857195549,0.0531909789587755,-0.3184528732106018,1
0.4593738241319354,0.058305846726780075,-0.3129435261461797,1
0.26113941377627703,0.07497850665133754,-0.38383325483689523,1
0.2253318572340634,-0.1397204458230849,0.17293503209889582,1
-0.12195272391764256,-0.15147817197379065,0.37933987113157163,1
-0.047482397984144775,0.42697995813849976,-0.2622154741242855,1
-0.4576793138390023,0.10749735452280118,-0.37048405253724814,1
-0.12845464911353846,-0.15943769369532781,-0.4927871301033119,1
0.1983370410906108,0.12497846550678465,-0.3935840644585644,1
-0.0999752180717535,0.06303943889031317,0.4510760479038453,1
-0.3457014553426784,-0.13873959052618673,0.3779092545330901,1
-0.09981488141565024,-0.3869223167859959,0.269025446330764,1
0.155900190724483,-0.15985082350147764,0.3366260638876071,1