0.39173750595005296,-0.09004591839384712,-0.3150326558557234,1
0.3944220814731549,0.08718737682869371,-0.31712016744706406,1
0.3139242399988216,0.13746888699767634,-0.28239566291656714,1
0.3113335371296062,-0.14032336266857381,-0.2771964077447291,1
0.3869159920499037,-0.0564168626090229,-0.2585460656537162,1
0.4965747676010994,0.0010253345928354917,-0.1811646270089442,1
0.39387049837835375,0.051919216026427684,-0.2596246087490224,1
0.1724047131993789,-0.04437138805616078,0.09357628138678806,1
0.17742976550275855,0.03132635336935091,0.10284363487502665,1
-0.4572189991577118,0.004572461446523235,-0.24698385077887375,1
-0.31184835859506155,0.04779255796125126,0.16553626852064518,1
-0.3720003879901723,0.057335760428694815,0.16496422251526255,1
-0.36996381004401613,-0.04431786708523067,0.16483118664259755,1
-0.316342884740326,-0.03878505721986514,0.16219520703058432,1
-0.47261355011894856,0.005008669547454936,-0.010838615969347653,1
-0.18144906440610242,-0.07294622197991005,0.1343043207753929,1
-0.1772195161721859,0.07723802222062717,0.1344503999894221,1
0.03951115137045269,0.004069940544503936,-0.22826997584408515,1