0.2641678222641009,-0.09770063043500276,-0.12415256418113052,1
0.21877178398532532,-0.017032026086736984,0.010470128164366765,1
0.1853172503874334,0.19251618877708831,-0.1231495889544208,1
0.08529391638670047,0.2403572838711533,-0.15498513978744718,1
-0.0030414079125008486,0.24131433908425648,-0.1576119064416709,1
-0.11651843973894193,0.18673071392142915,-0.12655906287290286,1
0.0019845979842101346,0.21217722073479295,-0.1064207658108786,1
0.0604448406698605,0.22173731052457018,-0.10443227159678958,1
-0.0037821601931975063,0.23607434352284695,0.00207104232765265,1
0.07766118966585064,0.24027938013941563,0.008131224754920396,1
-0.0571849609735704,0.2863214578994171,-0.4111845659451858,1
0.1515870889951385,0.24739470127771224,-0.3399698116359302,1
0.01483251153362719,0.26988997226649203,-0.4060951590721782,1
0.2529602545313969,-0.10769502038443157,-0.3562218605958227,1