-0.03926010315107206,0.41722842891133316,0.015909308438309427,1
0.08695242071428402,0.40771805459925286,0.03222724923485612,1
0.19710401109354841,0.3626861408597648,0.044885559641273554,1
-0.14960976410736176,0.38643856101266927,0.026912695592647362,1
0.020028922745638625,0.426110632818396,0.30673340547367433,1
0.022764262646139788,0.36501417891721877,0.40828682861684573,1
0.22279708148281468,0.09410325099505812,0.23106317337691706,1
-0.2076959164133673,0.09158399689464935,0.2329226755576119,1
0.20951816871501805,0.3717456221208959,-0.139035472495185,1
-0.1080598918694391,0.4144649393418405,-0.16096591820849176,1
-0.22958870503510464,0.2743096505361584,-0.0017536280818593041,1
0.25545521922545394,0.26078841660118856,-0.004677851414088163,1
0.041795502389261774,0.4432171549498456,-0.23324072876518897,1