0.009388095900415421,0.3384384765222025,0.18209856875428054,1
-0.07765258814563493,0.33277526887220804,0.18302893980471704,1
-0.3237166543143484,0.195375726243189,0.040892894785080625,1
0.25589670049261126,0.1961039278963499,0.026693606318606955,1
-0.21650590302484665,0.13781972038089085,0.3195620962853971,1
0.1611765760579999,0.16273606890393832,0.32381373412181435,1
-0.29027037062304,0.09247258360087662,0.15951885894395912,1
-0.22005093314547253,0.27741314466060773,-0.2863289980590922,1
0.035211374747587065,0.36841350186469623,-0.28103461723272554,1
0.28976288900380886,-0.1252362400406016,0.19628073151580372,1
-0.26844123290656685,-0.1366022435217199,0.19277400609298317,1