0.007096989864564085,0.06365348689787664,0.2511096875017058,1
-0.10353534524100039,0.07617017941036841,0.20539214883025392,1
-0.1879287935669742,0.04238538244686563,0.12795175492348498,1
0.18335708218069868,-0.058956323988635706,0.09368307508922702,1
-0.06319583726864652,-0.13113132425416385,-0.2570896475929012,1
0.1720829498744969,-0.14380255416071952,-0.16719213794685572,1
0.42084410728676735,-0.06267928621154151,0.22654090574451996,1
0.07410893117446537,0.27078840296024475,0.4812410215123055,1
-0.12277262784978271,0.3323753840650596,0.474837958333711,1
-0.27537331871408144,0.29473218774892085,0.36923855402265815,1
-0.4055526264881526,0.1899458388904438,0.17910386198485284,1
-0.21693045235023633,0.025147732560437896,0.03609968675418668,1
0.054777752410589686,-0.19878690259096765,-0.1507676783285672,1