0.03077364285384776,0.23839143433920007,-0.2880217589850004,1
0.07209017546014129,0.2811284018380703,-0.15535718167965373,1
-0.01858992993516151,0.2944720397080851,-0.1453382402226091,1
-0.11419369679012764,-0.007905595896888301,0.042005035681341285,1
0.17182055091232395,-0.025451558012921982,-0.12509331782269095,1
0.2828254172452338,-0.23024902104834322,-0.22124570528092313,1
0.3617061324005766,-0.2911163534743233,-0.3710966295363445,1
-0.18080300309742103,-0.19965917300743952,-0.12705387285624006,1
-0.28499551419070634,-0.2737600046621935,-0.2841435780036961,1
-0.1735000574890433,-0.007537917430938457,-0.19728102639100792,1
0.032063384428833275,-0.3114003685238024,0.28709936063719116,1
0.02649831975596073,-0.19228231034898782,-0.17002753408989585,1
-0.10540776902783005,0.17780100736024815,-0.2211931398106816,1
0.14031567301405623,0.17157494430163522,-0.2360808072893174,1
0.136810019771265,0.0855720391351445,-0.3691698283478242,1
-0.09757728118424902,0.08780358001879851,-0.3790329789155008,1
-0.0476337367242845,0.24263066034932956,-0.3293849746474664,1
0.03271657435691733,0.33327117015871055,-0.275452209498495,1
-0.0668290825374932,0.20612671134502947,-0.1948779698447589,1
0.09579062620903011,0.19184840566297356,-0.20047743453604266,1
0.1444490789820051,-0.042856444238947744,0.02065657605690171,1