-0.004933740267633047,-0.1519578032189764,0.08908432346271855,1
0.33158154005107953,-0.13021273294183744,0.4502593579513512,1
0.04280977929038032,-0.17650957116181076,0.020122034762413587,1
0.4806509101433266,-0.23567303242906856,-0.07989926824677562,1
0.06774712841000785,-0.1828046182217613,-0.06812279689316858,1
0.17827391958674532,-0.13704793162754314,-0.4983509962420044,1
0.061487656037782834,-0.11963000881369412,-0.15890604894195248,1
0.13009030253365283,0.12712888527443522,-0.39491993815137216,1
0.005395309277957949,-0.07758320999628076,-0.1673049096936995,1
-0.3140144087155987,-0.18221782233518624,-0.40324585258627543,1
-0.0324430573364376,-0.07418947397728326,0.05452045532654104,1
-0.0630096811477654,0.018414342540894246,0.4991979187307183,1
-0.33917768251711244,0.32009807178943905,0.13116388658299116,1
-0.47431168076481555,-0.08038649518804641,0.058585957028792546,1
-0.0657098375691566,-0.10414929282280005,-0.02805585560120205,1
-0.042173952786197955,-0.15598471258019786,-0.07838119320266634,1
0.1028673072818459,-0.16936013037558217,-0.07103885244236593,1
0.08789990734094678,-0.1677561727100862,0.030194680965378584,1
-0.020867990373275413,-0.023487684233216732,0.06912774287447307,1
-0.047273534666241485,-0.07468750889587816,-0.03410788625033445,1
-0.04089016005768814,-0.1250493937972128,-0.10228948337603594,1
0.02248626245817409,-0.03538583983511856,-0.1785533041577505,1
0.08847007142713004,-0.08182619673734725,-0.1637888241325769,1
0.024999325460469734,-0.12940313006960902,0.10223810068580519,1