-0.44098341103910066,-0.4975706006413594,-0.2174098635940993,1
0.43062586610984565,-0.4909364435667738,-0.22208037932598756,1
0.32778728292352865,0.29927911753983105,0.29530630190555884,1
-0.35490718048539316,0.3082842442258711,0.2842651219768597,1
-0.11398921255869032,0.3185204569911777,0.2961266329874964,1
0.11490608354932985,0.31671276472665743,0.3004306237597425,1
-0.006539190466188671,0.41468431546753415,0.16579230232878306,1
0.03284273513365457,0.4829853658505461,0.095521169644744,1
-0.05919117354221781,0.48501847387078323,0.08926388705685073,1
-0.42439028503308523,0.45260865655203996,0.0958878731245627,1
0.4235511248014405,0.44513120647500503,0.08866460794499176,1