-0.21639812052634433,0.04585790019385172,0.46057024053355744,1
-0.03664616747411298,-0.18292033291725396,0.4595977009613591,1
0.22993113101420848,-0.4100804203965853,-0.4994687898135812,1
0.3052769567098781,0.007244383084834105,-0.24231637593325494,1
0.31577715378637716,0.18928930382850062,0.020978860108671893,1
0.18461909611090454,0.30042797579341695,-0.011788150115228435,1
0.030941377800349667,0.37064728068888386,-0.22572885088905825,1
-0.40189369746672554,0.44432891402806085,-0.447927891554448,1
0.10519271614848446,0.03999387920544328,0.28130639110193395,1
0.11883412395070403,-0.42971633897937833,-0.3269582300872258,1
-0.45857441211399585,0.39467819789386826,-0.3694130149104162,1
0.022634312025160308,0.12204274929381387,0.30637276650221345,1
0.4502862136370208,0.3927432183827654,-0.006013195773710067,1
0.31708173247483073,0.28828048407525597,-0.00012980201217605014,1
-0.16377844593972002,0.1829254859385563,0.04466862634764368,1
0.0793840709189032,-0.1361346991989597,0.02825577937254148,1
0.36695270872656227,0.23032229072131916,0.18948458258222267,1
0.2765022422468324,0.3342914061436856,0.2088672268005216,1