-0.16475171002325273,-0.15432083396115967,0.00019822659594281866,1
0.16619026290920802,-0.1659599602315573,0.04188005046305465,1
0.19189603922703507,0.1288419985929705,-0.027653806625843158,1
-0.13993570299011404,0.1220836370890035,-0.08091482291758743,1
-0.10728386185798966,-0.023051404668612996,-0.2732073454877124,1
0.13003007690551022,-0.048494813206264364,-0.2524162867519461,1
-0.0009853171742327526,-0.1285202204857651,-0.1806926710024664,1
0.03382360061777523,0.11465866739569419,-0.24061810696547026,1
-0.04253407175201218,-0.1784488082245197,0.11885458194844101,1
0.19378288057449722,0.003077431184381474,0.107569941339651,1
0.04246861397541024,0.2108960536072192,0.06272068272239051,1
-0.20926775105792816,0.01837622549260365,0.05481963565440395,1
-0.0635707962709533,-0.03616037208013134,-0.2748270682603567,1
0.07348152555065157,-0.03605117981912076,-0.2691419301630449,1