-0.4883995716793166,-0.014262893019857614,0.010221103584718172,1
-0.24975554673451183,0.12843940285687205,0.18697858007625045,1
0.034098827768575646,0.2848582223257008,0.4618828676205192,1
-0.24423725305227872,-0.10793088319044187,-0.21243446390340836,1
0.040345543959604546,-0.28216143468746224,-0.46375740570192225,1
0.021653447985151897,-0.06276726066711083,-0.042133516051096595,1
0.01460020075276136,0.028696531216928417,0.09219362267918152,1
0.4748383361259556,-0.021868003786027046,0.1301853013308918,1
0.47071799885141985,-0.12338966222390901,-0.036317601738616645,1
-0.021773546929181098,0.13897970358315947,0.20895118758476183,1
-0.01930836237178918,-0.121659060163854,-0.2190805710718787,1
0.2476333897144194,-0.07893939432213814,0.020974948883510258,1
0.23713859639162482,-0.05206659858737872,0.07495479556624618,1
-0.22589800054782788,0.013583962610020705,0.07803167592858484,1
-0.22580594889773298,-0.05649198184911164,-0.039455325906746275,1