0.06432497197231623,0.06042518078513015,-0.10311898412752701,1
-0.06504064186570057,0.04891628689752148,-0.1033884372570314,1
0.01619236716878847,-0.3198956440592814,0.3627639820095041,1
-0.16449609763099274,-0.032772359441067156,0.07513861095121632,1
0.15983405209368914,-0.003690832983870941,0.09043303643459549,1
-0.035580216443607426,0.15410865128750695,0.10041501792413644,1
0.04962249803953234,0.16171036347457512,0.1128121287933963,1
0.07862493048656382,0.09307819121508043,0.31074447336851363,1
-0.07881687752113464,0.09413696042708275,-0.3006145284982962,1
0.06337597820756246,0.0854515167125216,-0.30586606196800936,1
-0.08961212995981782,-0.10913202254901311,-0.5741377775076145,1
-0.013037676520917251,-0.03443687713998411,-0.414682711976875,1