-0.49618819783109935,0.33822822184956425,-0.10320991661032175,1
0.496366042350444,0.3392527068065101,-0.09424905820758156,1
0.4937910594238737,-0.2630882643278022,-0.3105428738771234,1
-0.49442021438687933,-0.2571376977738131,-0.31835726120483176,1
0.2691492415700172,0.033561093477335824,0.32120104527333104,1
0.2785937353877307,-0.3250190307419012,0.19069803551848474,1
-0.28524160662057907,-0.3244203031408319,0.19095727101933627,1
-0.2873230737439958,0.03049897621233333,0.31998461320264115,1
0.23302555710344758,0.18685623731139955,-0.11882530810995573,1
0.2392896419524634,-0.17158682298209396,-0.2511514980739518,1
-0.2929024820274262,0.15350403818686153,-0.12675508361365262,1
-0.2796547109280352,-0.12439208957738996,-0.23508141885186895,1
0.3416363900897492,-0.18051526835018805,-0.2569698189965284,1
0.3120578989734373,-0.17704398716622194,-0.2324164730358278,1
0.32927735737597374,0.18645845477478273,-0.12316641050491173,1
0.30029423359322005,0.17198401709505862,-0.09975075049649851,1