-0.18119982978171845,0.2306223585970797,-0.10774896740652007,1
0.04402274209678925,0.27432338649449495,-0.11727079267870233,1
-0.09045502069890815,0.3761461039404778,0.014061990337796731,1
-0.07877547085403142,0.32005091471265873,0.11327216898396059,1
-0.06912636824872176,0.3144080389621786,0.2287809553496845,1
-0.1940752751332281,-0.12213856020217218,-0.012820206723960448,1
0.24543509749751116,0.053109743776151824,-0.05433648357534393,1
-0.09785471391055944,0.29252090030329203,-0.2574044278940417,1
0.013006976236330514,-0.14739468466876526,-0.4663442742402236,1
0.12032174997779221,-0.2989784638516303,0.08617049229260176,1
0.2549264669061806,0.058561444896790604,0.3051078227369066,1
-0.13699252085997438,-0.012099528566436923,0.291263002861686,1