-0.046414187605802404,0.2040216654897924,0.4568024568315572,1
-0.15231484989232058,0.0662177863087734,0.4773455994730081,1
0.01248358479005951,-0.03636406354643262,0.49822408489672476,1
0.09315117231081427,0.1018645820574684,0.47421674917344425,1
0.1778331843174441,0.13839939242819477,-0.03651166633134029,1
0.16158019270172747,-0.16637065847208804,0.037393399987414644,1
-0.16871489315273436,-0.15676520781032538,0.009370574852546262,1
0.005704395206387214,-0.02827789298505473,-0.24887140438454208,1
-0.017535392588764576,-0.23916863231272179,-0.21454298520126136,1
-0.21181211812337386,-0.022838271499077578,-0.2488962982976326,1
0.21017308477695806,-0.056915621168525554,-0.22783180818706672,1
0.046394675447175016,0.16627360494242593,-0.2776503007002341,1
0.042407231496360415,0.2616332105074982,0.058742854140834466,1
-0.25349517359107543,0.0213534977920945,0.10357452305984227,1
-0.02796851198059215,-0.2257390934560703,0.12443614386199814,1
0.23113913171901135,-0.007869505688024803,0.1244981835190534,1
-0.15332486405376888,0.1663963350623845,-0.0537915861188874,1
-0.005821416017762093,-0.07360069849713602,-0.4971469914075971,1
-0.03177896298237158,0.07668779503857726,0.47949609502610196,1