-0.024245203688673334,0.35202139944598176,-0.05208994262126587,1
0.14474285473762022,0.2702705349211598,-0.03740509332242503,1
0.0884345593653656,0.39195345975656815,-0.10783437195442791,1
0.07544792985784676,0.2970788635986443,-0.4133874016725697,1
-0.00041628597847472026,0.19662616189599771,0.12866373651287172,1
-0.1848714247510861,0.1707367926324732,-0.13368557334534836,1
0.13116435882642022,0.023274414476085692,-0.11636253568951238,1
-0.1686436662857565,0.018789815195767945,0.024063058223475542,1
0.0708568848672726,-0.015201596017439672,-0.004327210429659667,1
-0.06596289969545721,-0.11251366988464197,-0.058108381068822657,1
0.21646785041251382,0.11876781183383334,0.15127454575344967,1
-0.34841752523903846,-0.21723963148553338,0.15453407083262088,1
0.04224758498366804,0.32325160142345755,0.04604169552718501,1
-0.11671872830806235,0.07317620353845954,0.37742320029757387,1
0.09159582277577538,-0.2766947351896364,0.2472739306761924,1