-0.14561376205196908,-0.04220104440661254,-0.0905667937957384,1
0.0469506975509677,-0.08115793934780124,-0.3495146021021809,1
-0.08473985271550977,-0.10982520092482523,-0.3607486328768941,1
0.14094662551586823,-0.026140909203036022,-0.29970093689874827,1
0.20526260861877166,0.06094779838522779,-0.27170395246056844,1
-0.060699757350637706,-0.18294695041572917,-0.11195264703702601,1
0.16454318806616228,-0.06297221760812155,-0.08509886728597849,1
0.024331507623843507,-0.15734164278088358,-0.14101226740325545,1
0.09883842273751009,-0.10880674987485583,-0.10778820310944925,1
-0.06814033310426615,-0.13841839318643268,0.12278564795450675,1
0.14901035415722566,-0.06678295548753566,0.14867653839999906,1
0.004838648864073147,0.03904120345956319,0.12418926159426846,1
-0.006814067025748105,-0.01950099533535246,-0.04699288918184792,1
-0.00982366620236741,0.12560834215183836,-0.4822154529913467,1
0.08027370656764443,0.17445921959087807,-0.4335125009671259,1
0.18750969933736883,0.1397947280583285,-0.3282343506063601,1
-0.10135267868064801,0.024595427638809397,-0.49683303468401796,1
-0.18520739359398775,0.08208854696771528,-0.30237996513250187,1
-0.08574402832470762,-0.0563248667942986,-0.2204517246105242,1
0.007481107686399535,-0.03273370171520473,-0.2374193249641483,1
0.07809500363935881,0.01033317800725625,-0.1986975107262216,1
0.16384872862023092,0.04390675500188791,-0.13954102468210816,1
0.0338611127935059,-0.067553421324,0.49884375960262406,1
0.02771454709046517,0.03409153539350496,0.4981209962893142,1
0.14591862971065117,-0.04404812526733837,0.49531732038302634,1
-0.08928218337464955,-0.09411067610129109,0.49992348871820547,1
0.040906602047452445,-0.16388182981932697,0.4978627042758945,1