0.34925084259715633,0.21742836237256058,-0.1686923294649867,1
-0.38210784324272795,0.1190392499772921,-0.16582379214234244,1
-0.3632514204637687,-0.1679225326715823,0.4208646918263632,1
0.29512275258900245,-0.16282807924469322,0.4033896315010448,1
0.24565819796178023,-0.05663025531163424,0.2804354399091502,1
0.02042430361226577,-0.028038164368244578,-0.5347953784482479,1
-0.03723504474963041,-0.14697139254474445,-0.0325969275935849,1
0.046413714528508454,-0.0926371663341311,-0.11797888123716449,1
0.11985680403268341,0.04422567294679983,-0.011849620332071154,1
-0.11501460855705625,-0.01855176953524118,-0.0522692001918299,1
-0.012646276277718416,0.08976806839437707,-0.2858067208829008,1
0.002571952691627577,0.12106181370389132,-0.2067224499140286,1
0.012985512230963558,0.1591846108697595,-0.08019301832864018,1
-0.00427140414828861,0.08129737058482335,0.029747300058110847,1
0.2610762704856827,-0.11504236445230864,0.21419365157337755,1
-0.28604472750605714,-0.13786952285658838,0.25895617648568825,1