0.46976930098348524,-0.01592349655057923,0.5000004008496792,1
-0.018439195633625616,-0.46458186345570596,0.500000153565292,1
-0.4680217833326344,0.013143304045738602,0.4945407147016966,1
0.010933154459331573,0.4659629073985859,0.497729767377169,1
-0.2315412813350397,0.004721107835456095,-0.5000000627159231,1
0.0038968766737470517,0.23055490317769056,-0.49999991297578106,1
0.2273086380836542,-0.008713842249015613,-0.4999999374672124,1
-0.01149803619995339,-0.22614602236583176,-0.5000000558336888,1
0.4703113140709075,-0.017194636650241957,-0.16525409883752618,1
-0.01726725877404256,-0.4643031991972508,-0.16666321126810324,1
-0.4649353476762087,0.01698436171265666,-0.16667305292679255,1
0.01669129137644698,0.46014435004852133,-0.16667265792433472,1
0.22634672274399004,0.0016533798746866668,0.3285034685015704,1
0.01908105406475924,0.22391956974850147,0.3198068244596522,1
0.01743579453216415,0.2256834413310409,0.01122996860120229,1
0.23007011432834568,-0.0023404191373177508,0.003285050339463025,1
0.3117540280002711,0.0027027020297847315,-0.1666629083520501,1
-0.01419313722474834,-0.29560642665729653,-0.17689852698655917,1
-0.31161289646162194,0.010860733974758396,-0.16839842063331645,1
0.007761848525017712,0.301130980066187,-0.1739511369229534,1