-0.48055641603908167,0.22681874125249335,-0.2171099373465486,1
-0.17894578414027798,-0.010935717778634724,-0.1898567552533117,1
0.1416300490700202,0.006388114785811361,-0.14961940282831282,1
-0.08600263743988867,-0.1782381585958025,-0.07969273673701482,1
-0.22721031467755393,-0.11414715321291416,-0.2025314513968972,1
0.1464433683488071,-0.20063603136104913,-0.11803216044429465,1
0.37360418288833586,-0.08909969785452776,-0.15430176690305974,1
-0.25143398556846086,-0.04927140634455074,-0.04603653489159798,1
-0.1062623097520512,-0.165783576897868,0.3811217568925981,1
-0.23635985569715945,0.016609965021466,0.3878083185522838,1
0.3339483020107239,-0.1944436613582139,0.3705466398018842,1
0.43358790418111237,0.010415841695637695,0.3827983126539122,1
0.3464836875169921,0.06208455138447938,-0.012724470277177602,1
0.29079450252741434,-0.20841152173734145,0.03725841095892868,1
0.10771177865171411,-0.07151102553352895,0.08832873307661204,1
-0.1110558743383867,-0.06633667617917816,0.0963394027574962,1
0.283480716781476,-0.09358941865102421,0.020638030287172482,1
-0.41374107002646926,0.00966830894624593,-0.2757564040801835,1
-0.3362752728960433,0.03945347256379827,-0.2781088368993077,1
-0.27063963014743564,-0.042121616718620025,-0.35602291009060894,1
0.05080715072976627,-0.08045804924863154,-0.15956211894444516,1
-0.43898053820050953,0.11880853241685602,-0.3390673665530542,1
-0.20587163320347307,-0.160327770056971,0.021095139097518603,1
-0.20498901635637146,0.028637899669397004,0.0419142613007657,1