-0.33352246479987246,0.36057613416147927,-0.4479321639963256,1
-0.1748540995803426,0.06462851213564902,-0.08007726016528993,1
-0.013113463437758877,0.23539945655347427,0.10050540611861658,1
-0.14945384871020906,-0.17912180753381302,-0.0006565942786749268,1
-0.4510145426029003,0.1947345213207194,0.02789203940470908,1
-0.29544628727983147,0.11792919502058985,-0.2282781028922023,1
-0.2747285398320205,0.2258761892770469,-0.3808819911942214,1
0.5080721683769718,-0.210665256147607,0.23909498777393945,1
0.12516192632654644,-0.09632563232388014,0.27177811972701016,1
-0.11687710600736345,-0.20402527295235728,0.2340857566980281,1
-0.006190110335437149,0.15286770641143255,0.2926934653019164,1
-0.3782428457770761,-0.05616602821562977,0.03829674151317164,1
-0.20928088745715456,0.22895592015031507,-0.017230991810671753,1
-0.19644401016091662,0.14906010402721004,-0.506747940110261,1
0.31693656873796044,-0.12481237025896813,0.01679678779452992,1
0.04345195929340641,-0.009461751743158248,-0.09324694606743031,1
-0.28317588315814646,0.08951345766027141,0.262658256253967,1