-0.17307300465697853,0.2641874167033098,-0.012901606419447154,1
0.11672169846538188,0.2741270049429376,0.0023169070821768,1
-0.02981281845070167,0.3258203264824061,0.1493940231800898,1
-0.055480541526268745,0.26783624453418775,0.47681986177715246,1
-0.3134247480907257,0.1059384255906122,0.01301853547800863,1
0.2522512182594817,0.16745260588108263,0.0013766178294654097,1
0.03939539806950698,-0.3975223417971354,-0.28944313906481745,1
0.03618161458820332,-0.43094967380963295,-0.0334460159313537,1
0.3483578371709837,-0.1631062294061152,-0.18528797043345147,1
-0.3119821221302075,-0.20521174608448667,-0.19683264484756743,1
-0.04234516574937941,0.07815820315936683,-0.48592532430548824,1
0.008345220670702425,-0.19362908645125643,-0.4720489872302054,1
-0.0020822706924815138,0.41767494070764616,-0.16075331774811508,1
-0.29713297471426614,-0.003189631196985232,0.2485098229367475,1
0.2582930827221761,0.07919244044106877,0.2860480787306985,1