-0.46739306013654675,-0.03403779636728821,-0.12069225748390022,1
0.027004133763452842,0.01672055689045071,-0.24415703604603475,1
0.48491056648987074,0.040559690960145556,-0.06283073309051712,1
0.282892207029026,0.031039190843986653,-0.09626125387538265,1
-0.049515754922422106,0.2774313723633465,0.021613248292838345,1
0.003804816935486066,-0.28018551178801704,0.006068860155281228,1
0.009613174719366735,0.20711249583103283,0.24358830087504968,1
0.18317414392632236,0.1495926290977483,0.242951423866611,1
-0.16305479119351313,0.09076021064187201,0.2420708379076732,1
0.07506408585820168,-0.2182581816213232,0.23753338160481807,1
-0.13764482686164103,-0.124944517896347,0.24290084578173857,1
0.2264361371759644,-0.086116043860549,0.2423798206447758,1
-0.271948696791398,-0.021206339366971028,0.02817272052127029,1
-0.28023452744643307,-0.039857723286562896,0.1288609466445343,1
0.2631779620746036,0.1738485115718702,0.019263283233311834,1
0.25059350609727815,-0.1811450809774543,0.007054782630616763,1
0.33097216251961936,0.013340425025987201,0.11443531015698039,1