0.039425697839279294,0.014871284170348886,-0.3921758544102527,1
0.2696596216801024,-0.03514228865286895,-0.20701236677896362,1
-0.49400678983039437,0.0409264855286251,-0.3505454491553517,1
0.029779068313618623,-0.23301128479296637,0.3795272123923094,1
0.2460401366350911,-0.04220676560164646,0.3795221275120163,1
0.05780999257811531,0.20121110779911464,0.3902307250226958,1
-0.19083000906226444,-0.014792015998175867,0.38733832562528137,1
-0.23457445919911057,0.03319251485005825,0.04692820506311479,1
-0.32543986166835026,0.05981168157366756,0.16603671007338328,1
0.49219554771209406,-0.07301850304919011,-0.0425286003579306,1
0.3094254549077222,-0.0649486293612731,0.23429361113753555,1