-0.005733629722918465,-0.35289123527055755,0.40445399881349453,1
-0.15326300080602806,0.3407560009678834,-0.21484059499533137,1
0.006783468217636646,0.4861230429493546,-0.3920651146350195,1
0.08731326626444869,0.4970299875659583,-0.15999544859940817,1
0.0903619179648103,0.2926098127290506,-0.0977163328614101,1
0.09783367122012476,0.16757324777517524,-0.022171588783340884,1
0.012445163494942402,0.004720678355148111,0.06328037096509725,1
-0.03687908657573702,0.15477530335619397,-0.2815827018735936,1
-0.18455296318056003,0.12663884836863804,-0.14660100724639458,1
0.13586750857846985,0.1301150011401287,-0.24696406642907623,1
0.05885756284714305,0.13049775132174224,-0.27260219340392444,1
0.19584520346549153,0.1312779358150573,-0.19759658707243677,1
0.026149020330750394,-0.13366984552860908,-0.03677060688575984,1