0.41653196409187143,-0.045120590416540374,0.22625797276400514,1
0.08102629383975699,0.26670160063181847,0.4700258163246251,1
-0.10212195972855526,0.34184650574457853,0.4568139880395896,1
-0.2679505403461597,0.2942377040824571,0.36588250368090014,1
-0.4009593237540543,0.18764217352814394,0.16637408333908565,1
0.07580709649549285,0.08120558382663667,0.1336574871073729,1
-0.028104746973202158,0.1027456729507471,0.11228434183931063,1
-0.10734444292779634,0.08033473298690363,0.07381814063013792,1
-0.16299630432546644,0.03900804219282228,0.009898682629697453,1
0.06796854983759415,-0.0724161479389775,-0.3207891870055594,1
0.031067271260615925,-0.19997802580913016,-0.16611901822044217,1
0.2819518975596795,-0.09388357771082778,0.019587493795142796,1