-0.43659610218671285,0.004205747281567973,-0.12197629414606434,1
0.42793230619465006,0.021595137593486413,-0.15356598244967978,1
-0.24959452829880746,0.09206974954719271,0.4768930643226059,1
0.22845978129721534,0.08043651595862,0.48390102640185384,1
-0.00736278189856443,0.15736629755333398,-0.28077538770160737,1
0.008716654137423813,0.11657590692200044,0.004828523079302767,1
-0.00022753053476404217,0.08118160836298605,0.1883441381098384,1
-0.11997022627863729,0.07688293800398194,0.20410809895637883,1
0.12861910500682694,0.07705688854102066,0.22666223487974438,1
-0.16195615960948095,0.08706263340555831,-0.057907292537206195,1
0.15884331603588597,0.08717205165788633,-0.06315850551008764,1
0.19047095818433885,-0.06844953905220863,-0.07212304330737895,1
-0.2094065929387699,-0.06471900404879807,-0.06718676438392651,1
0.0022872397283998647,-0.1205297099504826,-0.1622231230699519,1
-0.007636542345474395,-0.16127487148590847,0.09845687325374602,1
0.10437681561209677,-0.10294378163318518,0.23079939476270434,1
-0.13388475964329327,-0.1019784816311291,0.21879685035172391,1