-0.3053241527482893,-0.156155497861171,-0.40531086562058416,1
-0.4657514413926398,-0.05713641258887581,0.03769392149631923,1
-0.33807447418102266,0.3130057522593068,0.12019163209252937,1
-0.0674894170160818,0.025726810003194878,0.4792357670135776,1
0.31645182915254466,-0.13342250339947892,0.43750526539823564,1
0.47906152505096466,-0.23193119734116308,-0.0831974236221602,1
0.18777628387386747,-0.13698607982693178,-0.49861022914035064,1
0.13811906629429638,0.12342693007461913,-0.3957387801876849,1
-0.0586327158004154,-0.07578560381070043,-0.040068207297673075,1
-0.045942056065675474,-0.1321768434324474,-0.10797524110820361,1
0.001979315034511764,-0.03172323421694179,-0.20004107773857616,1
0.09134351402938123,-0.08397849021086745,-0.16976083019709765,1
0.10712656489100938,-0.1743596348797683,-0.07540206708072554,1
0.09551429680572185,-0.18067245345286354,0.02840444641922496,1
0.02547064726294579,-0.15194223609605112,0.09751407554067291,1
-0.020477260654738618,-0.019632504861288667,0.0656700405922296,1
0.07280377038271713,0.02933496023386639,0.01877130779588493,1