-0.4648081039303271,0.47388861463812404,-0.28712938495724316,1
-0.28302248187554246,0.2655261155133126,-0.0677970124444327,1
-0.11434555211327618,0.08215288284090294,0.05106840519707562,1
0.07941166293967084,-0.06138598865340095,-0.06841530480462943,1
0.17555130647885214,-0.0899169918265447,-0.2610019537221744,1
-0.17400465251522335,0.20028545114544144,-0.25821538569839286,1
0.011130204377080455,0.04136486280630969,-0.2698075046979409,1
-0.3588087091499913,0.40564660337356706,-0.38116175655322343,1
-0.2743838933099014,0.07944691630502021,-0.12096194351969264,1
-0.12618170904867565,0.3013019735384015,-0.10289999993595522,1
-0.1390661375107567,-0.05040278510732654,-0.06833375515041795,1
0.02520970628870331,0.17637337812154752,-0.049030285406574434,1
-0.21878905188049558,-0.061680187565823275,0.34530710756202965,1
0.22174922823044452,-0.40807518400263865,0.22580258085402166,1
0.4200190316411401,-0.19904327161140922,0.26261670223294953,1
-0.031279717383839056,0.15792794325894022,0.3982215843909822,1