-0.19114451484302597,-0.03702470345416673,-0.47228354817753415,1
0.19773386827084677,-0.011998707286797007,-0.4289298699128719,1
0.00487280544864932,-0.08126222732754605,-0.15296025082344267,1
0.22127030175530293,-0.13403288363503219,0.06585192577238574,1
0.2090268210869181,0.1392303900394718,0.1339328057450173,1
-0.21827760784340655,0.15842896534376427,0.1213288666140393,1
-0.2128954547872686,-0.15677596032049496,0.05974454063953971,1
0.003097700811185697,0.08672342852878395,0.04885044051913395,1
-0.20823085181295897,0.08160783240063857,0.4592176520074265,1
-0.18380223191438377,-0.21439628814314582,0.36381120536795075,1
0.18761237779269258,0.08343537180197175,0.47469874173414706,1
0.1956409828216048,-0.1986479496506366,0.3979615609333882,1
0.20067814788714994,-0.07418339271831953,-0.14146349919504153,1
-0.18991300453375382,-0.09791802118436554,-0.15799838448825154,1