0.2180448357442626,-0.04870139659756223,-0.06918887867880397,1
-0.16655116021376104,-0.04574017174434042,-0.06585999399391484,1
0.03150004898965619,0.2500632465186145,0.1744638057860043,1
0.039756608219344125,0.29164867442807335,-0.03347140625978129,1
0.031109755030905795,0.24662204646018976,-0.21608686208302447,1
-0.14198134807348148,0.040395427508417736,0.03310210558752891,1
0.20109471452223002,0.05050949408538791,0.06668801850416484,1
0.029907046422730676,0.020988093370940097,0.3277113367848392,1
-0.10817449749594156,-0.16600454138702023,0.2242281872689041,1
0.05439869555657384,-0.016990036755438392,-0.49018916255656647,1
0.03728666281957149,-0.2796302752391826,-0.11716796011110708,1
0.15132351400934885,-0.16668245296099138,0.2325637119961057,1
-0.35878966788753325,-0.07746648434758363,0.3787321145005308,1
0.3639211809001317,-0.08387772954709893,0.39348061514575483,1
-0.09937048553878625,-0.031086060471582577,-0.43770200209560584,1
0.23563775557872457,-0.037257116942468915,-0.35948824368871335,1
0.19523734657915348,-0.2145211123894155,-0.33009502642054134,1
-0.033760363320870734,-0.2532743761149143,-0.3486728775634276,1