0.49805133294306914,0.0002599771955356378,-0.179697713477057,1
0.35628538227625284,-0.003925250893714871,-0.29324636208486005,1
0.1237539445202811,0.10777021672931608,0.2907672673051406,1
-0.3705732149391956,0.12646477104351916,0.30853744329253796,1
-0.3686888843793912,-0.11561101588762757,0.307540522002109,1
0.1311377727449794,-0.10960862819386108,0.30115838147879903,1
-0.15330607627694612,0.004655053850480803,0.14218770416733406,1
-0.3525630170244286,-0.004272861359894575,0.1427209545784085,1
0.1867346196699734,0.0018796192048767812,0.08973772257959922,1
-0.49739093017054237,-0.0014484221253285856,-0.19016120195208097,1
0.05345644305661201,-0.006381290571181308,-0.23174883871477864,1
-0.23383651950472517,0.002183669782490849,-0.2264837610577154,1
-0.12304303403830016,-0.16542397378353224,-0.021214186404946322,1
-0.15052674850184722,0.17166417597807726,0.008525800509878056,1
0.3128676402827044,0.0030574382226484786,-0.1090023242663356,1
0.13713416152403776,0.12411140615183677,-0.031095654463833555,1
0.12867912057169686,-0.12901150937782258,-0.047904001665716095,1