0.49859606446960214,0.00517465839430864,-0.1584662673809576,1
0.324068459151046,-0.11314523880831251,-0.25489066273258576,1
0.32495140106616016,0.10800120653333423,-0.2537163942840322,1
0.217076036443544,-0.0021950346006966437,-0.23326929855572875,1
0.016312309448270224,-0.009347661125267193,-0.20586326572309765,1
-0.3923365989993355,-0.004353908782535693,-0.23375087162137592,1
0.14537214593564007,-0.10028224757305892,0.2807468160108957,1
0.1402398084093468,0.09170925762555271,0.270315083224417,1
-0.338058133154731,-0.11059202074686203,0.27957596506211324,1
-0.33682812010009744,0.11447888296510195,0.2819076199033205,1
-0.22333261363036216,0.0922923294294602,-0.18947686900197813,1
-0.22494608574661523,-0.09709404960382217,-0.18068404391495835,1
-0.06562808659734082,-0.14611115185183596,-0.0050073569036376275,1
-0.09553583628562179,0.14833158144093223,-0.044744124619824355,1
0.15341171521465707,0.1152833451962465,-0.030911148205073388,1
0.16474792213823503,-0.10662855903541515,-0.029816211778706192,1
0.20445685161245278,0.0033864709904219414,0.07630217975651993,1
0.2943488760734947,0.004632458404642659,-0.0720617745092445,1
-0.29416899797998064,-0.01773715307818291,0.13826814495737727,1
-0.014358824406495163,-0.006356986018732691,0.11299456590146617,1