-0.02706045243908564,-0.009205465451800607,-0.4986156424812676,1
0.27431504089795056,0.004287223060340684,-0.4617853722328401,1
-0.2741825084743248,-0.002726492991503071,-0.4623066621718497,1
-0.026924894910740668,-0.005185872142962511,0.49808376301284113,1
-0.09909211910821929,0.01413203690666931,0.49858584021867636,1
-0.024081264540152254,-0.06860643586848256,0.4979363548152015,1
0.05381769786826445,0.005818236818920242,0.4980217963637622,1
-0.024804997521837194,0.08042972679281069,0.498464497494903,1
0.06398872122914773,0.011593675000651227,-0.04987378045135771,1
-0.11419294125353308,0.011826258766477693,-0.1883540294138637,1
-0.1232588289641684,0.012212988666876312,-0.10130022174450648,1
0.0716384271253745,0.019624774912659793,0.03359483280256165,1
0.2789519351493359,-0.03549357096918637,-0.1366132256771865,1
-0.24132756761055418,-0.04551906184710752,-0.2333356681870289,1
-0.23335445492409512,0.04593042885231975,-0.22439331642757954,1
0.25135623887318775,0.04605710501026716,-0.1482027526680174,1