-0.01600308112597404,0.16086277557782103,-0.27776287383486026,1
-0.06667418383822048,0.15524089386173293,0.06551252141391686,1
0.06894599488632719,0.1668484343953025,0.07257831533730888,1
-0.06762183471751815,0.1669897286787833,0.3492483803947852,1
0.13109282473247053,0.1448741659087296,0.36241265589513333,1
0.005874206272973748,-0.1277022887765209,-0.38599449778771766,1
0.001624933537366785,-0.2017826386878395,-0.06751672534445993,1
0.0018802767767055473,-0.29437396121477744,0.16073265226974257,1
0.012215354131614231,-0.3132602638547658,0.34367753355068187,1
0.19229950635470644,-0.03470651445698836,-0.050618995920457266,1
0.21405184658034093,-0.03937037259965459,0.18704836938897074,1
-0.02668194975642435,-0.050991390934032044,-0.5306863753010456,1
-0.1845482369665261,-0.018498568457813447,-0.04938195110510191,1
-0.1937132811408785,-0.05088254710536555,0.20508779489903783,1
-0.08190847685639069,0.025643033782943858,-0.1281463005155823,1
-0.11722678833294764,0.057873690186418525,-0.24260817595718664,1
0.09761649918548748,0.0759073773010919,-0.24275428371130459,1
0.07578313286491788,0.05866345521659308,-0.13493931574763984,1
0.17761314684728602,-0.20193837237958334,0.22461906525926634,1
-0.1400687799711906,-0.21287256316477077,0.21289905736893777,1
-0.13009713426157776,-0.17096001325939147,0.04008677128846139,1
0.15158778073203472,-0.13158418439479647,0.03607511710920963,1
-0.0724061599888009,-0.12343592163238185,-0.5748152333855672,1
0.06313049376847446,-0.06710548649764014,-0.565574313663352,1