-0.4158428823770226,0.2726919376359651,-0.45496908587337925,1
0.10493744431899499,-0.08193734989571344,-0.43570009451430036,1
0.2698800648690902,-0.258314373256213,0.4859391258904971,1
0.3667491966424188,-0.11094227004284907,0.47537599975678063,1
-0.13229289493266627,0.011552622412259517,0.48335923635435674,1
-0.046933060683888195,0.12999069657617945,0.4790911900486037,1
-0.2229070073569397,0.08254514018604747,-0.15179884553567652,1
-0.31718060901653633,0.20098776148110453,-0.21509905952736352,1
-0.15758799689056913,0.17046386584412998,-0.1313823744291166,1
-0.09435452901540353,0.062222989966967734,-0.34083210691834775,1
0.35840840462491896,-0.20527400627861248,-0.2150835658267578,1
0.09609289478350852,-0.04600900451667189,0.0029932117675627312,1
-0.10376934611027533,0.07454181256477532,-0.008032396546919299,1
-0.0162346892391112,0.07006341124358531,0.24473455088737128,1
-0.058784165946129896,0.01498130097093442,0.25175428215498563,1
0.35345757245489473,-0.27655052236682276,0.1942356646080654,1
0.3872192225530142,-0.20429072463544817,0.20911878840565068,1