-0.22029566918847854,0.03134134245357423,0.46391537125354,1
-0.029023097358908956,-0.17787079898358038,0.45812988518432585,1
0.45623597208349764,0.39010020906797394,-0.004079475300696966,1
0.23876784594409362,-0.40848302511590096,-0.49735183149951556,1
-0.3887540023687492,0.45079437129752753,-0.451055279134287,1
0.02718103980682951,0.13382647171572515,0.2736360345015427,1
0.10687974195910371,0.038061986601984676,0.27878767454605946,1
0.13418692970959367,0.23631892474270452,0.06657904817688964,1
0.19983013354049928,0.11898070586608878,0.11497074839452015,1
0.2663058305928243,0.2718175590630241,0.27201872102226,1
-0.33422998870457954,0.22914363117460623,-0.11306241728512323,1
0.06632838879113923,-0.3182953815695644,-0.15096461084803903,1