0.48912588609769114,0.3445458776971375,-0.09570962515853232,1
0.4975447176456411,-0.2590973223363253,-0.3092449012274612,1
-0.4926296188421436,-0.26516646426635404,-0.3092781882544382,1
-0.49541788483518406,0.3389882406161526,-0.09353349255348675,1
-0.2852273252831128,0.0273236910582067,0.3187202060223253,1
-0.29259753680295697,-0.328768498570105,0.18937380647506963,1
0.2780396735054944,-0.32784064071498553,0.1897112251860058,1
0.27186506687328316,0.03481465839629325,0.32161337083344765,1
0.27678413043530325,0.20177897267830025,-0.0788770265479759,1
-0.31170582600029617,0.18268330502648222,-0.10336664655744654,1
-0.31107060235668993,-0.17469157136664304,-0.22965998094067075,1
0.2885199843919337,-0.19999844909752484,-0.23358609987758144,1
-0.023655877034015615,0.030904564135087687,-0.22252960110263675,1
0.45514267242884515,0.01908355681657259,-0.22683192345607428,1
-0.4667999160656288,0.02764862411648128,-0.22370698776976394,1
0.0035936082740233855,-0.24255946424241215,-0.3218643737909048,1
-0.01895840746773217,0.3171297414470087,-0.11835464563610182,1