-0.3901921357963092,-0.25564442793860875,-0.4873095726413976,1
0.3912913135724194,-0.27525028179813527,-0.4886676284502456,1
0.21265273819098296,0.030135444670928546,-0.24100338367369112,1
-0.20037514258217426,0.012928323627116267,-0.24175883180236601,1
0.039247496652556335,0.3367960494702369,-0.27167087669424883,1
0.02745125937204329,0.29384375996487266,-0.10195445973127176,1
0.11367316614547107,0.09878967582612525,-0.33843160320792043,1
-0.09617480322663496,0.08148729669722377,-0.31970661990969695,1
-0.03951796086932707,0.23681105225897345,-0.2944546074168446,1
0.10164913794939567,0.23025457787524156,-0.28411459290043384,1
-0.09686403645661884,0.08632354188435598,0.24592275917444273,1
0.1361635099945051,0.09395534150684304,0.224273433963305,1
-0.13572993289012736,-0.04094944321845073,0.23351733630636762,1
0.16667226920364975,-0.017822875273190375,0.22873154714375565,1
0.017560438321928468,0.1029314423892671,0.04793919545174158,1
0.012423585070779928,0.019224265559783835,0.2040486844589916,1
-0.14097843249565783,-0.051178465907128046,0.04359825955935326,1
0.15108730730933737,-0.04809401353699988,0.027403168013581503,1
0.02056651247907082,-0.33706304801895404,0.2320408676955268,1
0.02483663544857706,-0.3101615351590083,0.0787260558283368,1
0.024093631882200872,-0.1624079364262617,-0.2028093107722265,1
-0.23590000237444642,-0.3041459625976861,-0.29332729117310485,1
0.28203041231734627,-0.31421292368351317,-0.23819442593553708,1
0.26164207291770025,-0.10652425038062252,-0.3977031380197269,1
-0.27916563448845766,-0.10782052723032187,-0.4141278454633053,1
-0.10860455441476594,0.08324405675044264,0.05766230125408672,1
0.14422164084757083,0.08794291802273574,0.04949950139171422,1