-0.11441984495135205,-0.016016472134342763,-0.4509551468721207,1
0.2153941638697634,-0.013177468757060273,-0.3321658882421176,1
0.19525954856193573,-0.02919998823194181,0.33581944366677724,1
0.19699463396197303,0.11608257324765336,0.3350411652414988,1
0.1760274253711469,-0.02247850547828012,0.4879367317950258,1
0.18103322519038167,0.11641505709031286,0.4810438383376122,1
0.1281840880502012,-0.013876627526707819,-0.46208532946870085,1
-0.1215714701503707,-0.002804084263111073,-0.24169276171736914,1
-0.2570756826249595,0.029629842882524904,0.02410684532748876,1
0.004351896949606804,0.046308470483406916,0.46518580295705436,1
0.009628078195262568,-0.04867866111316066,-0.11414941880526464,1
-0.1365790191763009,-0.011953935060596166,0.08267925240543228,1
-0.003840030511370607,-0.014829010319698854,0.2848361839954197,1
0.036295607033336896,-0.0659023191477216,-0.30647756288927985,1
0.10589504990198173,-0.06496025872664085,0.28244813862561335,1
0.11890865099679804,-0.010107769629018826,-0.13596539721101547,1
0.25614011977525397,-0.012492119172586857,0.06667777868232666,1
-0.13316641865937584,0.06658242145834234,0.11433635334025793,1
0.012120021217623789,0.061467584534896424,-0.10076747721910696,1
0.04348943332738697,0.04017711534894934,-0.29807070063076646,1
-0.011313485739401052,0.08024977304847392,0.29037859683580775,1
-0.17234571688505043,0.043034491115983564,0.32236107254819385,1