-0.4632066788710241,0.08870352532215553,0.05815961167311923,1
-0.24290380024174063,0.050077814598278245,0.02643111309036536,1
-0.17336336248886303,0.03864416307171287,-0.010892488197818767,1
-0.08085921814688923,0.021964915389141804,-0.06785287139876939,1
0.36823237804370856,-0.0553415247059883,-0.1462902713836427,1
0.47637468534870325,-0.06950608021602639,0.05747586669476534,1
0.09260589304489164,0.12607074705753785,0.11487671757873674,1
-0.22455938299024192,0.20109758977195202,0.15202793260354874,1
-0.19367186188402635,-0.16395697823749392,0.13237715598438404,1
0.07939710800532257,-0.172828532106064,0.11941119359178726,1
-0.08716826815744927,0.06076606515486693,-0.2541350252594752,1
-0.254743274349588,-0.07979596621275153,0.23696805888279926,1
-0.04632213946458426,0.05271651900870933,0.25632185958088294,1
-0.42487203768985526,0.07148951563570982,0.20066204630408335,1
0.1785974801285073,-0.1506236256847837,0.2434476271703958,1
0.36701493802813334,0.0284122848371805,0.24400554459026313,1
0.28461492810544065,-0.20183760794952665,-0.06864125491319378,1
0.21027780620403888,0.1467767293271688,-0.07397410143229692,1