0.41578478749775005,0.03486747139068491,-0.28409474992793937,1
0.2602524775108235,-0.019722306795166844,-0.38003382639443406,1
0.27890763402138385,0.060839156511998116,-0.3955418111472422,1
0.194092190180582,-0.11010128476415226,-0.4476052288682834,1
0.10955667713165074,0.13308640051668652,-0.46595265504669126,1
0.1010345383716793,0.1714763344065502,-0.12044532580391087,1
0.22815871288236317,0.16435566483506814,0.0015583606671027983,1
0.182666227894545,-0.12456346402382046,-0.19610841964125986,1
0.20406927381577045,-0.04889585917878836,-0.03590834484972999,1
0.4536207541844748,-0.018776693737102335,0.24148762961089343,1
0.28728293997174115,0.13806958448425344,0.4345685196213119,1
-0.29842361215484736,0.15425622246500104,0.4275237334389641,1
-0.10803686130153523,-0.02137669666917974,0.4344016094046239,1
-0.4608682366629955,0.1092175061273224,0.22275354261179547,1
-0.26986738996145476,0.0021337103756913223,0.3385013453405219,1
-0.41445450393905875,0.15150345494996653,0.3019322591954743,1
-0.3420262933762208,0.06366186878683155,0.0018249277892272708,1
-0.14677232472642848,0.07903990123662563,-0.047591210671226125,1
0.05635624708524893,0.061760676084116256,-0.03887646438462594,1
0.16413609305287236,0.03235037238031602,-0.28370402538837136,1
0.3663022210950629,0.046539411554422594,-0.17668537574340637,1
0.3118285928475427,0.06345926071490982,0.03602156193464373,1
0.2726368170802492,0.06866987805318661,0.11998149356122623,1
0.1639364614509011,0.0752710680602115,0.2105962358500898,1
-0.0009955138021651155,0.07967401641115135,0.19882362677301268,1
-0.1459493884186287,0.07632660307804784,0.13935306530529368,1
-0.021121936812668385,-0.033177132854132874,0.0707390804001728,1
-0.029107979313371724,0.17711057506874264,0.0409350360665614,1