-0.4963624669329212,0.1612440184355961,-0.15614313541960256,1
-0.4304322558272107,-0.028726570037017396,-0.29210878765129966,1
-0.24231703670491989,0.15683918961317955,0.21156328097543797,1
-0.051987942299549283,0.18746971449361338,0.215617706008168,1
0.14713875127762543,0.23155977549375661,0.2647553884706677,1
0.26076441461059097,-0.21188072415982465,-0.03243503206510179,1
0.07839092305006545,-0.2248618975809924,-0.06663072407877635,1
-0.07935365102186598,-0.2806138747736533,-0.0813344265580136,1
0.21223209430875686,0.07373201691496889,0.0780280009205257,1
0.47853376239806966,0.1795361247948386,0.03420275915253823,1
-0.1553336808846867,0.009291495403903394,0.022770089107265523,1
-0.04717150077662985,0.08276280528333804,0.040779402719470226,1
-0.04338929889624077,-0.02000944580208397,-0.02753940635671187,1
0.06801145040425133,0.0004894713949884222,-0.014200162189235921,1
0.15636407932824414,0.03087063063760509,0.0058199635386473325,1
0.1188730021343376,0.10399298466375961,0.062120972964207266,1
0.03384348857244435,0.094885376363806,0.04057571580381747,1