0.4310434099179724,0.09868001300591979,-0.3346305356690358,1
0.2539027128475201,-0.09414753386219675,0.11978624137268876,1
-0.06324286721000427,0.4316146234089987,-0.26031245644148227,1
-0.4394208542877113,0.21699408493557337,-0.3293514156311037,1
-0.21579647198357024,-0.15758379830405334,-0.4893481169762861,1
0.1795194377650428,0.07409915257681732,-0.41262777578764087,1
0.2428776446197179,0.055377078925962664,-0.38002238627293394,1
-0.15940888794814034,-0.41278107314682666,0.30468151549062084,1
0.16841087365731622,-0.1854263991798718,0.3816420590440489,1
-0.12534785602758758,0.06684404485168893,0.49912075615944723,1
-0.3194196442938253,-0.0922613004434849,0.4481908225609581,1