0.06251263063921719,-0.42552083616695935,0.2951076458488353,1
0.1929713045809578,-0.21362476117934737,0.41740915607742846,1
-0.04965442164369921,-0.09031933587561652,0.48867752513938745,1
-0.19792615810692116,-0.30132560656167273,0.36681819339243615,1
-0.06933967536750596,0.42691287451374893,-0.19737106273384292,1
0.29618571280592265,0.22321904184913843,-0.3142756464940296,1
-0.3047128029937478,0.11696164560118683,-0.3763765312232783,1
0.04237624726945599,-0.09197751175113567,-0.4963765487518633,1
0.002095391757938714,0.017683292912361093,-0.08269757047320545,1
0.01434797004609567,-0.10600930409151704,0.04199598378373892,1
0.014292445994821268,-0.2260370274484596,0.27724971103535956,1
-0.019721201345542283,-0.01124068958622415,0.06645583991763165,1
-0.019725739598855097,-0.17089556924294108,0.3097935625028089,1
0.22496789691825533,0.1456440561291718,-0.1861988016515983,1
-0.026521567039242244,0.2790613889487986,-0.09097827211893628,1
-0.2129252235274813,0.030442856927689443,-0.2330171883890766,1
0.03020870026787592,-0.09928774458250533,-0.2888279668614547,1