-0.4764437431748165,-0.24569525560553646,-0.3225940550324925,1
0.49092217877601385,-0.25224685323303464,-0.32216682293765,1
0.4836728816122333,0.3429168804262786,-0.10385834063432176,1
-0.4854026657154723,0.3423800401879343,-0.10479460133737148,1
-0.2773161519674687,0.06477782755277828,0.2963652312443239,1
-0.2436718397256432,0.3392721057387257,-0.07915823486260298,1
0.2778288283839667,0.18641935571059431,-0.03687948110123568,1
0.2862878754098965,0.06055102950806984,0.30676428421367774,1
0.28509009960556586,-0.29749920995996426,0.18070363156247693,1
0.22582653502488803,0.3409364674859391,-0.0830567838784344,1
-0.267926703211014,-0.30026270509470404,0.1774495095816213,1
-0.18547528359335086,0.3389622252375827,-0.07892975298358351,1