-0.402093052442384,0.14887017447973827,0.19886753955888814,1
-0.26834652804278036,0.25430647876838597,0.3920522439724774,1
-0.10330983462916732,0.2968188232364008,0.4812593711179525,1
0.06868774277222611,0.22766151615193397,0.4949838134230795,1
0.37389774159247935,-0.08974048996756778,0.2620326926077232,1
0.2792837765150724,-0.15001165705681774,0.096596302492437,1
0.19892750778443535,-0.08604347720145344,0.11598105034564565,1
0.09469182959327638,0.035650079621097674,0.2568171453778687,1
-0.0069510405410173615,0.059356139621757564,0.24775480011481843,1
-0.09993902674578914,0.06617804246593106,0.2268710966343388,1
-0.18507427410428345,0.036326550146358993,0.15259451391466516,1
-0.22477002021943537,-0.012183364821568787,0.07689143406936205,1
-0.0612147855348506,-0.18752003504864856,-0.16845898870110254,1
0.048297313133005115,-0.19745736150744597,-0.14070152190975893,1
0.14553834644255526,-0.2047561625624139,-0.11151073764059038,1
0.16871570023988602,-0.26080563669115175,-0.2966741279343008,1
-0.06339169954058677,-0.31495141002315497,-0.39699561772570746,1