0.3174292349818776,-0.12784024873195832,0.446581903613784,1
-0.07937393700976345,0.021424972610929238,0.4801768218124369,1
-0.33592958851044297,0.31983228434022193,0.12706484685012276,1
-0.45882857656633574,-0.05432614203657038,0.03933742419823183,1
-0.2770133280353532,-0.13252794646078803,-0.39857252665958987,1
0.14072516890965062,0.12993380273014632,-0.3872690522872206,1
0.20159374224640214,-0.13568786633164898,-0.48239869967548366,1
0.4647024805063997,-0.22376007893566552,-0.07586183808701286,1
0.018030759339488157,-0.0445037599266542,0.09648046537000757,1
0.11250851088667356,-0.008541278430950205,0.0477864161903917,1
-0.010561761692723983,-0.016429569142133504,0.057516089794586236,1
-0.0368430697771546,-0.06985576595256665,-0.029669165176475498,1
-0.0454999706439809,-0.1469407924812776,-0.12591781905653435,1
0.010510113979683877,-0.031799701852450624,-0.16031150573663566,1
0.08516008448528506,-0.08612261800718157,-0.1724488683285551,1
0.1232861234389884,-0.1871959611920499,-0.1043246480124887,1