0.3726901260031419,0.09425529487100404,-0.3008706706742729,1
0.39164811720328097,-0.07638013351691197,-0.2946421814955957,1
0.3206004689494034,0.12819801809317588,-0.2445581597871589,1
0.3999066404281555,0.056814313630579816,-0.2228458987841192,1
0.48525697423883946,0.023453923377732278,-0.15806064132933895,1
0.47349719096141124,0.024172818978686866,-0.13459180486250966,1
0.34488624785647065,0.05899562265828495,-0.1506436168099068,1
0.3459039633416873,0.02742591818698209,-0.1126933058509285,1
0.2036355739371201,0.033244979224341165,0.055999753257853835,1
0.18035689470805422,0.04662927042986159,0.09151361467723781,1
0.12797653608071968,0.05992876622253829,0.10311616427445225,1
0.16265610802401625,0.09054996975156167,0.0183133814676175,1
0.18336594066711254,0.09246643518818709,-0.06262933060564818,1
0.16240372340502635,0.07575972688921667,-0.12861934654576992,1
0.10184952461752314,-0.06548243865707587,0.19782656476337637,1
0.13640957201540121,0.10194393519637368,0.27139391239536587,1
0.14163754104873025,-0.07954423348122464,0.2743599230832951,1
0.06268509124731281,0.10935721855116384,0.03847137103041709,1
0.09832994278714208,0.09501941346449375,0.24400614422397515,1
0.11715422851175275,0.11293737810502569,0.2874522139874796,1
0.05470291962376987,0.0687766911607002,0.10007721549846872,1
-0.2164072868019538,0.0675409780311021,0.11261720169963016,1
-0.26558516783848823,0.04883791091953449,0.15001113354749696,1
-0.2677317730765373,-0.03595629960990418,0.15102103589571178,1
-0.3292536629995294,-0.041666808164621816,0.1483925749432281,1
-0.31279346791340257,0.050202803110097394,0.14406652597586977,1
-0.36735457770328966,-0.08652355454865535,0.1869684395232859,1
-0.36137069928761223,-0.08980653477472189,0.2399444196541199,1
-0.33182262171297244,-0.09433876401137442,0.28615930382447796,1
-0.3832573095426033,-0.08368750740146658,0.2626855068374423,1
-0.3997805500482813,-0.07052808318577797,0.14678993316622352,1
-0.3578061972418387,0.10995162329180941,0.2604862870865753,1
-0.3342237864194632,0.10622613248886692,0.28132987160878553,1
-0.38969438635039877,0.10806224288503175,0.2522218687487323,1
-0.39914559881369016,0.0932512505004226,0.13043332817132564,1
-0.3691105550930849,0.10727310411289026,0.060941751516293996,1
-0.4361539941429577,0.007458925080397527,-0.031170636528626505,1
-0.4881455877747527,0.0163987237933767,0.1338372444362556,1
-0.4196827352915244,0.05751125791242523,0.05478828516325435,1
-0.4646948971788155,0.009892244523523441,0.04828242181459155,1
-0.44200297695328705,0.011282665254879448,-0.1521158647165578,1
-0.4036227179524022,0.05230902988565711,-0.2031369060729821,1
-0.25785474821356974,0.06755972835730295,-0.20089479237168656,1
-0.06999136384103126,0.027949762867721772,-0.1960831618625472,1
0.10982504870002312,0.04374846616012798,-0.1930373931561376,1
0.23755638870032197,0.018180245809558626,-0.23307543067439024,1
-0.0955210709251678,0.07101007800966525,0.12413848539865427,1