-0.43082468727685136,0.2918318259153785,-0.32454945691753445,1
-0.47741281673344305,0.2600538027295154,-0.1779243112350164,1
-0.4253025212058804,0.2401564959856377,-0.16101352254424972,1
-0.3386225534030101,0.21951028695141694,-0.283442997854064,1
-0.24442313145946368,0.09808710749625082,0.009717639337681327,1
-0.1706416538989118,0.18186783152079583,0.047726889439193176,1
-0.15319616083466803,0.1563472855058763,0.20897251587413934,1
-0.1908363326186216,0.17332907402346676,0.4354847137863025,1
-0.1496587951934536,0.16104113446493606,0.4312790115337082,1
-0.12911498551904982,0.14353961615672794,0.3643861610892434,1
-0.07978485663844431,0.14530498216240872,0.05570489110779486,1
-0.2525878177250666,0.05236552426684726,0.43147485967263965,1
-0.21687889127252874,0.04732875342237475,0.22166293594930742,1
-0.4336743617664511,0.28222112194590565,-0.43737248257012706,1
-0.4759742620179569,0.24430782080017766,-0.3935572806872858,1
-0.28297533912406025,0.1479961272115209,-0.44097131299690984,1
-0.08244522866784473,0.07016355162378396,-0.25531353475620006,1
0.21716524176978316,-0.05200154391477518,-0.19656185150594163,1
0.3224398096361286,-0.16994994535954167,-0.18075428557645967,1
0.4432063383487758,-0.2152717213989901,-0.21253323161910997,1
0.45145572173545867,-0.21414432073672818,0.16391285972947234,1
0.3965541347472284,-0.17197480818611455,-0.15598771549436097,1
0.38310958278863483,-0.21424688836921035,-0.14364122704122062,1
0.4038221153842203,-0.08104951479539407,-0.03195280320003102,1
0.3664838716931228,-0.05751901755810729,0.09065190233213488,1
0.39497881559863157,-0.07817608469423498,0.20304797946897785,1
0.39491056062853835,-0.09679158922719888,0.37972336119286537,1
0.3538626722878139,-0.05718336547602415,0.43221550284664206,1
0.3699967931074766,-0.07785421814742566,0.3910827989352462,1
0.3185940341951293,-0.08785181276244791,0.415990118911057,1
0.3649816462968473,-0.08476673406446844,0.2335753404564318,1
0.24792850005227318,0.004985451594298085,0.05856581921088186,1
0.2815913695811343,-0.2495360912906741,0.23387892433450297,1
0.17246104982216814,0.011079660032594862,0.051110632965182784,1
0.31737159295714146,-0.25329542725709464,0.22414107347783796,1
0.3004170046997975,-0.23791104280911712,0.3820590664482686,1
0.23455645958452165,-0.22093443692891857,0.4371289242305434,1
0.2791768917497942,-0.19426486716441316,0.44243764694664955,1
0.061850987002954494,0.06644373293305206,0.06529716885768677,1
-0.05714316332774297,0.1544018825070858,-0.03526481220624228,1
0.1966266485899431,0.04673763323166946,-0.1089879830419615,1