-0.1637907971716781,0.11225258912264924,-0.2781029333752425,1
-0.10098244871550069,0.05156518475421745,-0.4827106946724524,1
-0.01117313168380868,0.14029065062975005,-0.4491621383864766,1
0.0695577187389676,0.18528235752120037,-0.40380520822211646,1
0.186694967122647,0.16192791135700058,-0.2979184412406872,1
0.13346158959770277,0.01105679937081172,-0.21305715753417903,1
0.056560297892923495,-0.027037254137785176,-0.263898756776654,1
-0.035762501715047135,-0.04966324655544746,-0.2781904513517648,1
-0.11732354609942636,0.06897760831644917,-0.10999584547265012,1
-0.04137253773126556,0.029463243191148708,-0.02862787579703882,1
-0.019202052787308466,-0.03286870876160272,-0.08346567855040898,1
0.1875754053885978,0.026796570760623917,-0.09210954376162911,1
0.13860266114348715,-0.010954484535467213,0.1912566078475388,1
0.14098559976294678,-0.0011276203608608926,0.47217003475702213,1
-0.10792069241419966,-0.02042429690849011,0.4806458700549923,1
-0.113297789294873,0.026279529187045347,0.21039386003696925,1
-0.1997727717815948,0.06983413207877487,-0.02151329311699357,1
-0.19578967272363945,0.0781403448022212,-0.19632960773392494,1
-0.01413486609067477,0.04284814431561493,0.09473703947102571,1