-0.07236405070124899,0.33501318049256135,0.3771289489764892,1
-0.00863935818594054,0.4417867716723127,0.22331661486011947,1
-0.05932779706135584,0.40534072992891385,0.2518752804858325,1
0.07154817421027877,0.41843875251666807,0.25842969900983903,1
0.025707943125741213,0.44972095573207505,0.2420294612185679,1
-0.03971578497924769,0.4403369054236495,0.1633375485272125,1
0.07542526846802516,0.45400543096644924,0.17075199872325408,1
0.014069229315914582,0.4860074163177884,0.16906846485078583,1
0.08707263540690399,0.4572447990423714,-0.02605039015837332,1
-0.01585833557089117,0.4680504500868368,-0.05491642500495808,1
-0.04628806813814233,0.4216071658487681,0.011805195970776353,1
-0.13755633654870325,0.4053654502422225,0.009209204846413799,1
0.10320520070759068,0.4088385716506122,0.030871935862353705,1
0.19576911340556208,0.3740185402654472,0.03376346440070044,1
0.2587595018302099,0.15223800275724186,0.11583422410013222,1
0.3261568253270247,0.15400952944642915,0.03120053845659776,1
0.3303238161937664,0.2318125861793614,-0.05789950180906267,1
0.30517822669606515,0.26750738032755944,-0.1291150315673576,1
0.21043487384123125,0.3850168535014512,-0.21750562701914755,1
0.08388672687937695,0.42736415356451374,-0.2801899928636869,1
-0.05517332260884031,0.42967912103186545,-0.28993070135987503,1
-0.16253267622819811,0.3927488206662771,-0.23295468371070516,1
-0.20837564525637345,0.3661330986054484,-0.17978134863975942,1
-0.30738863516355386,0.26093190838097075,-0.11877007485957003,1
-0.3137117644837258,0.20649351553019352,-0.016007171092699113,1
-0.3403222234081056,0.16882050147095937,0.033747392252706176,1
-0.21982841241284395,0.2803739627348638,0.12293746353232482,1
-0.1991114151714819,0.32806322162715873,-0.05107870778584139,1
-0.046292456040726404,0.44073185391127223,-0.1803552389683143,1
0.05863415467193042,0.44852822815367527,-0.18000103227499242,1
0.1524827102866958,0.41052072834362785,-0.16351055943423676,1
0.23857077788316372,0.31847527536430204,-0.06881102851398702,1
0.004862848471850881,0.21686634873040025,-0.4784475406756709,1
-0.06641064475359915,0.21644021575406924,-0.47129873506915343,1
-0.16057636391429475,0.18628119570267718,-0.43997546550450345,1
0.11050234666034969,0.26436136190627707,-0.4385367337734365,1
0.20698530858862652,0.2046072243016566,-0.4130118586852844,1
0.1932587884973668,0.15626847450488948,0.4633863895043338,1
0.19578391134256679,0.30240067107720203,0.2489651209151013,1
0.12585766056081302,0.35207224332471077,0.3494303006522423,1
-0.17954351838531457,0.32001570008770597,0.23862549827202661,1
-0.10922257546477399,0.19150618772159228,0.47411958376011587,1
0.05228398001197179,0.24489870346714765,0.47832427797384636,1