0.4563007332423936,0.37427233604847754,-0.0007844512798103054,1
0.33046363685172153,0.17623520314266394,0.018066632949065298,1
0.2578836719702178,0.30117475474042976,0.03357143127826889,1
0.03764869559182138,0.3778207451102844,-0.22040303878839462,1
-0.37529124213596665,0.4466249994288045,-0.44684432610344416,1
-0.3905641424633952,0.38991316769160633,-0.3709747377822352,1
-0.4420385855264217,0.385119365607574,-0.372802323524826,1
0.05266967340211437,0.25157158259205437,-0.03637393453008264,1
0.23849181128810937,-0.4112070929840499,-0.4969344064872454,1
0.1992849336436464,-0.4136662875071071,-0.42220656160940884,1
0.1649125547492023,-0.45715067884583505,-0.425278218077485,1
0.09630990470348699,0.04101025115847623,0.29940412175181497,1
0.12152635514856591,-0.021949537910473715,0.1879028048615795,1
-0.18426880110682253,0.04006685942513144,0.43749408276440704,1
-0.04335942708402918,-0.1785151788571504,0.45450002573198,1
0.37688103738465806,0.25598917395613796,0.1792523606813088,1
0.12725372730164164,0.054645404539281905,0.3286934848979709,1
0.4031880927137852,0.30361461310972326,-0.017507793515008085,1