-0.4762876431186469,-0.0043268405388143805,0.016977013832619292,1
-0.3107131045340908,0.053368683632958325,0.020932226201910376,1
-0.20772588005177542,-0.043983273861366856,-0.048938326500196055,1
-0.24639427450945028,-0.10154654200381108,-0.19602309074897883,1
0.019822684359929177,-0.2665150988061846,-0.4454548817620658,1
-0.027994794516953136,-0.12380661718338015,-0.23228325246885728,1
0.034011421764181954,-0.03724440681684968,-0.017313939460936206,1
0.01738946251344034,0.022411828292175084,0.08193371395333299,1
-0.02591364480645736,0.12910629704886678,0.189960539832571,1
0.0340450644889545,0.2845973942207318,0.46125531316347645,1
-0.24815600722001624,0.13943191847164216,0.2010793544423184,1
-0.215927812413093,0.03425351368622653,0.08739226458434812,1
0.005621428117044747,-0.1153097892529458,0.14820651890503486,1
0.29329619230273357,-0.05048654873732783,0.08856828614139856,1
0.4671680572770523,-0.023421735216891504,0.12543284814288214,1
0.426755213055253,-0.07774139857984963,0.03492112411077253,1
0.461585422700523,-0.11642386906847957,-0.027362293694478623,1
0.25765740037394724,-0.054710351119442446,0.0406591468493227,1