0.37647473011464105,0.06649995305394829,-0.22732159131121676,1
0.3494569847509459,0.0778903492107943,-0.32728823762441506,1
0.1793666571559318,0.09855004912507392,-0.4518209360107259,1
0.22219975871861153,0.12788889271146076,-0.34742117797850414,1
0.28508912770141326,0.05874141460708726,-0.3924198518579759,1
0.21148564832285455,0.018647681403377137,-0.3556165743513481,1
0.1695722467781361,0.03974778314916527,-0.28982463615944154,1
0.13472200636751785,0.125797194647582,-0.47802507074582845,1
-0.010400766895375224,0.17957965133734446,-0.15740823107892418,1
0.1417097206516113,0.1880162365014133,0.054506105901721336,1
0.14939478116406513,0.14378787534898108,0.17913815216691042,1
0.23182619829578455,0.1741215827243613,0.17729725114579675,1
0.3015758603221883,0.12288147697292107,-0.00525341432877291,1
0.2936042253816892,0.06250096709643649,-0.14058652195631494,1
0.32013317098310057,0.07645610596988539,-0.21940158560605494,1
0.36886689215271534,0.059017586274952016,-0.19347293477133182,1
0.40931165445330236,0.05649628583102895,-0.29169104961397946,1
0.24255255778293572,0.13373787665089987,-0.07863958614911581,1
0.12698942021507242,0.142973189091827,-0.22962622917029207,1
0.4598634128287956,0.027511876211615105,0.2699658135531472,1
0.3779796012817883,0.015680042298540586,0.25851784341547457,1
0.4022139429343664,-0.00480620092692341,0.22215360497937597,1
0.29085666809325805,-0.00785707631099175,0.18172914565432197,1
0.22106093612768601,0.15988341125503314,0.40748274617182983,1
0.27170202716252523,0.1352878347383485,0.4258614042471619,1
0.300918372546669,0.1462391339160004,0.4531158391610435,1
0.27250275452443173,0.20589159760799358,0.4629369103972337,1
0.22354783719816385,0.19003130641889443,0.4683873518538927,1
0.1741786903918488,0.1540732716382851,0.41895591156704953,1
0.14269368101767288,0.1478832445545858,0.22805743252948096,1
0.007075875627348571,0.1354769046948815,0.15895944254685757,1
0.08679788733623933,0.096630724140772,0.2041150850734968,1
-0.10978461518572491,0.1314003447887384,0.11392680109479825,1
-0.18450893129220747,0.0934812585162682,0.12154262154901097,1
-0.22012564782415545,0.18086116618410375,0.16093851918413038,1
-0.27197391893598,0.18103733552630286,0.21844538292958182,1
-0.33359055265928483,0.1633413750625219,0.25824762085959496,1
-0.3753606856349898,0.15527817508914432,0.33038930667454736,1
-0.3330929241557291,0.15792474688502822,0.42774317229035497,1
-0.29922285223269296,0.16225625360632034,0.42532010940422493,1
-0.2730089265972018,0.14900355397068,0.4583107107734268,1
-0.3036502232913092,0.1983732748767395,0.4660744357600437,1
-0.35428012832577904,0.20007745293285506,0.4648982689783192,1
-0.40438999736899595,0.15761500505974224,0.39038888098327273,1
-0.4532192946392024,0.1293107431907441,0.3275188353357008,1
-0.3899111293772852,0.13912049475419486,0.23020191168701198,1
-0.3577588568562864,0.1568751870010774,0.10985023161849283,1
-0.33618090316634697,0.15189700989667076,0.02929554171086357,1
-0.39955488624044677,0.11718161925441706,0.04587392335063045,1
-0.43434204268087473,0.11046281683383297,-0.030573924715374345,1
-0.4735255481206829,0.09311965900948027,0.016544518237345596,1
-0.4628513973182309,0.09963407111273814,0.1294864588676501,1
-0.4367585778993124,0.10674085538268518,0.18949167327343852,1
-0.4683006280929717,0.10548727923678469,0.2661483684461897,1
-0.4566688580401622,0.12156207899832139,0.30291498149217644,1
-0.3376188410908379,0.08689392375944044,-0.0032647297521545826,1
-0.25534089640074753,0.1004538451167537,-0.048546684027997666,1
-0.0990454167642393,0.06635164189534559,-0.04028889867471863,1
-0.010987491883914208,0.1923341866902164,-0.08102041046283072,1
0.05254704299381405,0.197598115629744,0.006655527982629528,1
-0.15432714827609714,0.017703790946335007,0.26381708122212366,1
-0.19137283699194169,0.011959053262506902,0.3296751839814907,1
-0.17487507424290716,0.0068186447821364515,0.40558476409530075,1
-0.09783687137184915,-0.0012331127067195524,0.43641970732979174,1
-0.10867854020927248,0.03364563421187783,0.47420598468532105,1
-0.17329897397553973,0.005143020796763542,0.47688149483824804,1
-0.27459107460262056,0.0018257786755183636,0.3515485854029362,1