0.03529268162398663,0.2989754931206484,-0.01538786956099747,1
0.00830452174845231,0.23134187192021394,-0.13187673805044398,1
0.07455254887916474,0.23099773340699548,-0.13796004978165569,1
0.1456021061037152,0.21726350277287598,-0.1050954480811947,1
-0.05911842457191002,0.20789582107238938,-0.10872757649888642,1
-0.10013030962346048,0.20023774510763503,-0.13291395937688397,1
0.14875386050766004,0.22425673525541523,-0.14348090685894074,1
-0.19485745712034944,-0.04780721773345907,-0.1316690577954701,1
-0.1560760662636847,-0.001541865462017393,-0.0011319329815378636,1
-0.1571007724430965,0.10808084617405235,-0.13159795900331336,1
-0.21137427329824632,0.03134328429541569,-0.2378621771225461,1
-0.2130999264432779,0.03561758309236101,-0.2912667801912647,1
-0.14275275332621562,0.13016659276711978,-0.2896596940891024,1
-0.12951748405410934,0.1442175677095722,-0.37461278761151595,1
-0.07504726460712852,0.17332285001237652,-0.33518284938731846,1
-0.010029305692685675,0.2814687961100416,-0.2797092130080577,1
0.020672554274642208,0.27705288409681084,-0.25213589518593243,1
0.07883683564517696,0.24858280424735266,-0.30404295629503,1
0.10761974991461476,0.2389866567527445,-0.28211703577510894,1
0.15025912936880959,0.21257220560561038,-0.2953650728143018,1
0.20820930455097564,0.19787411648029055,-0.27049770013779717,1
0.23612521383801532,0.11762399830612158,-0.23060643100348482,1
0.23524842271700275,0.07152496517916135,-0.16155685072589177,1
0.2130721358102451,0.09495910061109866,-0.35991093091785076,1
0.14615334718329842,0.13673030970445152,-0.4250762348036851,1
0.06262138259208061,0.1235316768759194,-0.4773553359817108,1
-0.016078903151899304,0.1792072403028908,-0.4749733817078273,1
-0.07227948837961562,0.11226322273557623,-0.4738077926253471,1
-0.1080659912290205,0.23855332095065837,-0.43727901272847447,1
-0.07032660133361346,0.048869820226014965,0.37520814975979044,1
-0.28211144243909164,-0.117033543847019,0.35818961714577296,1
-0.4318739328800099,-0.12428965208450696,0.4236189182912566,1
0.38842765211365116,-0.09730337570858852,0.40326692799103736,1
0.21694680803828748,-0.05586250689618575,0.372388955543432,1
0.16564372628572177,-0.04076851715798914,0.2222879109337978,1
0.031247731230394038,0.24337993415470943,0.18355278975335337,1
-0.12027525567376524,-0.06156653274825707,0.13796117161113486,1
0.03766576785931697,0.2729418504134848,0.10188312595958915,1
0.03921708945286284,0.27152867570099654,0.06805355023245319,1
-0.006394280981753209,0.25333820326995143,0.060544044026503666,1
0.08442744951329656,0.2521443674233025,0.06447097072156419,1
0.42114065280351376,-0.015039875253599108,0.4802410707990498,1
0.09789245749661268,0.16842048707803742,0.4935873901175157,1
-0.1507276418450476,0.14883865594695225,0.49646442935638774,1
-0.41335224480998745,0.018745541528262216,0.49148537135441434,1