-0.13260315252784804,0.1812224964007758,-0.4846745951140558,1
-0.07403876927042105,0.14955938472541064,-0.39132412000723904,1
0.14238180091879613,0.19116725328447548,-0.4828108220379359,1
0.07658133441794143,0.15137555320518525,-0.39195242846258727,1
-0.0006631166538106914,0.25906132471927856,-0.2863781408126046,1
-0.046077753959755,0.2169019713583864,-0.3185536055972633,1
0.028906511506678334,0.2220703628439591,-0.32878461899091255,1
-0.0005162658708470769,0.22441915727238915,-0.20781159598469612,1
-0.055359298162322435,0.20843397578186457,-0.25725963714876154,1
0.028753468693652806,0.2881984235046009,-0.23898962846189187,1
0.1772599913154912,0.04114696214747804,-0.290165667171168,1
0.11879594336326238,0.07967937851619755,-0.32652394363026255,1
0.2514498561360665,0.09613946920403293,-0.27686046831555533,1
0.2941841085041303,0.0992038529104966,-0.19421674329797034,1
0.39096219656978615,0.21304725596900886,-0.24875495231471828,1
0.3268500836077025,0.22409564031227625,-0.3222853903638245,1
0.34242330675917193,0.29172435891798854,-0.3868055501200369,1
0.3546747171892205,0.33514025981348894,-0.3391747509549003,1
0.36603785909163444,0.3180053076074696,-0.30184444736116656,1
0.3814125692821235,0.349377332351013,-0.2633156855849521,1
0.174609004371149,0.02963951283387667,-0.1685635864493271,1
0.03284589263843524,0.08771640836997163,-0.17585639176469134,1
0.03306780326662068,0.06838380948630485,-0.10223214971056785,1
0.11922761774152774,0.08244613027780678,-0.23951282633156107,1
-0.0906673658477414,0.08223442271253656,-0.20757892125715496,1
-0.03625565361305472,0.09439046286355689,-0.1642618929536788,1
-0.025567909724133475,0.07429405341674525,-0.10375171979937195,1
-0.09609637005554594,0.03522874485273553,-0.08835402472968104,1
-0.1392124704327623,0.03628786521183203,-0.15414546259629688,1
-0.2914374906298478,0.0782706044109105,-0.18523617820861682,1
-0.24640080155351557,0.06583010047880311,-0.23832671250366302,1
-0.08817305454341831,0.11955234313863805,-0.325644807050208,1
-0.3237580340126943,0.15231477948360883,-0.33678140086108727,1
-0.38757284058274166,0.17026713829030093,-0.2841618430802785,1
-0.3917348428077927,0.26973065830218523,-0.3411403087439233,1
-0.357526753087932,0.22850021850501,-0.3868515026417564,1
-0.3263209001033087,0.2075345617567237,-0.44145636715895953,1
-0.0007508837884963211,0.01111362084205534,0.0750689657978989,1
-0.03865110587408396,0.033948249039895406,-0.03930501635171174,1
0.059554400141606935,0.02799565923710806,-0.040596085024132755,1
-0.12842228281344847,-0.03269444104979036,0.014629135064389315,1
0.13279814472152476,-0.02903683608732055,0.001864564876779648,1
0.023284170962722506,-0.3374954219023374,0.1905369227089066,1
-0.1196109304656311,-0.036830710416022594,0.24332961418147478,1
-0.21718819749210416,-0.003128617775540743,0.2502323193754554,1
-0.21255733658119214,-0.007672339467041933,0.2082029419011077,1
-0.09201136298962498,-0.06574329507948007,0.31887557969337266,1
-0.11439620061316857,-0.0994538590061178,0.40289016429352453,1
-0.19026009812350764,-0.06672721898875356,0.3595052046914882,1
-0.18328381578895803,-0.10148325513233969,0.42622498661274755,1
-0.2576100894066058,-0.04061094347672878,0.49014821425343347,1
-0.22203315932249224,0.008589940663736861,0.48765180014215664,1
-0.15547885773464354,-0.00011850650817102348,0.47399767881276844,1
0.31709257587551065,0.024008376898794204,0.4777037159335905,1
0.27790048075893314,0.05508742186079996,0.48768289013920213,1
0.16008690152414087,-0.10841588612011899,0.47090834882228927,1
0.25347367207739435,-0.06534334220997584,0.4195216478445123,1
0.16668094786855597,-0.09355639085757206,0.4261452568637829,1
0.16358813396648594,-0.05141406696391862,0.2440670877617458,1
0.2568124789726254,0.017438607749434842,0.19206990837885426,1
0.06593472591709382,-0.0266762608488727,0.09837574625001853,1