-0.002669034794739752,0.03393825047400725,-0.46610020287178755,1
0.01875617908764869,0.004949866361717549,0.008072870889555897,1
-0.03221554680043349,-0.0055970554693428876,0.02393977316888434,1
-0.1278185537369411,0.06578006282939214,0.045663543284926694,1
0.1324015602659276,0.04656829305520643,0.039279249141729644,1
0.013851264171715671,0.1378652174950627,0.042041502731467936,1
-0.06028495721986016,0.049479944149217636,0.12623373879885358,1
0.07290545407908627,0.03085555179941088,0.12347696553840207,1
0.05505328054203401,0.07664729694188754,0.23933411697752233,1
-0.02807159072565507,0.08800983975492882,0.2362209676814076,1
0.04573781977644198,0.1415831444123246,0.42837817866499256,1
0.12951285620682929,0.08747517191948373,0.45674077864289275,1
-0.05609298838120147,0.13584223555683866,0.4618171431464267,1
-0.0011747578456485774,0.133314288892241,0.42865512659317456,1
-0.1613334120491112,0.01606791937735408,0.46633442362262545,1
0.16378592682533738,0.056843187018891406,0.4531371567793664,1
-0.006693051024949659,0.16241133385751855,0.4650451204811003,1
0.09569923877190367,0.13781506146432482,0.4743058108226734,1