-0.2489638576373401,0.0034685154341370095,-0.45438109976377883,1
0.25720024137001385,0.004750875548606759,-0.4505395834752123,1
0.19185337511181458,-0.05525196093418708,-0.30210548261427994,1
-0.17892880454710092,-0.05966487553434155,-0.3104465681363441,1
-0.2347991973936303,-0.043503977673518934,-0.2982622069001464,1
0.24786508205133215,-0.031154443819548627,-0.31413205912950837,1
-0.2193651707047885,-0.12132606164965337,-0.11461437123208196,1
-0.1761854160734458,-0.1353483780337105,-0.12059894923940984,1
0.18986623558254623,-0.130383047781765,-0.13495408650148544,1
0.2263288458311174,-0.12127665902404744,-0.10548592113324284,1
0.26167489978095254,0.2980613817269167,0.03679882495893816,1
-0.2668945869546506,0.296584434390017,0.04106100717084982,1
-0.237645627494675,0.22581631019324513,0.011861570544167699,1
0.2389410316131957,0.23366691735459805,0.012398967378696613,1
-0.17724946892817556,0.32920175544725916,0.07314573141757086,1
0.21006038440721383,0.3230990048598822,0.07004992966293289,1
-0.1904641742227886,-0.321248295042854,0.3123935532301354,1
-0.16661294609410618,-0.03100284071988957,-0.023732301733006222,1
-0.20954506881331358,0.06555760379886333,0.4788975305569385,1
0.2082325430442764,0.09014397563264942,0.472429375295945,1
0.22515380812262542,-0.31159365614532275,0.2934233614557509,1
0.21934980936451204,-0.22352984827383715,-0.12467114931575884,1
0.2483243625704542,0.24522712374670452,0.07039404633500679,1
0.2330123613618889,-0.1564945246015911,-0.06442620769616521,1
-0.025366203460798653,-0.18040747279297192,-0.09998441299613162,1
-0.21000216419549173,-0.24410441902136754,-0.11781528099860428,1
-0.22096294219887988,-0.2155077496549494,-0.06636700922059058,1
-0.22082975617377265,-0.33439817693567575,0.3022655155392986,1
0.19128193623558443,-0.3320910343406392,0.2905057780798132,1
-0.22551698790377656,0.197946659412501,0.04902321663124817,1
0.1936453350658187,0.22652394191887115,0.06443551606548414,1
0.012832381605107579,-0.14481210981629222,-0.33601292214391654,1