-0.35110196987686937,0.47223981651658553,-0.3051837688112564,1
-0.4519773589388043,0.4798223197296765,-0.29314406651806246,1
-0.47198459910890955,0.4548471256166704,-0.20462278197979455,1
-0.2871962756465969,0.4206529577809308,-0.236591410096052,1
-0.2846045627580911,0.4179154062546111,-0.37160743757605386,1
-0.3714523386313573,0.3287127623403532,-0.4145055735511649,1
-0.17405335745430195,0.2979906169924624,-0.2519393771554366,1
0.12332145754584034,-0.014977989916311163,-0.27997496488356133,1
0.26514764279270553,-0.14497442371856106,-0.3726836618909122,1
0.174854319672186,-0.02198921979421975,-0.2647215038076775,1
0.3426397396532143,-0.12808369468219327,-0.0523776860239166,1
0.2697440585839379,-0.027739402288498832,-0.1821030253007817,1
0.3896171524317681,-0.1642584317800817,-0.03745932016783099,1
0.4741690246661172,-0.22901531943225883,0.15899069959606404,1
0.49665225402896074,-0.25079015818843553,0.23555299138208802,1
0.4546122946585004,-0.18580550313607436,0.28127864500993277,1
0.3974015711522752,-0.1992970927485478,0.27724592221024136,1
0.4219745946743889,-0.23582188975428942,0.20590538546124448,1
0.3554857722761613,-0.1326412354586204,0.019514238954529264,1
0.2986519277174633,-0.46078432824421145,0.18555897041367775,1
0.26483777262552977,-0.38741534505917397,0.24820314534917332,1
0.21036214307847612,-0.41059743144447325,0.2425233748356277,1
0.25744519187679327,-0.41436556723135864,0.18881488100890476,1
0.26604677772675656,-0.08348869705261658,-0.007356517952772753,1
0.15744352431930186,0.01598645561588885,-0.14115695469898154,1
0.10277071062542864,0.08707560918822066,-0.09244633130077806,1
0.008446581808274178,0.21608230445024862,0.022130107235570184,1
0.04150765363959241,0.10638910625490805,0.26984515155980193,1
0.06299386758197745,0.10839558655689885,0.35797517088227826,1
0.013728781684175129,0.17243957190174264,0.4207912143065615,1
-0.02462926523481812,0.16076500638304614,0.4149391466899037,1
-0.0013133505829201475,0.1339993005366351,0.3368734595879952,1
-0.08933964759492286,0.24466288463246588,0.0784186704409724,1
-0.18240080567081796,0.27608861910131477,0.010214791619172159,1
-0.1267770464677358,0.20812351396979611,0.08767138447983891,1
-0.17802554054734432,-0.06268738982294986,0.3119472022190731,1
-0.21686561018356543,-0.049343542746140834,0.3741859869486101,1
-0.17289565415195207,-0.030469096193999512,0.38633788071988057,1
-0.13371953710048645,-0.08666830617479881,0.3306246439365734,1
-0.1279923552875779,-0.06639601736645395,0.27537293243868244,1
-0.3030105677417496,0.2525733130050758,-0.08624116835428386,1
-0.22427027195306115,0.2655886706372581,0.03289907423889571,1
-0.07205447143100852,0.27788107395551254,-0.017880114208955078,1
-0.25090941382451115,0.3554894864520344,-0.19861885438846305,1
0.0023879885182893634,0.22539631709455685,-0.1034760375591609,1
-0.060874867111327946,0.1574163236159396,-0.2201215077040165,1