-0.14940822534377912,-0.008563933861037598,-0.4835376429277331,1
-0.022466009539217215,0.029143971972177427,-0.46285479669400775,1
0.13080335453506794,0.002958522560691401,-0.47144533351682677,1
0.12340619624657295,0.025257268142619305,-0.4131593481229694,1
-0.1304737754501014,0.018939363902388484,-0.4245487464653061,1
-0.1752249437174758,0.011375790653436635,-0.36542269725360177,1
-0.007874082147869776,0.14888332250944541,-0.3008794317331092,1
-0.0036021105327956604,0.11463247759937989,-0.17905098887215556,1
-0.0773563938079632,0.11268288963268613,-0.22832612619045373,1
0.0661880533410622,0.11044860115992505,-0.23055972497232285,1
0.0669163106083345,0.11040047675023601,-0.28246420046989823,1
-0.06658783569011828,0.11426576364851293,-0.29892249682222327,1
0.033114269171440336,0.10689867245541995,-0.1823619923938645,1
-0.052076646449179614,0.11298059798189586,-0.1893429681246448,1
-0.15128068760373092,0.00044532411503217517,-0.18705615383415586,1
0.13255407356202073,0.011042038355587369,-0.16637900062737376,1
0.3799801784420675,0.05409050652245573,-0.18527661996241016,1
0.4132852733443596,0.06884339706390086,-0.12337340074544416,1
0.4009878606408176,0.04946387940666108,-0.059356536633467516,1
0.1853827130789661,0.053728890785343444,0.008329812596220142,1
-0.2019315420226941,0.03792672069993806,0.01195936149631141,1
-0.41527361469357504,0.06164049183668108,-0.08815853775156751,1
-0.4209168643706284,0.057918538780974194,-0.14730489209553294,1
-0.3698030663482044,0.040735152950028386,-0.1903480548306059,1
-0.13857626284951585,0.027633771500428228,-0.15848594907383093,1
0.04840287022491174,0.11269206848198476,0.08226179070192956,1
-0.014867466636963408,0.058283918394608315,0.21622074192870194,1
-0.19934107664119255,0.11027694827660595,0.45934953313634574,1
-0.2769200756833461,0.10840063283859536,0.4503734340768808,1
-0.31698826384481227,0.06990509611269902,0.3891312482459366,1
-0.1807115619041334,0.03824290544410158,0.13352366951922004,1
0.1474801191315061,0.06532529020678557,0.1587597327525188,1
0.28228700197524403,0.09151097687809973,0.41828932725740997,1
0.15524244271450507,0.09754762585046217,0.4660806893369671,1
0.23149513303428756,0.1041851119644952,0.4671593499342187,1