-0.29722578875684835,0.2582922359067017,-0.467995122590094,1
-0.4244601752501578,0.2940748814824228,-0.4033378877611422,1
-0.19390610568076605,0.21204579146506264,-0.4807817330682955,1
-0.25033808342886643,0.10913495674077156,-0.4844755262061702,1
-0.2735857579291734,0.24460945319497318,-0.3986570982928972,1
-0.19176912619748387,0.13697184067558954,-0.23886502214741379,1
-0.07533977650146728,0.05901350530947169,-0.34854619063151765,1
-0.0036780733549215405,0.016107101909265537,-0.3467169398772209,1
0.12918023558863762,-0.04136649407057558,-0.4354315247001195,1
0.2139357360638326,-0.10208713332283414,-0.3357722118678801,1
0.3475761386883645,-0.14137825585692188,-0.234063249964094,1
0.24607913773394674,-0.022262153880515445,-0.11721674003567961,1
0.20776049149444198,-0.206016417701251,-0.008238610734079777,1
0.3907734503578961,-0.1750576018751553,0.1691763943986342,1
0.35464468056772214,-0.2520398345471846,0.1999868200213626,1
0.23378555278240576,-0.2798652221943254,0.4844586667245264,1
0.24365263120736413,-0.2228736252879615,0.48630619652645224,1
0.2640027169137853,-0.27795707629396005,0.47665730444982424,1
0.33067064583947947,-0.09718875118073855,0.4864581934648913,1
0.36587588507670166,-0.07359241239289593,0.4828506576313705,1
0.3634577674434949,-0.11508832410786463,0.474895406476888,1
0.4063312733406479,-0.12784078980962654,0.4720008236870985,1
0.32747884604897326,-0.2540399749854303,0.46926759485995917,1
0.42234810317873506,-0.18869939672691594,0.17744018482992452,1
0.3832242859836758,-0.11339422457148052,-0.10826245402827217,1
-0.018937848138005253,0.0690303571996877,0.2509021181272103,1
-0.05926226142253466,0.013736177054851861,0.2509262898859028,1
-0.12125716105845818,0.02017618418450695,0.022605408689694184,1
-0.1536941052461459,-0.004087086112899874,0.4872734546540619,1
-0.1458728477890937,0.043356891155335475,0.48682142306320797,1
-0.13111040612511216,-0.00021186806656592339,0.4845476924593799,1
-0.075731176102521,0.14092781586121794,0.48577680633446774,1
-0.048124832001648854,0.16490185209978114,0.48227359082580545,1
-0.05240956051193413,0.1272628504776765,0.4793152989054389,1
-0.0001458180964037381,0.114540791863314,0.4786063157177753,1
-0.0001550283579910272,0.10274190629391905,0.41897835795698046,1
0.013146417622143185,0.11465953990387051,-0.030549950842061906,1
0.14044350315862036,0.052221427640990914,-0.039116650903172845,1
0.034152958835801384,0.12819281765351842,-0.16422570814400056,1
-0.03536046330940734,0.13663003966032328,-0.26206330640773867,1
0.22353576830996214,0.020657785280994823,-0.2080571643126583,1
-0.30103300034181757,0.21702455001486864,-0.21014850838676802,1
-0.32157835465496154,0.22188420447194135,-0.3887109351894058,1
-0.1447312969548622,0.14167693043549634,-0.08354995348091754,1