-0.4852412040120608,0.0011926363378237381,0.0023807225943885957,1
-0.3348984122853887,0.0009854331909929792,-0.09166791638395133,1
-0.005015935532878046,0.028603202140410344,-0.14027176956389348,1
0.07868433656168727,0.05717289705258932,-0.15417348834272593,1
0.10393401021569088,0.07298647255378854,-0.09953480717006072,1
0.3023754831794463,0.1303905418148006,-0.06086354544295719,1
0.47335085855528847,0.14920005667475889,-0.13343963086596666,1
0.4468075227022766,0.14957295367015866,-0.019984187968295236,1
0.4739877820519412,0.14848844244685938,0.12060603460957733,1
0.2759276117669773,0.13167366626462182,0.037872549913335024,1
0.16793333864290083,0.09139476264306112,0.12146152417104217,1
0.057105678437930185,0.0656043062863344,0.10620441733130664,1
-0.01962024924515049,0.06367221478860696,0.14671437579850335,1
-0.14087185547262937,0.1259295312355122,0.12265308356729376,1
-0.17598840326895687,0.07226578058325062,0.0874673513291837,1
-0.21433040634021971,0.02062398874452387,0.11757128143143614,1