0.02081391335221805,0.02541119365841346,-0.44036259722862836,1
-0.017927194667383906,0.021480393523108432,-0.44159792288943056,1
-0.023377090786686705,0.015936050275346586,-0.4864740268861798,1
0.018846057450124354,0.03294851860109732,-0.4785653771758786,1
0.002488265404486878,0.035269083050662536,-0.39131687794189907,1
0.04656416814513986,-0.024936152145437707,-0.4240818608537915,1
-0.031316995824787974,-0.030655546713052817,-0.4215425532961953,1
-0.02339656145394098,-0.03402496571104657,-0.35146626742602294,1
0.04472715810014605,-0.025515685479864325,-0.36032932500395776,1
0.15576885242023017,-0.017637310278251994,-0.2571745377040956,1
0.2078493745268003,-0.0073667509435823494,-0.16513405549810706,1
0.27331163867637115,0.02162910828160259,0.00977781662094758,1
0.18379264869689066,-0.0014396477162696708,-0.13008756988857217,1
0.09137871307213263,0.020932884325580603,-0.25442227852511895,1
0.06810824837640178,0.046662501135696144,-0.21727960976788943,1
-0.04457923613835452,0.02994092123742581,-0.21407339087636573,1
-0.06227760109374891,0.0024227911133692936,-0.26694514580807055,1
-0.11063296466147599,-0.025485816912911075,-0.2666329905596758,1
-0.1499795781281466,-0.01238947919070621,-0.17289142246009215,1
-0.2393257372177508,0.0034261467048931626,0.011886700299581929,1
-0.13463142544963208,-0.007877285419922275,-0.15304202346687723,1
-0.04720377961957861,0.016880970621979796,-0.14026160198010687,1
0.07771379057543049,0.02355464868240842,-0.14040331888850144,1
0.017790064863911853,0.027894273884249365,-0.02793905757465695,1
-0.06061059649889017,-0.00876617421584186,0.18309414047517186,1
0.08561165459889775,0.004718341718409902,0.18168406712297983,1
0.1355868844005571,0.07404062358535812,0.46647523153827924,1
-0.08554022358348295,0.08483387325137448,0.4692218801189616,1
-0.09965467297451613,-0.021282037555323985,0.4294053686159172,1
0.09650755490645146,-0.014601757580203767,0.4290446304489627,1
0.11786994004191764,-0.007203070847492832,0.4192427433826345,1
-0.061488589683004524,-0.019896156897446282,0.42121715371509105,1
-0.08563868050317432,-0.017825379418900708,-0.015802695136594415,1
0.10470914533078082,0.01878659435765248,-0.02197348892138904,1
0.01339523828130551,0.003719880242923343,-0.32318124883425614,1