-0.383945060011345,0.13662024383331506,0.3078828547650934,1
-0.45333887295950476,0.09315201253634386,0.13956908797366552,1
-0.36364840669949555,0.061389736449321775,0.15509076381811587,1
-0.31093954536771873,0.052455265494816716,0.15486593631974893,1
-0.3312661485692374,0.05882149950986637,0.13849402560067803,1
-0.26882836456653825,0.0484357710722742,0.1234283733162434,1
-0.1543473463851941,0.08096308386119244,0.1321803318733588,1
-0.02775260514540181,0.047405851298458646,0.10560997250465877,1
0.03417170950992962,0.08385802068428294,0.0946874160375315,1
0.09369820987495311,-0.07515429382749184,0.30678847505609197,1
0.10733386729304253,0.12229937868889151,0.30396186544729376,1
0.09093274077305231,0.08936472227621894,0.21786064771563657,1
0.11523654358849167,0.11075075391006806,0.037036059509747477,1
0.1495795755448623,0.04665897944480846,0.10713208348681802,1
0.11970751215072356,0.05084564192575586,0.10910449869885938,1
0.18726737772510932,0.04014928945434593,0.039347254017239805,1
0.3131810474623392,0.02813772384325358,-0.1139421559145608,1
0.47154568179987,0.036009170052648254,-0.16092839053491137,1
0.3911380629947938,0.06088968996719912,-0.23208677133810313,1
0.3068109906371143,0.13194968720271255,-0.27349917444096883,1
0.3701500413265324,0.09882684239347461,-0.31753524439888836,1
0.15216326485917256,0.06845568162219418,-0.14464086683535632,1
0.05315958012378651,0.018029580998769945,-0.22500838072765345,1
0.20329524052467451,0.012118075654090288,-0.2418238951324937,1
-0.41114924551292353,0.01405252807323698,-0.24169292186668628,1
-0.49154019648272695,0.009467493230980284,-0.17909465090601107,1
-0.4320753322363129,0.09144341282901558,0.050455661275392194,1
-0.46899139267446605,0.0571386304034934,0.066770380501462,1
-0.4623048646286639,0.04344521869162274,-0.04159280052164316,1
-0.315210501942639,0.09913886511017203,0.05248798794057763,1
-0.405281188417446,0.10154630134775045,0.1603207445184507,1
-0.3795771192282722,-0.09506658983945093,0.3006422678119892,1
-0.2326440316895087,0.11538889147751397,0.09105433368167712,1