-0.4747239467186588,0.22841530789860462,-0.20838585527108222,1
-0.3853876441322887,0.1474183525536779,-0.3165280124885932,1
-0.34499270998892795,0.049508748355291246,-0.23402844806370648,1
-0.36588030655870496,0.10855425192711082,-0.40659866001845435,1
-0.4532869424328031,0.0516322873186608,-0.4051006438061142,1
-0.4187117456319347,0.08367666060470833,-0.3809973531502031,1
-0.45697025273715397,0.11669508876324221,-0.33015798655476214,1
-0.3007274688766676,-0.004691965140857492,-0.368697982379131,1
-0.13973360076154892,-0.04355529653053859,-0.2360218952744202,1
0.041526899877650986,-0.03382893947585284,-0.1510247147242323,1
0.22626044915065927,-0.008023600029499728,-0.19030592016511028,1
0.40120992260481864,-0.001001194304082062,-0.03792568906209673,1
0.4024404440385982,0.01381146452985741,0.07040433732358142,1
0.4466819447899772,0.019532562792845966,0.1273193394671326,1
0.4851309002887753,0.030067331990387004,0.32626690099186595,1
0.4805789007156825,0.028618253064933707,0.39203250662646916,1
0.43696649685119104,0.039415174790188134,0.39406733061814503,1
0.44674959489439925,0.022386000824024435,0.33880528525670783,1
0.3879814056905214,0.029225752207999264,0.14842708684493644,1
0.3019212563920963,0.046592166279450266,0.032081473482549416,1
0.22155131034109213,0.03668744229694066,-0.005004886327596686,1
0.21625232742464953,0.045902714515462496,-0.03551095186723208,1
0.38056685961895753,0.017032209917928295,-0.07769072324095383,1
0.3424462946357145,0.06302618216023537,0.0009654882700811385,1
0.29155198336024374,-0.15646977425690137,0.14709608691956433,1
0.35556121806173346,-0.15915388059502394,0.16780306815497115,1
0.38892579125368304,-0.16563724972598215,0.3114362643424564,1
0.3535766416358415,-0.16442828828473682,0.3297653943816199,1
0.31745316660272543,-0.18398704692572726,0.3905097836470799,1
0.36510621866934406,-0.1592820334407064,0.3839104643920508,1
-0.09612000821040109,-0.14057324453787104,0.3933226953003437,1
-0.06243708085704067,-0.14868263478303057,0.3992332934538051,1
-0.054955097673062746,-0.1501856851183519,0.3450463786931951,1
-0.051392384702509945,-0.15392032367986463,0.2955320191230869,1
-0.08670481662247886,-0.12872949200707007,0.11325165701991202,1
-0.11006241472337679,0.005158834140771933,0.10045693308935988,1
-0.16269346132279028,0.023421457857498287,0.32714244846316487,1
-0.18879235707067016,0.02996624427055994,0.3999504874020021,1
-0.18461758215117224,0.029323270352504913,0.3567644123907068,1
-0.19517433233081188,0.04589398830794811,0.03428845229624877,1
-0.2632776071082634,-0.01476284950860661,-0.09765621201052688,1
-0.30774600297112054,0.016689063992272844,-0.23542419093023959,1
-0.09039191016969138,0.028162551432550493,0.009402792494523693,1
0.09087390487766363,0.0073742168618059194,0.07292684409153283,1