-0.44023180071650647,0.22678754174453086,-0.3255134920702869,1
-0.15069914186080613,0.43773013751701484,-0.24808833029204402,1
0.1815705222478611,0.19560186273228464,-0.36363044327172933,1
-0.10385966573586991,-0.156291158438985,-0.4849856369502459,1
0.22907206318947743,0.12917438747258903,-0.3369856687201104,1
0.40967857764731785,0.10936552763799678,-0.3457221466519267,1
0.2344875932548438,-0.06680167441323759,0.14944565718356273,1
0.24486854990342832,-0.10933397742998086,0.11599538540245147,1
0.3964343414686604,0.07938954921241237,-0.33169413601529185,1
0.21527932874474864,0.14937632389196587,-0.31050033688126133,1
0.16366039164060975,0.01576881715482159,0.3655718824745249,1
-0.3787798309062309,-0.035096449817356934,0.4050425931892878,1
-0.10189302872577022,0.11219492442024936,0.48225021167328264,1