-0.03823841564019159,0.23866478177848355,-0.288803455817524,1
0.07396762633607196,0.2263009719678788,-0.2867409550716346,1
0.1337716068246923,0.09845641560394547,-0.3550573134121711,1
-0.10070700153150164,0.10014413703551428,-0.3662511978219738,1
-0.03518202654848146,0.11079977281915923,-0.33865327538128653,1
0.06286580111283568,0.12238514242686338,-0.3423837801182527,1
0.02771326035012084,0.20818522818922136,-0.3219027957400596,1
0.1522314174696636,-0.00971460942345953,-0.2583945291863755,1
0.377952656899234,-0.25016417307286287,-0.48751651113524996,1
0.22273877585437907,0.027328842972846712,-0.23340191469669647,1
0.16390407752123515,0.01099939727306104,-0.21479509991517254,1
0.35197022019713736,-0.2709023336455284,-0.3816298899240528,1
0.32803093675179756,-0.27346980350432026,-0.3216637195516182,1
0.31356514615690384,-0.26414975979012867,-0.27854677553833984,1
0.28995858721892886,-0.23686293796680663,-0.22563931531619613,1
0.22931473526257584,-0.18158468098610347,-0.16910130147048857,1
0.19485906608867268,-0.15915740468411305,-0.12469293193411507,1
0.1800387521704926,-0.13957394824943092,-0.0845958920195028,1
0.12096005705450202,0.1662610222415234,-0.19176905431469832,1
0.10212115583673106,0.19290567741951553,-0.23637629146027006,1
0.040737213324694876,0.3394369390427756,-0.2500362969859333,1
-0.010196972559976925,0.28829327125436977,-0.25884919501290593,1
-0.050815960701226015,0.2302923958350919,-0.24180467210512338,1
-0.06756576372969514,0.2135325138127852,-0.2021395739418655,1
-0.01989055618750743,0.32358859822816494,-0.18591589019641602,1
0.02339488204043294,0.3189958417248016,-0.19253085468580314,1
0.06419868861228459,0.3033465550680691,-0.18091382182916974,1
0.07514551902758498,0.26823963682751584,-0.13789165208256357,1
-0.03382478785676182,0.27394248351714895,-0.1294781411760762,1
0.015481965491453892,0.29668839298195593,-0.10671740919484182,1
0.0566796893658157,0.2855440579629338,-0.11177363755718259,1
-0.12608901870831662,-0.01797572007013641,-0.1911981245022511,1
-0.10180063607646103,-0.026373081618824512,-0.26035462929515474,1
-0.37253392284492426,-0.23478451969899705,-0.486061817629311,1
-0.2004426606479464,-0.059082055617522444,-0.35597354617141413,1
-0.2826229435216501,-0.22757606007490117,-0.35413696574348347,1
-0.19948906990836973,0.012816389805184125,-0.2343844026287561,1
-0.11616188023939511,0.0529051921382484,-0.13132557073949466,1
-0.14694174841292643,0.06454573788673595,-0.06717771737253889,1
-0.12749981965320517,0.0728332110144252,0.04908589937004232,1
-0.08681895258547045,0.05979987310113127,0.20571985201359289,1
-0.10673613040694216,0.08458370132018816,0.24409379002605677,1
-0.07233191910212303,0.10356338494472456,0.24725521710988102,1
-0.04727300952562952,0.09364015261801101,0.25030971359673215,1
-0.13611463333389778,-0.039835779269325466,0.2354386944310178,1
0.08724361918742073,0.03254074742433888,0.20995846793513329,1
0.09137016350440383,0.09655294334586578,0.23673132825169088,1
0.16851795777401585,0.07715970105039632,0.23385949894918628,1
0.16871566204597224,-0.041990826376061274,0.21402408477348017,1
0.15874077222168692,0.07119343131748973,0.0747120191178577,1
0.16730654652169008,0.06849328843220578,-0.06986164279779744,1
0.18845503076220269,0.06992095339770066,0.35129238980824384,1
0.1870014946373033,0.09966654090713256,0.4386622270558641,1
0.13559523192512546,0.14494504801617225,0.4865189891951383,1
0.05835773969651997,0.17443025129898548,0.4700127492514765,1
-0.07603514275904855,0.11815610066318949,0.4675873424831604,1
-0.12711304453033695,0.0514939944745233,0.38270905903486796,1