0.05557060282894727,0.08996254156655362,-0.31112453472185525,1
-0.08232895593556372,0.08350726535461628,-0.3129428840449102,1
-0.0025713486776491063,0.15349169363888693,-0.22425929793637825,1
-0.07597968862016033,0.12180755310686103,-0.23949020887161662,1
0.05047138446433341,0.13993484429648356,-0.24712962188061957,1
0.10809263058686078,0.024690760026999103,-0.28281445190634497,1
-0.11893771838172595,0.024289049210466568,-0.29159753399980737,1
0.02447234656989477,-0.02235890500562735,-0.5223018657076813,1
0.07403199317404345,-0.020813771871593417,-0.4029942799945431,1
-0.06513122648433572,-0.06255059439484545,-0.5087505085971156,1
-0.10433897866301828,-0.05858550555187708,-0.40888475196800256,1
-0.024912441607846447,-0.06197259132894828,-0.572286911572981,1
-0.02283711268438447,-0.0409523165969594,-0.4963242826143655,1
0.08868989564842994,-0.04189092159358568,-0.5351124501744785,1
0.10376531938038275,-0.027322510262015848,-0.3601332838112849,1
-0.08538419293407365,-0.0923640914843929,-0.5634918737975673,1
0.009864419022197798,0.08728915919189267,-0.09890045664498653,1
-0.10192169210386526,-0.002067231657072399,-0.1656513862322464,1
-0.1631492388075013,0.056460930981207344,-0.007483926409080688,1
-0.03206502888384527,0.14736564721068243,0.10953182531071833,1
0.06726333795511286,0.16530994796182552,0.10420621544621217,1
0.17150952903769365,0.018969225398919543,-0.06988336496539016,1
0.12785631267549175,-0.014038124520919903,-0.15532911234617058,1
0.09225725998085464,0.11038518597830599,-0.018174221208141522,1
0.16803665893848138,-0.06386512859803972,0.12736186951515982,1
0.1916675098499359,0.052933796368795916,0.2424246804728372,1
0.16614971263770598,0.11419099055376292,0.3449618474508431,1
0.06129595440383037,0.09489380980020934,0.3633425406692779,1
-0.012110541660984811,0.11578686860957735,0.35005417575082004,1
-0.054662779099970304,0.16648231186087906,0.3800874710635897,1
-0.12753836878511648,0.09452651115279198,0.3287578197522647,1
-0.08685956672197293,0.12875872270282263,0.3253027413044912,1
0.004182985849940368,0.10682461901323013,0.22625859060788833,1
0.07679668709770751,0.09727278785590432,0.22738766721142734,1
-0.18209110708135928,-0.0014447034577679263,0.22399092674085058,1