0.48302190213126406,-0.07265796311336695,-0.08043162164637985,1
0.30633853812774714,-0.056266819058763407,0.16356533113956828,1
0.45289472936192204,-0.07024323304474946,-0.06816170652988382,1
0.23824547826381198,-0.04686129973838571,-0.14341926862488596,1
0.24943672327694588,-0.02391669385667239,-0.21345323160762716,1
0.08434921346455959,0.01073671245009189,-0.34569326913111476,1
0.04241884771452753,0.006336790937573111,-0.38948732199274366,1
-0.02654566734180741,-0.014442269500775318,-0.3353902469369502,1
-0.1497109786534574,-0.046079328895179295,-0.24061488463278266,1
-0.22111485883107934,0.04437553802385641,0.05274522000617435,1
-0.4761976081898932,0.03226039366344646,-0.34315549669492806,1
-0.3793877030478421,0.03394783245195265,-0.14365578279895014,1
-0.21945294764234569,-0.04783779127912302,0.19782972256198314,1
-0.2044606001591981,-0.11933685964560481,0.3124190691569076,1
0.006081334279219863,-0.25616572093885503,0.35128386410418616,1
0.2746343754901813,-0.08044438079691552,0.35055275136735964,1
0.2771711271598132,-0.08002544563226843,0.27314958815419066,1