-0.32453967515616755,0.3712584574935711,-0.4227620203922652,1
-0.16205694171589513,0.1487112247097696,-0.4942982584244523,1
-0.15335140715845363,0.17972024837902656,-0.44981436819062265,1
-0.12046857161773206,0.05720277740073687,-0.40127139383462296,1
-0.21040225947845592,0.14665079191254582,-0.3265632382725613,1
-0.1834698864188784,0.04680973102565256,-0.08465298090517237,1
0.04468053853802603,-0.021748571127079508,-0.09488089898214985,1
-0.14924158491683226,0.19291251541447663,-0.039178960971432364,1
0.45257713196110805,-0.10179876032017443,0.11096611183403715,1
0.4447411572754687,-0.05535193438761432,0.15760729974726329,1
0.36507929314361265,0.005336327247508876,0.19694093025893256,1
0.2631618242990368,0.00827381214656353,0.25851964705312946,1
0.5189268020709119,-0.13924742228288167,0.23292687533938972,1
0.4647267621368609,-0.15849506364294186,0.11740627505952395,1
0.28161233837218713,-0.10947172430707397,-0.005019377061938224,1
-0.17756859283722948,0.21765989285690734,0.27290293400052623,1
-0.3549984190741665,0.23468921662684572,0.15376350050494156,1
-0.4041373863522618,0.23636868559128388,0.025494540955105977,1
-0.2491829298299013,0.28338468542640616,-0.3960641993273555,1
-0.2584436641641482,0.24156174875898362,-0.4806094181934324,1