-0.057457887424994136,0.40443147553621317,0.24969411777226735,1
0.0786051170901228,0.410398358663576,0.26200348390255646,1
-0.06574691812799993,0.3614903596737149,0.3795969934133545,1
0.015991893750111674,0.49235397640637923,0.14985897414961258,1
-0.09324110682030184,0.4267546836346934,0.0061585401050657795,1
0.1389155756443754,0.40598060945957126,0.04026755397191817,1
0.027404355054936103,0.44430917021265137,-0.20673282460827302,1
-0.20413540957888987,0.3217561547878417,-0.06123347407548563,1
0.22196135487164903,0.3404085710823762,-0.06533962634711044,1
-0.24154245264689123,0.07011612854612259,0.16718447636370604,1
0.02146402231678947,0.21225507156689655,-0.48420462764286837,1
-0.29569661477404363,0.2566307462115407,-0.15032164995149255,1
0.2905560985159159,0.30061364820215153,-0.17645945206080338,1