0.04694749817486449,0.3969473855596142,-0.36424100922907904,1
0.16679710701092687,0.3435493162056553,-0.3608777068432474,1
0.1019679307952619,0.4158653113588863,-0.2010369519837163,1
-0.17798528806972114,0.2188393822811277,-0.1476524838255322,1
-0.2237472429925652,0.2144097975121774,-0.1981420325937896,1
-0.18738073289921497,0.17457250503409602,-0.0729172211289898,1
0.137128761081318,0.27842527012653195,-0.03753527831544312,1
-0.052138415878551836,0.3449406866961794,-0.05799084043943975,1
0.011504026452616167,0.3821044967616344,-0.08177046585374342,1
0.13443911877359593,0.3266092938861647,-0.06674168836822675,1
0.039480315360268525,0.32633767661365126,0.029965378848137575,1
-0.057362881824076506,0.2546218588821369,0.05418828199549508,1
0.06734860888627817,0.19677918571649394,0.06581328626337934,1
-0.011304954907906103,0.21083706412616757,0.11944971169159987,1
-0.1443443638579181,0.20834094435285047,0.046844961468640034,1
0.12865003248130932,0.1995802473444867,0.05848343090230279,1
-0.0760942145995176,0.37852388048139196,-0.1697426970417526,1
0.2094592920356928,0.32147982259274865,-0.15692319900980678,1
-0.17068021527213917,0.30413197088436283,-0.3269532036547561,1
0.2382227314456804,0.21990427053988387,-0.31307064251455086,1
-0.06648369559554423,0.05538591718104464,0.16456800183202894,1
0.2045923730354838,0.07780818229944983,0.11556876619470235,1
0.35615870440559005,0.07544045650344877,0.41431348887434183,1
0.20599868155641676,0.11055477505506861,0.42558791940845,1
0.19200871500016314,0.13003839304490658,0.3524448387825031,1
-0.31221066298809397,-0.27539828901318086,0.45108389105311764,1
-0.3209485905291183,-0.18009579105640033,0.29794506700455736,1
-0.3416612538391325,-0.19447039397201088,0.16535393292198308,1
-0.19294048310711617,-0.06908556534888644,0.09084030675181087,1