-0.009916351935085457,-0.03951604191535667,-0.4900764065959074,1
0.08101571651940115,-0.012093063153554996,-0.27361487617510905,1
-0.09459109962369672,-0.0012498641116485132,-0.2683705551817809,1
-0.0946936680884799,0.017726576092877533,-0.23076483283154997,1
-0.22476676184207234,0.010810904361385099,-0.2353910929983689,1
-0.23061855797162178,0.0761744812509022,0.08400220404967162,1
-0.16653080555098573,0.20780207237002724,-0.02116303986247023,1
-0.11681993377813499,0.18522898660139014,-0.06586588818961137,1
-0.09604999673583176,-0.01663563499510179,-0.025535198695773198,1
-0.19142185848568916,0.13760776919990822,-0.041513136065346734,1
-0.13250705055041304,-0.0907148567759041,0.018091126464078122,1
-0.15997531421811567,-0.12061971175293784,-0.01571068671455192,1
-0.04372206940703971,-0.22776213296178316,-0.1483702701525449,1
-0.01312268769120506,-0.20360089022292716,0.008151839316765719,1
0.06296462431443806,0.028267091324821414,-0.19377384253639682,1
0.08050940520819061,0.02748155129960006,-0.024471467723826246,1
-0.00876464902466989,0.25608515541772725,0.06807630482061638,1
0.08054642031585213,0.2410658882282224,0.07025760962067584,1
0.15881154307336015,0.15924628159869736,-0.021096548585607555,1
0.2224069355765284,0.01075509082212743,0.001621721272733856,1
0.15309081576717798,-0.00685379401221442,-0.2482995339408865,1
0.23621732974891052,-0.002807968353308876,-0.17816019855840026,1
0.21946988603469098,-0.021412068319113242,-0.15076231037542964,1
0.006617230611463243,0.22848018245098034,-0.1885561645113497,1
0.17348395903765235,0.16498205779267372,0.13424794454528083,1
-0.24699214990371277,0.06830466029248106,0.18586006535064392,1
-0.1518311352203332,0.08359336314098575,0.4243435283720645,1
0.055038600201405385,0.1783847563301637,0.4048549639735079,1
0.05775750252566736,0.17945125047652422,0.4544150679081366,1
-0.04041167617563701,0.20488405394757603,0.4244830114986062,1
-0.10206007736853084,0.18363800729591906,0.43826103448195497,1
-0.14110893164882898,0.12841580159685284,0.43557794117698223,1