-0.43025965242217673,0.4445227022245559,0.09579152213565667,1
-0.3509453077557598,0.31722425414421407,0.2871860595675644,1
-0.1345929505712912,0.3275849875742902,0.3016518747624932,1
-0.013475894306870961,0.43757748517588535,0.16427412707600464,1
0.09212763262910384,0.32709744928644335,0.2851066320381217,1
0.33229545915196157,0.33496037911952525,0.28205023609988666,1
0.3781567607820764,0.4712570452741165,0.08806355376755004,1
0.012958505997381242,0.48095243043205826,0.0852282052824771,1
-0.4748556805486095,-0.1770692091994488,-0.27907395063757345,1
-0.4543741501560665,-0.4386313484593356,-0.21013475317032815,1
0.41895043875682364,-0.4280360720147629,-0.22207543537966412,1
0.44341084724409746,-0.12849222604998634,-0.27738183277754347,1