-0.4909140114115612,-0.02813704825612165,-0.13379822402935612,1
-0.4042540540622992,-0.010171718256972079,-0.12371927566963406,1
-0.34407961878461485,0.040836166088327824,0.049371252377906585,1
-0.2747939031137834,0.05179965988727622,0.10048621635335567,1
-0.3049371057997401,0.0013802712609504442,0.018617245549087266,1
-0.16547234943847813,0.09019899352460836,-0.13637563931538224,1
0.2503874271472434,0.006647238447736792,-0.13582122600575516,1
0.06569714199263588,0.015673396314479067,-0.19629685346049175,1
0.013595040407242957,0.03235171084427823,-0.1947196699448725,1
-0.005177704218681571,0.03959688254349179,-0.22468107380924784,1
0.07083077125777576,0.038706204252147096,-0.22855925633718463,1
-0.003991506038590664,0.223894803939063,-0.12925259260061062,1
0.12093056579827022,0.20508937735732669,-0.13369257103398052,1
0.29444384824308506,0.04595120033831579,-0.09016166410611252,1
0.473089696620082,0.052341472200098854,-0.06454496044824382,1
0.44926337094022645,0.04852659142615548,-0.05324132143317768,1
0.3333486352635696,0.030496345132240726,0.11367317075460603,1
0.325227307597984,0.04054043794295986,0.14643435446065534,1
0.47552512408257613,0.05468513054456771,0.021366563380157425,1
0.30568821274119085,0.04698625267229396,-0.014805628646721261,1
0.2957559874145723,0.11296200988660932,0.15885812864935714,1
0.19281971281271965,0.22271655153953243,0.18874339302463222,1
0.01360044205492672,0.27611405433338787,0.18417894984769492,1
-0.1078539696224074,0.23072634897047667,0.19378659973987555,1
-0.19996154709584696,0.16888320191832532,0.16169755939159863,1
-0.2099741577761351,0.13391592691318957,-0.023047726377879052,1
-0.09755037424904461,0.19335167607632303,0.23061439933396732,1
-0.01881047058214108,0.22533424138049982,0.2321932746393943,1
0.06172380100508057,0.22773610340084607,0.23400042314259517,1
0.12523485071653329,0.2122809453211984,0.23189769169474195,1
0.20889504918099322,0.1616627650557673,0.2228075272322394,1