0.10251559374249553,-0.09956503480790807,-0.49034880653884905,1
-0.20212908180043598,-0.04710229303710389,-0.46964003028512735,1
0.31495184293999046,0.1411196732830256,-0.35967035388983515,1
-0.10104509187928823,0.4130961544515888,-0.20200800928388318,1
0.014621581980208215,-0.05860498691335991,-0.044783652759435355,1
-0.037567455106074885,-0.060418797183077494,-0.06543182339687939,1
0.07467425805109795,-0.05205630128280761,-0.0982441863411263,1
0.04668280721320295,-0.07734356429553221,0.040802721034662204,1
-0.027918160896333255,-0.09831768783309904,0.030043164461868166,1
-0.030593523709137926,-0.23643524902904273,0.2998008691117737,1
0.05386642388620366,-0.23098313780048552,0.3338338364907061,1
0.21889540839121846,-0.21565301081621024,0.39178510773109654,1
0.034554225708012254,-0.1996929596006911,0.29101643002557953,1
-0.026867822863851476,-0.2115585490875753,0.27301785006423485,1
-0.1836439421460101,-0.3575402885949289,0.30934234029474217,1
0.04809567458805031,-0.4323437385150962,0.26602461104322295,1
0.15554994084435858,-0.3955662595453727,0.3007919768011771,1
-0.08940122704630749,-0.42722362048260376,0.2720726485740592,1
0.09589368053096159,-0.31031050081968103,0.314001296644828,1
-0.05182109347035979,-0.31104715802749405,0.3115693228482521,1
0.09789241591374775,-0.3509382013393217,0.29845471342884444,1
-0.027214550483012356,-0.37274023749827756,0.2844498244148781,1