-0.2791414682370892,0.015810102249818048,-0.45972958208643755,1
-0.24392698438951843,0.0340849173663077,-0.43386072876295434,1
-0.3046221529608064,0.02731607670477071,-0.42852825890515467,1
-0.22010752230162312,0.03504400171297681,-0.24809418485658052,1
-0.10253654351749586,0.025439391776677617,-0.1789372602279361,1
-0.2996995755832017,0.003473087211307596,-0.24126614237644506,1
-0.10515092725587827,0.0022048436814329914,-0.09687786773222834,1
-0.09586205353479516,0.015216205979253716,-0.4552118798042075,1
-0.03460391540689489,0.057440195043481856,-0.474622856351132,1
0.025051954486154715,0.06432384069453606,-0.43918800293863036,1
0.06487579669775928,0.018826624628280414,-0.047479858232444674,1
0.21937404880492117,0.01420600938069927,-0.186279958718366,1
0.23159153850838443,0.024040366548710668,-0.42222810842467223,1
0.259680167967991,0.03495231424619066,-0.4464584462184559,1
0.2958186773932603,0.03751074186218206,-0.4157054366944888,1
0.28310432416544673,0.036867131859915137,-0.14868376388805632,1
0.06874993712616333,0.029117491375613126,0.028354745342104398,1
0.04263070167834859,0.04976832861009314,0.4859080929338771,1
-0.09915148829244802,0.032060254004778466,0.46833449399416904,1
-0.04168815314226837,0.08024325225572482,0.4910417499036921,1