-0.2038789831298029,0.3110467125847487,-0.0637023124473175,1
-0.24740806947899077,0.2888500685606121,0.005575513844244151,1
-0.1887132609123761,0.3015570704297653,0.06358225285675767,1
-0.12139024986696362,0.29587024187140765,0.0193681642624024,1
-0.1334598081751993,0.3069285710202302,-0.04901432533774447,1
0.05360954851368277,0.3361870606702744,-0.00917816269088334,1
0.12940904725690372,0.2938659882411796,0.05815789755316236,1
0.21668704227360325,0.30407666458066607,0.0314434875765881,1
0.19747916017738149,0.31368366720478447,-0.034309166843986105,1
0.1124712713273569,0.3349410403767292,-0.06378230142965968,1
-0.04173686320367252,0.4243030698434972,-0.04894606871373022,1
-0.0014641114711875236,0.42841081283471005,-0.11139872272048118,1
-0.034980095948987905,0.42747382784458154,-0.14068069338960132,1
-0.04829573711856372,0.41649764050296667,-0.1815483568235438,1
0.02347910450397661,0.41211413310198364,-0.17435865998130268,1
0.0005571877303517381,0.38533408668319263,-0.2559329328987704,1
0.037179476092009556,0.3672612361910182,-0.28720274454404626,1
-0.19110888231554235,0.2602514539286527,-0.3308558367210972,1
-0.11639062240062858,0.2710513388490614,-0.37761165376637307,1
-0.042892297183871664,0.3181400926416816,-0.35594536510506924,1
0.03168414476956616,0.3017375458458079,-0.3676351069696982,1
0.11342823038182259,0.28670218436035355,-0.3637549436078125,1
0.1668536439421069,0.27283677967947106,-0.3501811586623296,1
0.3097631752397417,0.1932028875803975,-0.13993901199712155,1
-0.3174468658633294,0.17534124044182375,-0.15508301770865685,1
-0.3198321220115772,0.24007212297521274,0.03483850832735813,1
0.2882518053652709,0.20755614450957627,0.056624278136760076,1
-0.08682060060254611,0.3383410826825789,0.1632662991484567,1
0.0027027470874073506,0.33005527211849933,0.16914012233424955,1
-0.23141618394312835,0.11398542529425026,0.32461547686959913,1
-0.1648656576929935,0.2753201396453232,0.35095328439105616,1
-0.12725356023911882,0.31904964385891244,0.3570056258749385,1
0.0011073357391199745,0.3120620179443331,0.36687801563359307,1
0.014575468422132865,0.314213958802405,0.3219074255175038,1
0.04847619826375621,0.3153636296548584,0.35411140820955705,1
0.11377384416482461,0.25351577271526793,0.35883776541891343,1
0.18005156880766027,0.14781838829245353,0.3349207941246385,1
0.24441384632639224,0.15879801152848527,0.17449963705315819,1
0.27149264921280236,0.23008165280022264,0.15493804340314954,1
0.2734848705055769,0.062121487650098395,0.2131308132138816,1
0.19456195068488347,0.16440286200042697,0.4279344397774991,1
0.023709787312228614,0.25993696550632184,0.4920974358636237,1
-0.15703096646726722,0.23916124888315637,0.4659683799323637,1
-0.2457936721713896,0.12846684841511014,0.3983716409809883,1
-0.2828576974440835,0.24280972363165576,0.1847068502671988,1
-0.31939161006084027,0.22490597467826734,0.12113949219622522,1