0.2327865222498584,0.04509055532095019,0.333320972277634,1
0.02804826577644315,0.2533445961005345,0.3333210415869008,1
0.027675219815182506,0.2536972818374763,0.0621102819191377,1
0.2039482864394513,0.02567359869513597,0.05089096249244773,1
0.3725065169233884,0.07346586113104148,-0.028596189601136524,1
0.09746479497240346,0.38423200821589276,-0.027487079900937683,1
0.0996074248677914,0.3760693670013957,0.35615634848387767,1
0.3663160921630597,0.08142721075000559,0.3678844365634002,1
0.4667962542833137,-0.011827633509176927,-0.16050086685931975,1
0.02650312582493264,0.4603287039546604,-0.15990694095690072,1
0.01808639919265298,0.46935577375294635,0.49609025575930943,1
0.4600226437154704,-0.004563720207996003,0.4798221810696218,1
0.0407706707855916,-0.4042064528886704,-0.16666310416552776,1
-0.04933440579577261,-0.3355559225223167,-0.16666307582144907,1
0.29250061376175274,-0.008062705976336737,-0.18045769644841503,1
0.23006758304086583,-0.0023362727664917315,-0.22705071468791482,1
0.018722923775302824,0.2243031225643488,-0.23264363130874388,1
0.019361821893285835,0.2890014240159946,-0.177632127437914,1
0.01913619489742513,0.22386001381723242,-0.49159027365228425,1
0.22363007199841256,0.004567561336427772,-0.48867160392859654,1
0.041338738738344816,-0.18934214692496143,-0.4997478706653805,1
0.0020012828743389832,-0.4539004457201159,0.47595803285436666,1