-0.11161649142526942,0.015574122517397093,-0.4278179027085397,1
-0.1051472995023966,0.023358892537293174,-0.46465539651556603,1
-0.037575650934915994,0.05220569331608926,-0.46389382679451563,1
-0.0660986210398608,0.026566113870404195,-0.36705671978103305,1
-0.030255898792803992,0.025578566791928325,-0.34755358314208173,1
0.03302101499827298,0.054442630718683827,-0.46573177727287485,1
0.15881638292939254,0.055908547348387905,-0.4141083967679965,1
0.1361733087523621,0.07723285321974127,-0.325096757628411,1
0.17398591434767569,0.015836323112212558,-0.3202166622185963,1
0.19921276117308778,0.017904366455141957,-0.35592890200919153,1
0.05058257909659092,0.0537645316585702,-0.3049927345103109,1
0.023972853542083436,0.07785405277267118,-0.10837763409856147,1
-0.10471281448672644,0.10446886717592616,0.041051174249985944,1
-0.08302348138334534,0.07567262093976762,0.2167772222648559,1
0.04679068174264711,0.14898237488596222,0.2562405290778726,1
0.2221370223777506,0.14884508118887757,0.16803603372395431,1
0.22140999996572328,0.1448259623855726,-0.010454442219788362,1
0.13302995236585818,0.13260510951490154,-0.08755326499108163,1
0.049704306674559745,0.14631907593327315,-0.04256248558232781,1
-0.055832938853984077,0.14875603483934202,0.13042560277631604,1
0.10280667558560797,0.14736514401495193,0.20999474322434958,1
0.187363465242225,0.07823548915237205,0.1190295303918316,1
0.18189421098045197,0.07493685995997175,0.03516585987043286,1
-0.05943171752967749,0.15142102461432433,0.03269484060362274,1
0.18600759089636393,0.10609401060763612,0.3151610082385069,1
0.16723130540286907,0.13388381656899073,0.49339128709654123,1
0.05035691554850885,0.12703833818399612,0.4363745083822348,1
0.03203901061097891,0.11970804590834772,0.33962278914237426,1
-0.1793224827775205,0.07632881890084153,0.2934587667381602,1
-0.24211196433262716,0.047538063685534926,-0.05450372472746942,1
-0.11367102257947465,0.016096305784971898,-0.24364638262168864,1
0.1142524246061194,0.11335984449752656,-0.1971832706097324,1