-0.03774998970490778,-0.03534331000457969,-0.507346090447001,1
0.002700176474296434,-0.017295292201830792,-0.5353422116293568,1
0.031734106290121876,-0.04712161867499379,-0.4954579897484479,1
0.05966937980726178,-0.03221737891446619,-0.32592120115921497,1
0.039660869561969014,-0.05776933562399447,-0.4077464564869829,1
-0.0639867657331924,0.055229774767953654,-0.281687119449065,1
-0.01480579929440791,0.08955032826516274,-0.29171966830948937,1
-0.07503937261129068,0.028610611067786056,-0.2019115732679569,1
0.059432266726423155,0.042585470360714583,-0.21867716144067603,1
-0.003909764114080727,0.10119389137335774,-0.22270262336179833,1
-0.05162770856755816,0.13375217965556235,-0.1310215248283897,1
0.05993593301740274,0.14554740739625815,-0.14999533163003204,1
0.11227734591668531,0.07168073840704692,-0.01583851662088348,1
0.059018202383443574,0.1106712981362088,-0.09019115440597938,1
-0.017933844650731327,0.09421482968223102,-0.03272062511393867,1
-0.10267138451826624,0.09896709707552054,-0.129359505533784,1
-0.18918192320082902,0.08654666604566996,-0.1236758684766398,1
-0.2982673236937914,0.12376680702490939,-0.19005146278404794,1
-0.40379254181430724,0.1253057408710827,-0.20061360314320642,1
-0.3136977732498461,0.11547351693385899,-0.12733126487139812,1
-0.22013730705042495,0.053278884752069544,-0.06556885708735138,1
-0.11057398616722969,0.07346181920105821,-0.02129832667502765,1
-0.12384902382670501,0.032423185512195696,0.08106841195723466,1
-0.29697491639185153,-0.04850657391386193,0.24226873237843405,1
-0.3702856244825471,-0.18231469886046492,0.4324696796390083,1
-0.2867139676855326,-0.05620787955021456,0.3064600661414696,1
-0.22843311626127874,0.01242066808625708,0.24447252501483457,1
-0.04599276398245167,0.07087449429773018,0.1578785720931239,1
0.01593713686897677,0.03194959133059816,0.16466802548629966,1
0.1492076582902059,0.02270631360414388,0.24616271118194671,1
0.15740847008699618,0.0355445821246021,0.1992823817069892,1
0.13072325370978802,0.07193626865268765,0.09352978752952534,1
0.1166963891026809,0.08739676719436584,-0.07729073953063681,1
0.20285519927823698,0.06826541567520228,-0.08721844110061215,1
0.29976667384655464,0.14662123168385888,-0.09419138955408768,1
0.25992525028709695,0.17247689897151108,-0.1483191011900315,1
0.24037049355052598,0.09874339143058193,-0.13704553395330543,1
0.1392171393005279,0.06693249120065126,-0.1509115139754685,1
0.2912106661179125,0.20196503570895885,-0.18220238032321112,1
0.31780644077004405,0.20405142310535052,-0.22086482804551244,1
0.37785716582166456,0.21133093507997458,-0.21732096247914207,1
0.38603551254002044,0.21186180456988168,-0.16590658733859748,1
0.37934331207701344,0.19773148462123613,-0.10072118645596218,1
0.2959273511737049,0.17910990339846822,-0.08319453310137237,1
0.3125967534065812,0.19859282600338402,-0.08070910840023815,1
0.2625318729351492,-0.05366874640632435,0.27120108554962147,1
0.30055344108028503,-0.1641647225304963,0.41514939666222384,1
0.3069162218213604,-0.123285717587863,0.29288112460500404,1
-0.3204246112932376,-0.07021232289889845,0.28317216391579214,1
0.07193115632774139,0.07794896438254306,0.1393415368922926,1
0.057382733835820224,0.08703205290080418,0.11017695565968738,1
0.059990730762949376,0.11593245780457753,0.01130165357258786,1