-0.16586579966943027,0.3296349253657609,-0.19425793122592117,1
-0.001441128476283346,0.4789567098032512,-0.3843331040003856,1
0.0958966332366466,0.48387374980473297,-0.15082036844910007,1
0.0846501611557563,0.3154538601439074,-0.11010052775071166,1
0.09487427188150378,0.1924700134180568,-0.032663511160191616,1
0.13992287545943233,0.2696852172328097,-0.10575507458357425,1
0.12924746483844124,0.3377085561463169,-0.2559439268261372,1
0.048354389281144536,0.26100543834943724,-0.2427191547589832,1
0.007968182959594942,0.2533955720132584,-0.2734808313024995,1
-0.05797605349831647,0.24986652546259758,-0.2857632975103932,1
-0.12919381172942263,0.18466050423334623,-0.12493579546714528,1
-0.20552868350388184,0.24908588955646405,-0.1996373203888928,1
-0.186969786194557,0.1503359970518492,-0.09079048967747427,1
-0.11046999901438323,0.033825856924992515,0.016687513711320046,1
-0.004599142892108842,0.0034850763286631836,0.06485604333329448,1
0.11324623326461257,-0.040136033924899506,0.03872510509097804,1
0.1861924615779514,0.2563545536125241,-0.11138036492198555,1
0.09906020950388149,-0.373973090949822,0.37800348612046597,1
-0.12059395003871988,-0.41128650270654243,0.346000577533365,1