-0.483326569546481,0.17517877365823686,-0.15214888303758478,1
-0.4210508541608414,-0.017391519255779753,-0.28898713789964176,1
-0.33356781889890286,-0.021330572972233064,-0.07077987983873157,1
-0.3417589707901385,0.0334160636109031,-0.050831568628774804,1
-0.14418262058202824,-0.0240399193980928,0.005382614204294756,1
-0.17190387523903183,0.03459812739613355,0.04431477473768197,1
-0.23048395986395676,0.1816650860566532,0.1793580370100063,1
-0.036374388617467446,0.23792391233102883,0.14449830329834867,1
0.15666612951356917,0.2695941660122927,0.21431951392575188,1
0.26224301691279805,-0.16643928450701262,-0.04486623874425,1
0.0900888420324133,-0.14170107005495902,-0.15444507701330235,1
-0.08806327491468036,-0.1825169427030915,-0.11936596296809387,1
-0.05831276138230379,0.10672471407454842,0.022941505685246888,1
0.03787483040750983,0.09649842089139882,0.04190239958946873,1
0.10843944168011532,0.12505995457518138,0.05490594442288543,1
0.1387867030093881,0.02186281892308939,-0.0029244246568596033,1
0.04471216674810674,-0.0017401632345283163,-0.028697586512042877,1
-0.056110840735920986,-0.024761316195064387,-0.04150777120204052,1
0.22655599101825974,0.0757747579415824,0.05185520845117653,1
0.49097643369676547,0.17198009414779403,0.05200472841513992,1
0.20951490915388027,0.08683060258431813,0.10285189141719914,1