0.22508101509405365,-0.015813023273144377,-0.5000001099819289,1
-0.002557345087500773,-0.2302756314154044,-0.47801775342514685,1
0.0036292439469525206,0.23127356250308861,-0.4884801430372452,1
-0.2204426428462818,0.0055465385083079965,-0.5000000108236708,1
0.4508679485508627,-0.019154777410631207,-0.16666320738892731,1
-0.015074569306379182,-0.4533753322420093,-0.16666302308029301,1
-0.4647919503543895,0.02234175044860548,-0.16143910344696466,1
0.005214490283074191,0.45831260197717727,-0.1666731363514118,1
0.23542715233257183,-0.008351900057241068,-0.23281486828577258,1
-0.00405151011801852,-0.23166898424949722,-0.23053086532116257,1
-0.23269992470905082,0.005157770852606547,-0.23535381977695363,1
0.007350854607543145,0.2347438681795797,-0.2360636588914491,1
-0.00797757770438734,-0.29609984235020403,-0.17776824573761152,1
-0.2833422272188374,0.02654262819855191,-0.176240085987879,1
-0.0028092286139158595,0.303201500397847,-0.1666732652643923,1
0.29136437000874904,-0.0042505847725219925,-0.17868916601426232,1
0.46013137575959595,-0.020003277753552595,0.500000325741091,1
-0.006302422796038876,-0.4538763477788512,0.5000006316800492,1
-0.4560568445891168,0.015493771412163681,0.49999070048571337,1
0.016997683705134214,0.463582337198428,0.49999040506330816,1
0.0998024596810616,0.38165407339902923,0.3756415755467728,1
0.09944579731838257,0.37144216461509433,-0.015984253469888687,1
0.12433725936739129,0.30977431548566153,-0.01331914407026863,1
0.08935763399715135,0.29945510391096075,0.3333214053233712,1
0.3278357480212844,0.07502693162925489,0.3346593138435927,1
0.3883911925742569,0.07225050939347355,0.3713227858330257,1
0.3233139443241648,0.0736039022284094,0.01188569942449498,1
0.3906674257661322,0.0698098484293459,-0.029224257278649995,1
0.013861236505629648,0.2295165728687869,0.014360821772073873,1
0.01631377353276764,0.2383980851723937,0.33332141388941316,1
0.24649784473076863,0.0019720121187662975,0.31886280851681015,1
0.23562320271695022,-0.008168990790542674,0.003049004150758483,1