0.028620348504243775,-0.049777599298149,-0.031839584848987634,1
-0.21669211942396016,-0.041630923727484115,-0.04343414360330389,1
-0.21333303522223446,0.02399728768742937,0.05688667880258169,1
0.016681154972781054,0.01967208554049621,0.07197538481970306,1
0.45463739201317477,-0.119122978785145,-0.03193430519440099,1
0.45352920293452126,-0.021911342715685622,0.12987558607025207,1
-0.2436731639559472,-0.10644471287957255,-0.2110602458993939,1
-0.23846808571631972,0.14500532073479608,0.20050665978719412,1
0.0307013955254071,0.28233002829947673,0.45584436000833916,1
0.033728442479090986,-0.2760561052743642,-0.45737577449839295,1
-0.4831711176902047,-0.022126239667646707,0.01571668308162233,1
-0.12487795169338211,0.013787813881029537,0.11573608912528155,1
-0.10209327235687371,-0.09374874113500764,-0.04582254043982781,1