-0.1592117206549996,0.10941874759565234,-0.28389336775126106,1
-0.09795161786708492,0.05072856196795453,-0.485691297122085,1
0.004372418550062207,0.1398863886526327,-0.4609825964364751,1
0.08876449310615975,0.18695362043716157,-0.4096728650850777,1
0.189713457921048,0.16117262061133797,-0.31377724839746013,1
0.1341355033778735,0.015953718024921626,-0.19593165054716377,1
0.05772565387657158,-0.01796103922295833,-0.25662739657783956,1
-0.04079372083495869,-0.05427909976888756,-0.2835380228561615,1
-0.12598455699998964,0.08141989861096951,-0.08402051232599836,1
0.009225814695523373,-0.02113955488408864,-0.05015861066060234,1
0.014884257730148953,0.04496796764148314,0.46002118560598015,1
-0.004221007508505098,0.03004609881564191,0.21915548220189396,1