-0.2976662077892622,0.042755230593925386,0.32282639328617724,1
-0.27803100996352053,-0.3232936264524813,0.19136373795955464,1
0.271454737156533,-0.325432627012642,0.189646173626993,1
0.27344995319830256,0.032168228409776844,0.32081159393978886,1
0.2982847822552312,0.16301501656823952,-0.10825582378370108,1
0.3068368410440463,-0.19578318637417968,-0.22337141434792196,1
-0.2714063729884577,-0.20436216643380156,-0.21673534951683937,1
-0.2785569657290835,0.15162541074707514,-0.08671218410637071,1
0.49059643718119217,0.3438604937965115,-0.09754257455327253,1
0.49679402282344687,-0.25658259745898304,-0.3152246337260056,1
-0.49625253674951897,-0.2607466594293739,-0.3118049542913405,1
-0.4925947154938968,0.3419872066613321,-0.09209667004454402,1