0.10311650631182445,0.0401704287854332,0.29543332297348357,1
0.29343130822474505,0.1858666832957473,0.026723727123547536,1
0.016359504628353782,0.14662697976265893,0.25969406420619867,1
0.20033638095213924,0.2955068539552972,0.008984203804106805,1
-0.446386195872684,0.3992473366149274,-0.3779944107304696,1
-0.4027760379955967,0.4428048447998849,-0.44484991448459476,1
0.15670700317854713,-0.43217620637666343,-0.41916039749763634,1
0.222511619769878,-0.40634515127938897,-0.4962340594935313,1
-0.043012404060787546,-0.16714874520113554,0.44695994267193306,1
-0.21666899636988196,0.04068352425693922,0.4574409502619359,1
0.45381549556891776,0.3829498020627151,-0.008171524707013433,1
-0.41927432898681005,0.3099821603649173,-0.26862107913762623,1
-0.2628903141832143,0.1905802474793381,-0.03983416785175553,1
0.07219892624128088,-0.36993518593785523,-0.23953689975763825,1
0.08580892203268431,-0.13042707683667987,0.0341535144385019,1
0.15183493664271463,0.2141194638977384,0.12314782336369601,1
0.1890456624091279,0.12681079075681456,0.14159669152038856,1
-0.09003760458005971,0.09245732188355138,0.40558798850357536,1
0.026431603267411674,-0.08532689253427117,0.4155438888429632,1
-0.15121225209080546,-0.08251172561576103,0.49987718807644554,1