0.03974953068022724,0.29953186284315874,-0.010689433838941803,1
-0.04214858152267331,0.20045945901280787,-0.09250882972689261,1
0.1126116948698721,0.20762333989565468,-0.08774670736446965,1
0.033290489134617296,0.2692549745872279,0.07121450681435223,1
0.020857183229021414,0.27196222542332204,-0.2431915955803008,1
-0.18243828469093032,-0.05587285359208238,-0.06833521363649544,1
0.22957411831716418,-0.06634571561179525,-0.04658158284295738,1
-0.13656155156523164,0.09172984885841861,-0.35151789069428685,1
0.15348287390231796,0.24585575084878908,-0.33802593069312614,1
-0.07530669227390163,0.28045914847034936,-0.4133138261130149,1
0.04024856162797283,0.23923498984152827,0.18785410606673983,1
0.02648541659889246,0.06954100741871949,0.18573248770844108,1
0.019135812432667265,0.027785428805417345,0.3657831466841,1
-0.20555926394093743,-0.09952437339897346,0.3429241840406754,1
0.22460188113680154,-0.08656948503913236,0.3574246942892917,1