-0.008838926643511713,0.28886699674129445,-0.23191394938305265,1
-0.10377365151808587,0.1521706045575293,-0.4355983751088915,1
0.10398139805371514,0.16199431909391926,-0.43720725961522633,1
0.3268742076947182,0.29878428977983606,-0.4072591354885504,1
0.34507592691258493,0.3556432159248306,-0.351948595989918,1
0.35446115513728793,0.3653031383806269,-0.30136367436267,1
0.37857433637080384,0.34486651763741793,-0.26306959880038727,1
-0.38529723867775756,0.2702950013945977,-0.3593061968162039,1
-0.3590109532384105,0.27742550508917674,-0.38643396092826876,1
-0.32638366552269326,0.2598902295274117,-0.43593284066053517,1
-0.3260736681959777,0.21032333035349548,-0.4492697408598856,1
-0.1578711017875269,0.03648666584733218,-0.18418164139892296,1
0.185657605111842,0.05670033918832951,-0.19409929241816307,1
0.30496331368659435,0.14644967459979763,-0.19363987138148736,1
-0.2637488170698113,0.09239150420879327,-0.21103671161221255,1
0.04068526496705979,-0.0023561123550365215,0.0804847500658887,1
-0.18433197216592756,0.02092299209939341,0.4759510597382976,1
-0.23524503512717532,-0.0008113345338980338,0.47752758746248946,1
-0.24948578869875781,-0.052646364598009754,0.4715981751521544,1
0.2640772644677405,0.04047542982109942,0.4760600782958337,1
0.3104184857445693,0.018031853125511254,0.4749809354613631,1
0.3528963636636142,-0.02320782044624803,0.4728127755664243,1
0.19662298540797385,-0.0485266305005525,0.40001862964289014,1
-0.13996455752383494,-0.0939107775448037,0.4166673818338423,1
-0.18398999576813313,0.005908618246516006,0.24448873675099594,1
0.2365671900942578,0.015232718396107847,0.21314296986473363,1
-0.0004239426881035291,-0.20263775337041984,0.06083472920644892,1
0.03180612256308413,-0.3771460895008688,0.2003524511010108,1