0.25224134008758836,0.06255607448800937,0.480600798199057,1
0.4265700798103881,0.02114952562656136,-0.1560940981837866,1
-0.278758291286783,0.06495520691649226,0.478042314123444,1
-0.004930816859677126,-0.01819273771403629,0.2417068031553242,1
-0.23300213360197974,0.008634070462040066,0.002563601713374025,1
-0.43378706987032755,-0.009374550804664094,-0.14670773008137594,1
0.2037951331721044,0.016155672026539558,0.007395235861727856,1
-0.007322659170124979,0.1586547929836386,-0.28377110398076244,1
0.1257754152994014,-0.019598807793192563,-0.4943228208228918,1
-0.13195153671199083,-0.01681515124253874,-0.49540163949695737,1
-0.15254421307159105,0.0002672760401315477,-0.16129137972435337,1
0.1342024065980426,0.0018683783983812762,-0.1747207418222958,1
-0.005217942099869061,0.09006756457769201,-0.15062919643507166,1
-0.195334730798778,-0.02281783328095255,0.16083194219314445,1
0.181928531090634,-0.014068735339887617,0.17012746654541533,1