0.013173421996034884,-0.20294544962639882,0.14648456548855715,1
0.20937486383102044,-0.04161289087946729,0.15176232156688307,1
0.21364900349871385,0.039378392061098166,0.12217194222348149,1
0.07584466219072239,0.21584695712132507,0.06900615145166444,1
-0.009912348949759897,0.24130084717111233,0.07352708407543457,1
-0.21853663275031765,0.07892197504713572,0.0916386318342921,1
-0.22700329991190493,-0.02214693193829831,0.10818398138140939,1
-0.07919510136078778,-0.1934474661591421,0.144638982390223,1
0.09701551363326488,-0.0816829739109235,-0.21759584439136348,1
0.09301172993375362,0.007277465289505347,-0.22926823207956548,1
-0.08418849549395735,0.011171799827947914,-0.2523799271522619,1
-0.08892968784344224,-0.07704801065369349,-0.23876739946654202,1
-0.04912124750373437,-0.1137418505538198,-0.21140794518209116,1
0.03748890348550393,-0.12402238091174458,-0.20556857400348827,1
-0.030044708107747064,0.05217705494713587,-0.25715259188323236,1
0.060023515572579456,0.032043247913446815,-0.24127518124834246,1