-0.1039453915213151,0.2960073193294397,0.025373202157077834,1
-0.046359210120021865,0.3107008784929941,0.03513672261404521,1
-0.19323293466495794,-0.11576469357460195,-0.029256000898125522,1
0.2280308967827409,0.04543128346100733,-0.03964147311074381,1
-0.009733969109676221,0.3045469749350954,0.115086783713933,1
-0.12336834785506012,0.26846916881314087,0.12235476968294934,1
0.03332194277422307,0.27702851722220334,-0.11704026385646671,1
-0.18282251962027984,0.2292634596596279,-0.11036637927466075,1
-0.07783928167440623,0.37411541721520686,0.017068738503016822,1
-0.3154128304838295,0.22501646379476625,-0.3063042662548896,1
-0.3186278404860936,0.06162424699863234,-0.19657183480328677,1
-0.17780466596176136,0.31335973751180834,-0.37870407329731637,1
0.017286093176405837,0.3282049290444965,-0.39009626141011533,1
0.2177211533692669,0.17705913494852332,-0.3389015496591464,1
0.09446255120539004,0.18821648993254802,0.25440636849096343,1
0.28505420340358756,-0.09961567993485287,0.07194941875347616,1
-0.07704118815432848,-0.2820285298130283,0.09979275944375887,1