-0.49688583582916723,-0.03270850643082568,-0.013266080307137828,1
-0.15896341129040375,0.11748426808313622,0.11827400883091421,1
-0.08469129812392041,-0.1415832487980018,0.12677714439656293,1
0.0737991417942564,0.03973005324391293,-0.15086436174361373,1
0.003946470294810683,-0.026168662509077817,0.14316355879800216,1
-0.01794259393036679,0.05033193385585122,0.1535517968764193,1
0.16371097811835478,0.07833604289540757,0.12650984371251783,1
0.49772508517851965,0.1301570220198447,0.11775013376198229,1
0.4908932673497084,0.13337474909056457,-0.13579355726720943,1
0.29349594511058185,0.12855134513133792,-0.059645077428300386,1
0.24171011675844078,0.11019083152470454,0.044116696835670405,1