-0.162038214827162,0.34307002945447856,-0.23709008202756254,1
0.009623083386183617,0.4867187292490297,-0.4106647774552865,1
0.09530717228843857,0.49597526131643477,-0.17387735659245995,1
0.09278142320864546,0.3087842037400872,-0.09951671078272461,1
0.10526074482054515,0.18380184413897194,-0.021500202756078668,1
0.1490012514460437,0.20551211130657698,-0.1944962050635165,1
0.1728711646557799,0.3123563941946987,-0.2872206398598087,1
0.17233179570584367,0.2707182844047473,-0.12276123046506038,1
0.09121588994336394,0.36802515499186516,-0.3174883666496813,1
-0.031196174120621034,0.15557314727535754,-0.28441826702190487,1
0.039074442279736665,0.13200043800250771,-0.27243504608083,1
0.1295780417057837,0.13627198293042797,-0.2538580060319533,1
0.19089750487508406,0.11170195651340586,-0.19959722735691254,1
-0.11447863540418201,0.13994476045597393,-0.16229977201912815,1
0.020785566121147347,0.20951182612622254,-0.28440196351903413,1