0.2336987148033618,-0.14308798900392214,0.11999878663207042,1
0.2368103655760745,0.06467701402277903,-0.38118907397949364,1
-0.41240512402424256,-0.021433712533982074,-0.4231115722436197,1
-0.03488889054892197,-0.15603538383370763,-0.495552081052135,1
0.12098343315868387,0.3297270062179658,-0.3073406131235697,1
-0.2923475145998443,0.3763996283276274,-0.2641861380467597,1
0.16027509700268627,-0.06885874643928974,0.4189312954355344,1
-0.31341767361603034,-0.05280798728020142,0.46108477684444476,1
-0.12824174953752498,-0.42429070255461454,0.29730935152989746,1
0.4331316024533139,0.02069044022128569,-0.3384747316247827,1
-0.2791235285108362,-0.326405249983599,0.2899498423095226,1
0.028943045766273934,0.04989193563915806,0.4318971030404841,1
-0.27187291254528123,-0.01040141006903017,0.42995915485820635,1
0.07401704535842568,-0.31528150513792,0.2894799653183301,1