0.41465499776446685,0.03382820319300944,-0.28751236502727545,1
0.174332306366475,0.10597824218633989,-0.4640198321967879,1
0.18841749493516846,-0.06755636040742308,-0.46254026607702203,1
0.3158022911006451,0.055444911645739836,-0.19107526740689518,1
0.2287136380599446,0.1265364430006829,-0.3449904241436863,1
0.22033321894811264,-0.06591091929338738,-0.3189327544397693,1
0.19086959036874074,-0.11992276702834736,-0.4539619173113305,1
0.12228923879346753,0.12290174449007907,-0.4854054199296778,1
0.20510894056187884,-0.010224630891423058,-0.128687276390596,1
0.2200964180991677,0.1279874357658346,-0.10949301487943841,1
0.15440516458490427,0.1690322144577019,0.06968815719762611,1
-0.19558850827892651,-0.053186095754428564,0.12920944177806454,1
0.19578526165271637,-0.07384750974360955,0.0764196408755845,1
0.46317365467644755,0.0306615809100359,0.2814506036082167,1
0.49401062043793864,-0.030286335542819564,0.30493961725191543,1
0.2343355277616288,-0.058636499749901816,0.15463479709765337,1
-0.09086565344511665,-0.05741454327904805,0.4613376905520603,1
-0.2283358768951873,-0.02551832751023947,0.3188101828740719,1
-0.4068633784074476,0.11044107648684154,0.2952639993741686,1
-0.36017670277214186,0.11392900488068491,0.4718365619312621,1
-0.4076624961830899,0.1580567448820256,0.3162781650521973,1
-0.24162414973016688,0.18222092593737182,0.07767491133024928,1
-0.36295635621409033,0.04544259207667467,0.06675878384370337,1