-0.002070715007532864,0.02468606716664884,-0.49011156964513036,1
-0.00019446319179450278,-0.024765943810834745,-0.49246350580414166,1
-0.011305603205286798,-0.02337720786140136,0.009048325538261657,1
-0.020978859601161793,0.013197687118287528,0.011426912442465103,1
0.019782457110059867,0.003397429232257887,0.012038243008312465,1
-0.09548698589017154,-0.11060366793826512,0.05102914478006987,1
0.11926763695586362,0.07923449494604212,0.04341980114244237,1
-0.12148715108094607,0.07594474917122423,0.04585152279045458,1
0.08360399346689678,-0.1050122731173031,0.03637427899015212,1
0.03561379164379566,0.1288314350842773,0.03649326897886446,1
-0.14512327898138993,-0.018638130911559747,0.042767564855310414,1
0.13631856483681898,-0.017082782014320896,0.03788810715767321,1
-0.007553860086221734,-0.13591453483322996,0.037395670813695436,1
-0.0943672340918773,0.12855379953516355,0.48560391873970704,1
-0.016957659728704,0.1576849771880342,0.4840712744973788,1
0.062461851158153836,0.14696700414650232,0.4852563610850875,1
0.12245969169148929,0.09675436989872921,0.48761427113963673,1
0.15765854410203994,0.031365766285657015,0.48449315042712054,1
0.147981294964727,-0.039458072000326805,0.4884501232163919,1
0.1080907799183497,-0.10321033506039745,0.489816951134881,1
0.05275701389467807,-0.1425075386127932,0.4888901401314759,1
-0.023505482455128845,-0.1492857409405568,0.4898142144850723,1
-0.09449994452755739,-0.12460076980409862,0.4875136172940782,1
-0.14685661595689092,-0.06598890384153755,0.48471294043120316,1
-0.16573090864268636,-0.0026137893549775803,0.4804810232438128,1
-0.15201456381425493,0.06559334771693681,0.48229913910319483,1
-0.05348299383261751,-0.057394343196270126,0.3923788270742773,1
0.021604085231744285,-0.09619324996025336,0.3916452605535297,1
0.10341005068386877,-0.017635037519345253,0.39266050969874033,1
0.06938572033015933,0.07577347302585258,0.41000463337601106,1
-0.040836800643860194,0.09051496476661325,0.3968650993533933,1
-0.10568446585222968,0.015453325256712391,0.40575830370566923,1