0.4252038543064267,-0.48164809386486107,-0.23332012252687217,1
-0.4410413248476428,-0.489733501543717,-0.23595671796254436,1
-0.4669057505026464,-0.18881122996820293,-0.30719149045930916,1
0.4746383537201311,-0.20817540245675725,-0.3082942046659456,1
0.4311683421142696,0.41779487525143954,0.07612855807803287,1
-0.43941941978950755,0.41570988559313004,0.09218312624927138,1
0.00626936278109369,0.42358030002852453,0.16649989841585633,1
-0.0010122563628391923,0.4864648397267403,0.09537344221492039,1
-0.320580142915486,0.31800257080176486,0.3015003873924229,1
-0.11454447168723572,0.3089611863762132,0.2941797365467582,1
0.1182281807098996,0.3261776466256494,0.29971731549338543,1
0.3251683600872399,0.3130118183187385,0.2996005843694469,1