0.38765264175529923,0.0918713913281875,-0.3223728511512438,1
0.3866108785247353,-0.09064593999461196,-0.32196989888649496,1
0.31526766373230863,-0.12944311564771116,-0.280641838671271,1
0.31583406070225206,0.13229866616758423,-0.27774514739334627,1
0.4944430054186597,-0.0009425203727229103,-0.15291028789113925,1
0.1373206099598887,0.09722671309406192,0.30834027110181194,1
0.13302874493301697,-0.0838404452155781,0.3058509423611362,1
-0.3771382009297456,-0.1145162352946405,0.29807083929076866,1
-0.37297821512515217,0.12980736469840082,0.31363696549693687,1
-0.35692542603176985,0.05851826960909712,0.1537435026718199,1
-0.31159618700064473,-0.0361100418833753,0.153888071836608,1
-0.3041353024198296,0.04943507767245814,0.15712201265335968,1
-0.36637612200111213,-0.04430218503147332,0.16119963453438624,1
0.05773883905262883,0.060928731018508264,0.1158326306340598,1
0.04794822464556825,-0.07430932290802139,0.13192209780527175,1
-0.399188269193266,-0.10152804100593426,0.1413448183499486,1
-0.40719679786903995,0.07385577181322578,0.14930611214549394,1
-0.4715242852203181,-0.00839299135699445,-0.23646502037915518,1
0.17487091637964228,-0.009458522158719784,0.10645922526206486,1
0.31204641188512783,0.009872578816251698,-0.10751463924377968,1