-0.2072427408580275,0.0713291382442661,0.4777438428214803,1
0.17542443978164565,0.08103071504177203,0.489389498923567,1
0.17568106140895956,-0.1967279713765725,0.4175605383986415,1
-0.1873285425529101,-0.234391822601485,0.405604843915869,1
-0.23047240514087402,0.14337431275884627,0.12077030076235728,1
0.2059667663457397,0.1468395339972619,0.13569672584711556,1
0.21345815132339674,-0.127156543723407,0.07588788964094739,1
-0.16424014030808331,-0.19516353754259663,0.045196629350977346,1
0.16756815854842077,0.2506336782294374,0.11204782283412728,1
-0.18667678888282946,0.23041002620689488,0.0905238119017957,1
-0.1809184529043233,-0.12231821487466821,-0.033558105202476485,1
-0.08580804705220074,-0.11244922718472905,-0.029801363478026754,1
0.0032547157969052276,-0.11090154142026126,-0.029835947013096248,1
0.08842823151482792,-0.10735253688882662,-0.0279036578136328,1
0.19539873684196812,-0.09738556041555268,-0.025691729857818757,1
0.17863899078760775,-0.04412220839591319,-0.28833591873636344,1
0.08494776460364378,-0.04061123764808916,-0.3025204303948995,1
0.01732087767012863,-0.04288174480989865,-0.30342500674700923,1
-0.08096008520236658,-0.044808908679070614,-0.31606533039645634,1
-0.16694023868302044,-0.05865644247254975,-0.31489285644082465,1
-0.21037795329307263,-0.05185911070004767,-0.47768398046675564,1
0.21000766811402083,-0.02369989806234951,-0.4511244915909516,1