-0.4822220155625405,-0.04084061679117568,-0.13289115787798344,1
0.01878707600925633,0.019884903537310205,-0.2434212060907619,1
0.2719067880002215,0.029505982726629076,-0.10081812520036948,1
0.3374968968028105,0.01945577124983533,0.11160128875226904,1
-0.2923646915486301,0.03915329506896992,0.10851709911385199,1
-0.27254157575664095,-0.06512985160688611,0.04381357179493328,1
0.247647260469403,0.09346010271835858,0.22641336823097957,1
-0.0031893192661578417,0.22179897431712447,0.23836777602286457,1
-0.18406663789460875,0.008559565017243642,0.24137914513069464,1
0.08523237719876353,-0.2238458920178683,0.2291895364188163,1
0.06813402201288776,-0.20821191121657945,-0.13311059906000444,1
0.24483129097446982,0.00817234790446597,-0.13221611830699487,1
-0.00908217008395873,0.19875668058746365,-0.12862694971931154,1
-0.18793223193398312,-0.009675152423415323,-0.13473473575152406,1