-0.4728106429949901,0.2279151450372945,-0.20798718155483775,1
-0.37555389273709305,0.1028807477506799,-0.4009464739300568,1
-0.46325852108430554,0.04482869174914672,-0.39572535723879265,1
-0.3487321556114974,0.00328995162496315,-0.21177294674422442,1
-0.09986765632651817,-0.19088831839580345,0.3978040390057797,1
-0.2188702669469157,-0.007906615744075806,0.40984279230549286,1
0.3465583139594336,-0.19102228392576892,0.40673462877039346,1
0.45035631109623364,0.014794641459933366,0.41361386711779024,1
-0.14534141719536198,0.03343892404116522,0.09342937640836757,1
-0.1800743748228133,-0.15933844384888696,0.07757522159576835,1
0.28713999800863704,-0.20702679230909265,0.04651282659160838,1
0.39336044012840543,0.020999012997936273,0.029202651658134737,1
0.4469173755567101,0.02188169087176184,0.14729758074304816,1
0.3294191350473117,-0.15107029413262174,0.17307596029654304,1
-0.19191007022887416,0.010258693432165455,0.21750216638541814,1
-0.1331432332866711,-0.1634325822074394,0.19485769134286748,1
-0.2452456814203728,0.008454570799240723,-0.14120502671783275,1
-0.13751357757708396,-0.040806649104337483,-0.22992890488808,1
-0.2440751129764962,-0.14955452013028103,-0.1089746727894072,1
0.17467315119538357,-0.19383992271119954,-0.023539209605847544,1
-0.07654001367867921,-0.1418688016015484,0.04588034468896862,1
0.20552796343980173,0.029721967340494704,-0.017041517092424296,1
-0.09207300613510619,0.007641552453726219,0.039412674288413385,1