-0.037734818584779894,0.23938692192294653,-0.28573965996724526,1
0.09012749214825089,0.23031704156871635,-0.26905887658726546,1
-0.037950414246806674,0.224682027122282,-0.15125596081427783,1
0.06659718840853923,0.29463005954608823,-0.17131705408083597,1
0.04010757911791751,0.3406971179289966,-0.26389937558012555,1
0.10613322084515175,0.10455675492171967,-0.3006280211858443,1
-0.06456911783977803,0.09150867719238853,-0.2989270841544456,1
0.13031350305797207,0.10725174571319984,0.2396352259610186,1
-0.09294045386767258,0.08609380459287216,0.2488716669515033,1
-0.1498207283039459,-0.05308652754311416,0.23974504477308062,1
0.18434332295264077,-0.03088204385922788,0.23774492340924658,1
0.38380492496452856,-0.2747339251395857,-0.4692298149623138,1
0.3866982956430869,-0.307439898646674,-0.4066979177531528,1
0.3424415571803787,-0.3180022793066266,-0.3153392314859209,1
0.30913815703338265,-0.3156429600851478,-0.24429323868393826,1
0.249561756964084,-0.24568613770813874,-0.14328630214179236,1
0.20318839798932586,-0.16905152626875708,-0.08766927515107248,1
-0.15621948456921425,-0.217207865472851,-0.08250858062040145,1
-0.20235626980698051,-0.2509202558784162,-0.13673271118942898,1
-0.23740645866684296,-0.2718822031816733,-0.1986028443350265,1
-0.297389947813934,-0.29285776306719335,-0.2969662162104687,1
-0.33441317502162504,-0.27986692636833754,-0.37892510771557175,1
-0.3851542555653511,-0.25226915999059573,-0.473847516988263,1
-0.18374652826016022,-0.0036269647079941736,-0.2051435449424412,1
0.21701215028825776,0.029369006243338935,-0.2347228833647905,1