0.2755535193353315,0.019295597001474096,0.022049664763308385,1
-0.23530494219402664,0.00042132025109342663,0.02443696984602657,1
-0.06969335982144037,-0.0029843566953811073,-0.27191549006816795,1
0.09767464808530113,0.010274623221789736,-0.2713138315752265,1
-0.027192815609697385,0.04998007426293448,-0.2278477062176596,1
0.06462358490215381,0.05321034372104233,-0.22889935668117806,1
0.0010545202695850797,0.04417947960119495,-0.43097839544417776,1
0.04757949523095539,-0.023743597717451714,-0.43068887544364925,1
-0.03165161436238906,-0.03095873416366879,-0.4234798979270116,1
0.0014198845113137237,0.035510007193483836,-0.39584624266314355,1
0.1430764739072321,0.07353772657050861,0.4830021033883315,1
-0.07775660262009348,0.08725821905278635,0.48160225993842914,1
-0.05873697245032794,-0.048496515601706536,0.48620849938498356,1
0.11985367876191066,-0.05881473359384204,0.4908250942069534,1
0.009835570780789143,0.01461505560033674,-0.014923252094045401,1
-0.05296385286136607,-0.004265876764409926,0.1754239760345733,1
0.0744142524256089,0.005882647505786376,0.18444585349397832,1
0.12284409014455197,-0.03881243068188231,0.40638659461645976,1
-0.0746748829028131,-0.012941920611934124,0.40616138297056636,1