0.2570867149360696,0.002255919009562346,-0.45910725912648864,1
-0.25131900949806063,0.0033022385734025605,-0.4546933888967515,1
0.2097941868733988,-0.1499377206539514,-0.05235022775145304,1
0.21165221986310056,0.28554991849771105,0.09828581104438977,1
-0.18866643945015138,-0.1454872292840066,-0.054451899408980986,1
-0.18842703823357265,0.26660694498161863,0.08635819697296321,1
-0.19557723786675662,0.05786125539769538,0.4861093391367671,1
-0.19627925443243432,-0.31425858911248416,0.30885606360576584,1
0.21643997411476512,-0.31384019501078164,0.30938738933640985,1
0.2190554413103607,0.08030473645922953,0.4890299688720898,1
-0.17655050030542152,-0.0761871818822275,-0.30147646133104544,1
0.19251457435821262,-0.053267001341314124,-0.3048629746256759,1
-0.18769896869850305,-0.12141577863406728,-0.12828887938916464,1
0.18548961510838102,-0.14242052748475498,-0.12997885233659834,1
-0.2733932902379155,0.27876160282186823,0.03323090603600054,1
0.2748378543023199,0.27626823621264584,0.03382297179999538,1