0.08628099187798554,0.4273798623814207,0.17595721742245374,1
-0.05177106474700288,0.42355030404395977,0.17508504617830778,1
0.060355409200184784,0.41964331484147216,0.2589434819824378,1
-0.04004470268922257,0.41491489550688615,0.25327045432035605,1
-0.10002549767160126,0.42091998602886754,0.013374793131146811,1
0.1433622003912495,0.4132165965463876,0.03054393272092243,1
0.01426673899090286,0.4925263472911133,0.14909338049346257,1
0.08838646205557399,0.246474214390078,0.40978747736045257,1
-0.08721657469096344,0.22954496794009138,0.40209611241243303,1
-0.25056609578743716,0.21841942413250215,0.04936716890605694,1
0.2540387234725429,0.22252291813083322,0.041853767685359644,1