-0.06776062557991258,0.08222091395722675,-0.3393816663328617,1
0.15075122126844143,-0.0438558538480934,-0.42832809386321013,1
0.36801929236393293,-0.2161582439791463,-0.20088022608204348,1
0.37517495786030297,-0.22931643200370377,-0.006355982600989574,1
0.36019015549493005,-0.24593362397707352,0.20848469873044006,1
0.3955709284779445,-0.1898280781221846,0.2065824555405631,1
0.370407783476729,-0.07924732930679945,0.4805067402907577,1
0.3312963400400255,-0.12348949457003333,0.47995824375531803,1
0.24463808706623213,-0.23553039851551727,0.48311549222707173,1
0.2382815049514886,-0.28907301012411146,0.4853572086731861,1
-0.054210394548251106,0.02178273395115659,0.2361717903090368,1
-0.019479204816623685,0.06784734533816117,0.23489166928058547,1
-0.04578431907746694,0.1764822914768116,0.4892853517430507,1
-0.09060834269956586,0.1417544303607714,0.48696918659426935,1
-0.1541866418389235,0.033231214580061064,0.48389481436293047,1
-0.16354490725156978,-0.013233983068310806,0.48370580424825554,1
-0.1876167216872197,0.20214201867842085,-0.49148559903003486,1
-0.2578553029772357,0.0977289934807648,-0.4912445920273143,1
-0.35978241186476345,0.19189071422555237,-0.4687396889706146,1
-0.32407239739909044,0.248070652177374,-0.473064886475986,1
-0.4073369560741966,0.2621578744801847,-0.46513439768639464,1
-0.438649827539475,0.28640008331414,-0.3954148580432104,1
0.2739471597367924,-0.119006386887901,-0.10353380118702882,1
0.20996764463680417,-0.17664503965861522,-0.10035123892169495,1
0.24008086228700787,-0.008678700383081938,-0.13473865720397082,1
0.012694801512309617,0.10403952531994045,-0.01858072346138251,1
-0.07065206944913593,-0.03845275714855667,-0.016596977080235553,1
0.1579411515539133,-0.22058186901252386,-0.10334154836475023,1
-0.18302730926059318,0.14332550569964786,-0.23628982528259001,1