0.04886215782410108,0.3221143142185974,0.04413766781474315,1
0.06891044914728184,0.20141540916961287,0.0627670280927648,1
-0.056928453883986485,0.2583178158266839,0.050906459597396925,1
0.12924902297232524,0.2819564950390905,-0.0377242584750172,1
-0.04082132669379379,0.34594515045866103,-0.052885690852733536,1
0.12507521566672242,0.046501870494780606,-0.104029387632806,1
-0.18740149228502956,0.1727768842345867,-0.14033453457143707,1
0.04119072154034864,0.40600921333932116,-0.37651760652295807,1
0.176841383657508,0.34165745961751686,-0.3561082241542173,1
-0.2318592324369856,-0.09782129081103724,-0.20870989475812415,1
-0.16605243361577915,-0.1826701461793636,-0.2356145350036778,1
0.187174050083054,0.07840498784384997,0.39793666679661266,1
-0.2612819916448535,-0.21154087304496455,0.4103348870830051,1
0.041447138760624225,0.040007351658506995,0.0961937460635773,1
-0.17565614661105597,-0.09369059851751804,0.029605255409735465,1