-0.006962857987210247,0.015287194994651823,-0.08476363247591056,1
0.00777094885900792,-0.06314157552742522,-0.010923862463727911,1
0.039335963165171184,-0.022270616402767604,-0.00382580206410299,1
0.00152840190590256,0.014158101304144937,0.011605659506161575,1
-0.03732806945400435,-0.012298803939536751,0.005338878334361696,1
-0.02695435747422814,-0.05339661736352708,-0.011739418998965411,1
0.03335269041160113,-0.044369907653060814,-0.00976717190194229,1
0.02980416222675754,-0.0049693220919753145,0.00889343252486488,1
0.043269984594263455,-0.20166337893510078,0.33164993732292336,1
0.021302560877737353,-0.2488107797180092,0.30250775916546524,1
-0.046062222286373466,-0.23024176282818542,0.3174322195728194,1
-0.011664134120240366,-0.17548132872115202,0.3437950632480884,1
0.268196239387013,0.026366201490894525,-0.4295533293973728,1
-0.05873048964869598,-0.10266010121333191,-0.49781972273693986,1
-0.2998229712860714,0.20155222845294407,-0.32515920208168625,1
-0.06435992495047715,0.43098459574568526,-0.19613087290293674,1
0.24119261200122055,0.34603691981791873,-0.24843341613680414,1
0.21747149396550552,-0.2912209294811716,0.3679986881788135,1
0.06619462306760049,-0.4362862234135618,0.28671910329062555,1
-0.17856931685751398,-0.3753468124950903,0.3139340551391214,1
-0.21320110349030408,-0.1811827238776642,0.42887093229108153,1
0.047343297776564874,-0.06030195851960185,0.497832882745715,1
0.1842397060538712,-0.14419295261199694,0.4521407923924292,1
-0.07648284994912746,-0.06660970841991887,0.4955335775500638,1
-0.21914904927143586,-0.2994427086405709,0.3621835685489957,1
-0.057724731889073344,-0.43904738899258333,0.282885058536096,1