-0.29574874655571825,-0.025692957905117275,-0.08353353348238587,1
-0.3211526692145532,0.04963347697872944,-0.02953131703629333,1
0.019844006738460706,0.10536732317600558,0.03723874093872906,1
0.10497152034521623,0.10538637154900632,0.060453888795667376,1
0.14247865905078633,0.02137966850494699,-0.006798737615232531,1
0.050738573266987386,-0.0027028292147369126,-0.05350132532532137,1
-0.054675451432749655,-0.021308895893244806,-0.036380150726320615,1
-0.06015269471041393,0.08225748215314298,0.02967485577893865,1
-0.08306964571096807,-0.2867970269496707,-0.06060608419069036,1
0.0746423949284942,-0.2286902335620924,-0.039216431082114145,1
0.2616274324842467,-0.22008548791420512,-0.007850709146153711,1
0.1574544978549852,0.21396932676367641,0.2816615690004656,1
-0.04472241183264132,0.16898760310076982,0.24902556602194081,1
-0.23489011293738457,0.13380463152837096,0.2292277432423031,1
-0.4862271651088934,0.16905654393829472,-0.16075929330265004,1
-0.4338866384507194,-0.01896473260852405,-0.2892573541877823,1
0.2283805128548327,0.023238279505332804,0.08434773977886292,1
0.2153052935326994,0.09041968917826737,0.09720159947110951,1
-0.16505777781011477,0.026444442015743363,0.04983763567626409,1
-0.14900264961196585,-0.06403791456876001,0.004968080848310352,1