-0.2060779619609976,-0.06578730242121522,0.3995638008784923,1
-0.018205861336448414,0.140208505611068,0.43606858743408816,1
0.405886935352922,-0.21614283369394194,0.3017204683194308,1
0.22560619317250996,-0.4241800906409354,0.26338865207716466,1
-0.19313341062388356,0.04128632889218975,0.06467684771116261,1
-0.08201792407028557,0.191416594617158,0.10969563033565263,1
0.26992376974959275,-0.152897713884182,-0.37987165648870213,1
0.24622107622971856,-0.3528723372996125,-0.06101818897982669,1
0.39397539081115873,-0.18242461348484817,-0.03399766549561334,1
0.1749848055215003,-0.12186800630034966,-0.16700519053210877,1
0.02512111347475593,-0.09099280925239927,-0.1681894056076514,1
0.10796588820987196,-0.0007908284950060573,-0.12805123163923326,1
-0.27179736751603656,0.4322370056480871,-0.41339438672803474,1
-0.37700872645183025,0.3056055150271133,-0.4320653045286251,1
-0.45553467899667205,0.44864562486106374,-0.21779837373002042,1
-0.46492335095833414,0.46468392744974074,-0.30196963404352406,1
-0.3480623895411887,0.36165882711969205,-0.22448156889969772,1
0.18482108719346124,-0.11061348933930537,-0.28232459192404835,1