-0.49899385759118975,-0.07676299760818583,0.002911939387332474,1
0.11218591345077977,-0.026469844148212074,0.4308949170863452,1
0.255826454814412,-0.025782638075041664,0.4329877179908226,1
-0.2021843796007293,-0.028248260264196467,0.06153892716119147,1
0.15282991934584097,-0.02955038883047123,0.06422410047226323,1
0.14666256972066738,-0.02121580578207949,-0.043406892124635776,1
0.2542018096972213,-0.020385811508769613,-0.417226731573451,1
0.11258475974076545,-0.02079126497018771,-0.4273155157573538,1
-0.20799321815450925,-0.019157312481411323,-0.04629180342412829,1
0.4992267820302283,0.08419062734402516,0.002874891993555284,1
0.4138154501896545,0.09234242384112701,0.004743182339480789,1
0.47984110702665816,-0.032456641030121525,-0.17317576510964994,1
0.4223022180689142,-0.03366569531157251,-0.17918799454118028,1
0.4798206495098406,-0.031679581742301455,0.17507558118016053,1
0.4311886432077877,-0.0325753363813539,0.1798020070001014,1
0.35042800182472966,0.0005208931393571592,0.0181800346667384,1