0.3958429264120819,-0.08527200445588456,-0.3002496214861551,1
0.3861582962468723,0.07807319572659699,-0.3022034158854052,1
0.3209001938323434,0.1266779572797163,-0.24511811162964436,1
0.322607908454233,-0.09821518091487806,-0.23160675605958095,1
0.49410258678115654,0.0061956548054658,-0.17416162712532523,1
0.49112545608759916,-0.02050315463288821,-0.16707998230703647,1
0.40458087358044303,-0.048865496461846014,-0.22294191191231216,1
0.4088362834334471,0.04519210239259008,-0.23279559969502195,1
0.15035649611762083,0.09084553063944386,0.2962228504630924,1
0.14327058906766998,-0.08715880590211844,0.29880924363068917,1
-0.34414479928536634,0.11953821060910297,0.30531251154079786,1
-0.3339883287755918,-0.09107146510251152,0.30078412397884624,1
-0.4881273630640608,0.012661149243237801,0.11299622417401855,1
-0.4037761435076038,-0.011196248323205648,-0.2257049985578632,1
-0.38590894143307963,-0.06273984113752107,0.12352489118404364,1
-0.3823206195220553,0.0667074735279225,0.133035644979262,1
0.08923178162328615,0.06076816238393046,0.11539360253157871,1
0.078845691207414,-0.06692703658220889,0.13543434111835087,1
0.18340679989850092,0.04001715998736757,0.10055744706106573,1
0.19164376930824237,-0.03716787299701854,0.09179108367121902,1
-0.2772618778678462,-0.039836879165319194,0.16316200817003112,1
-0.3252473112884635,-0.04456082225420266,0.16466060189116494,1
-0.3296808734642963,0.05513712262926229,0.156669156025456,1
-0.27766448373396746,0.04111686107853463,0.16278951556481924,1