0.3251197710407709,-0.14314634557729322,0.4589965993390357,1
-0.060300876066600645,0.0082593928509338,0.49762055371000446,1
-0.3393341761724864,0.32040762524573285,0.13070614417185933,1
-0.4709118618487471,-0.05902918436643165,0.04453234720606947,1
-0.3052931355181361,-0.1566182640425567,-0.397250761785819,1
0.1378440665736047,0.1308363905094554,-0.39017579210950614,1
0.1904754791614396,-0.1316200255896467,-0.48580619934563884,1
0.4656802825311859,-0.22357607774539545,-0.07874808821937407,1
-0.05803204500394299,-0.08160162943735738,-0.043016939564479106,1
-0.036303066169333376,-0.022584354962197572,0.053177108647080445,1
0.02441598151976454,-0.1456304422692387,0.10381194041715114,1
0.0861218580219818,-0.1546375331541101,0.03216257214882659,1
0.1022918732205858,-0.1681362492862133,-0.0727480535538203,1
0.10050357776243177,-0.10116309432619963,-0.14677113317798682,1
0.01385515920179381,-0.031473208521195506,-0.1926416166416972,1
-0.044602703428071794,-0.12661658798712821,-0.09640261303404313,1
0.06955667371293528,-0.017921615035229488,0.09864474345785656,1