-0.1730439917283747,0.14922151159423658,0.4540485791442812,1
-0.2192701532398273,0.04977216382473648,0.4542251160312054,1
0.2509021225442472,-0.22553845905651237,0.45462314462896946,1
0.337506182166449,-0.06748382260915753,0.45393762821473715,1
0.46173110746449453,-0.23359255619412122,0.1504632299293922,1
0.35680133289186466,-0.15699390469433627,-0.16511928129342213,1
0.41099511553639245,-0.0954566405863313,0.21155196614745097,1
0.3251981348644055,-0.2701180869190287,0.20017303084921156,1
-0.15570749003942963,0.02432908536856671,0.09719131924456548,1
-0.09518324273765755,0.12050331662802917,0.08330302872742945,1
0.15436901381636867,-0.1826585011967853,0.07977377616526974,1
0.25170616566958104,0.0054876324024806244,0.0731374900246935,1
0.32607047707064906,-0.18796650012876784,-0.18295576971734517,1
-0.09298098013203182,0.04533914840818243,-0.2665054458758943,1
-0.4795110083676972,0.2540432511882251,-0.16743703241019592,1
-0.4888408765567378,0.19409110131534568,-0.4448609007171689,1
-0.44949953884066973,0.27464181578507274,-0.4454269965606872,1
-0.49781962183233313,0.18685521242196823,-0.3230764425422201,1
-0.45012752379792653,0.27999356374676054,-0.33355506346663954,1